1,2,3,4,5,6,7,8,9,10,11,12,13,14,15,16,17,18,19,20,21,22,23,24,25,26,27,28,29,30,31,32,33,34,35,36,37,38,39,40,41,42,43,44,45,46,47,48,49,50,51,52,53,54,55,56,57,58,59,60,61,62,63,64,65,66,67,68,69,70,71,72,73,74,75,76,77,78,79,80,ch,pw,path,s_ase,e_ase,s_osnr,e_osnr,s_gosnr,e_gosnr
0,0,0,0,0,0,0,0,0,0,0,0,0,0,0,0,0,0,0,0,0,0,0,0,0,0,0,0,0,0,0,0,0,0,0,0,0,0,0,0,0,0,0,0,0,0,1,0,0,0,0,0,0,0,0,0,0,0,0,0,0,0,0,0,0,0,0,0,0,0,0,0,0,0,0,0,0,0,0,0,47,-17.016159227912297,240.001,5.318083715795204e-08,5.318083715795204e-08,25.7262890761643,25.7262890761643,24.345198255817053,24.345198255817053
0,0,0,0,0,1,0,0,0,0,0,0,0,0,0,0,0,0,0,0,0,0,0,0,0,0,0,0,0,0,0,0,0,0,0,0,0,0,0,0,0,0,0,0,0,0,1,0,0,0,0,0,0,0,0,0,0,0,0,0,0,0,0,0,0,0,0,0,0,0,0,0,0,0,0,0,0,0,0,0,6,-17.016081824168275,240.001,5.261848421155326e-08,5.261848421155326e-08,25.772534844385795,25.772534844385795,24.36637847386061,24.36637847386061
0,0,0,0,0,1,0,0,0,0,0,0,0,0,0,0,0,0,0,0,0,0,0,0,0,0,0,0,0,0,0,0,0,0,0,0,0,0,0,0,0,0,0,0,0,0,1,0,0,0,0,0,0,0,0,0,0,0,0,0,0,0,0,0,0,0,0,0,0,0,0,0,0,0,0,0,0,0,0,0,47,-17.016204397976978,240.001,5.31804691349518e-08,5.31804691349518e-08,25.726273960329635,25.726273960329635,24.332885622604724,24.332885622604724
0,0,0,0,0,1,0,0,0,0,0,0,0,0,0,0,0,0,0,0,0,0,0,0,0,0,0,0,0,0,0,0,0,0,0,0,0,0,1,0,0,0,0,0,0,0,1,0,0,0,0,0,0,0,0,0,0,0,0,0,0,0,0,0,0,0,0,0,0,0,0,0,0,0,0,0,0,0,0,0,6,-17.016137940815184,240.001,5.2618031847590654e-08,5.2618031847590654e-08,25.77251606443154,25.77251606443154,24.351012855536737,24.351012855536737
0,0,0,0,0,1,0,0,0,0,0,0,0,0,0,0,0,0,0,0,0,0,0,0,0,0,0,0,0,0,0,0,0,0,0,0,0,0,1,0,0,0,0,0,0,0,1,0,0,0,0,0,0,0,0,0,0,0,0,0,0,0,0,0,0,0,0,0,0,0,0,0,0,0,0,0,0,0,0,0,39,-17.016422987792524,240.001,5.306884355039712e-08,5.306884355039712e-08,25.7351807741562,25.7351807741562,24.273788052306926,24.273788052306926
0,0,0,0,0,1,0,0,0,0,0,0,0,0,0,0,0,0,0,0,0,0,0,0,0,0,0,0,0,0,0,0,0,0,0,0,0,0,1,0,0,0,0,0,0,0,1,0,0,0,0,0,0,0,0,0,0,0,0,0,0,0,0,0,0,0,0,0,0,0,0,0,0,0,0,0,0,0,0,0,47,-17.01643595396583,240.001,5.3178582627323726e-08,5.3178582627323726e-08,25.726196467363998,25.726196467363998,24.270307585155035,24.270307585155035
0,0,0,0,0,1,0,0,0,0,0,0,0,0,0,0,0,0,0,0,0,0,0,0,0,0,0,0,0,0,0,0,0,0,0,0,0,0,1,0,0,0,0,0,0,0,1,0,0,0,0,0,0,0,0,0,0,0,0,0,0,0,0,0,0,0,1,0,0,0,0,0,0,0,0,0,0,0,0,0,6,-17.016168297976698,240.001,5.2617787137535125e-08,5.2617787137535125e-08,25.77250590499886,25.77250590499886,24.342723109885917,24.342723109885917
0,0,0,0,0,1,0,0,0,0,0,0,0,0,0,0,0,0,0,0,0,0,0,0,0,0,0,0,0,0,0,0,0,0,0,0,0,0,1,0,0,0,0,0,0,0,1,0,0,0,0,0,0,0,0,0,0,0,0,0,0,0,0,0,0,0,1,0,0,0,0,0,0,0,0,0,0,0,0,0,39,-17.01648911953539,240.001,5.30683059081051e-08,5.30683059081051e-08,25.735158641160588,25.735158641160588,24.256065512898857,24.256065512898857
0,0,0,0,0,1,0,0,0,0,0,0,0,0,0,0,0,0,0,0,0,0,0,0,0,0,0,0,0,0,0,0,0,0,0,0,0,0,1,0,0,0,0,0,0,0,1,0,0,0,0,0,0,0,0,0,0,0,0,0,0,0,0,0,0,0,1,0,0,0,0,0,0,0,0,0,0,0,0,0,47,-17.016528543018275,240.001,5.317782833005036e-08,5.317782833005036e-08,25.726165480078784,25.726165480078784,24.245534654463743,24.245534654463743
0,0,0,0,0,1,0,0,0,0,0,0,0,0,0,0,0,0,0,0,0,0,0,0,0,0,0,0,0,0,0,0,0,0,0,0,0,0,1,0,0,0,0,0,0,0,1,0,0,0,0,0,0,0,0,0,0,0,0,0,0,0,0,0,0,0,1,0,0,0,0,0,0,0,0,0,0,0,0,0,67,-17.016408109383477,240.001,5.345342188149196e-08,5.345342188149196e-08,25.70383676772583,25.70383676772583,24.27778524144566,24.27778524144566
0,0,0,0,0,1,0,0,0,0,0,0,0,0,0,0,0,0,0,0,0,0,0,1,0,0,0,0,0,0,0,0,0,0,0,0,0,0,1,0,0,0,0,0,0,0,1,0,0,0,0,0,0,0,0,0,0,0,0,0,0,0,0,0,0,0,1,0,0,0,0,0,0,0,0,0,0,0,0,0,6,-17.01627118182591,240.001,5.2616957795445355e-08,5.2616957795445355e-08,25.77247147357825,25.77247147357825,24.314744906171523,24.314744906171523
0,0,0,0,0,1,0,0,0,0,0,0,0,0,0,0,0,0,0,0,0,0,0,1,0,0,0,0,0,0,0,0,0,0,0,0,0,0,1,0,0,0,0,0,0,0,1,0,0,0,0,0,0,0,0,0,0,0,0,0,0,0,0,0,0,0,1,0,0,0,0,0,0,0,0,0,0,0,0,0,24,-17.016440397420244,240.001,5.286274373852589e-08,5.286274373852589e-08,25.752062596617268,25.752062596617268,24.269115482379174,24.269115482379174
0,0,0,0,0,1,0,0,0,0,0,0,0,0,0,0,0,0,0,0,0,0,0,1,0,0,0,0,0,0,0,0,0,0,0,0,0,0,1,0,0,0,0,0,0,0,1,0,0,0,0,0,0,0,0,0,0,0,0,0,0,0,0,0,0,0,1,0,0,0,0,0,0,0,0,0,0,0,0,0,39,-17.01661257351093,240.001,5.3067302260573584e-08,5.3067302260573584e-08,25.73511732334882,25.73511732334882,24.223172849205554,24.223172849205554
0,0,0,0,0,1,0,0,0,0,0,0,0,0,0,0,0,0,0,0,0,0,0,1,0,0,0,0,0,0,0,0,0,0,0,0,0,0,1,0,0,0,0,0,0,0,1,0,0,0,0,0,0,0,0,0,0,0,0,0,0,0,0,0,0,0,1,0,0,0,0,0,0,0,0,0,0,0,0,0,47,-17.016609048621838,240.001,5.3177172496968864e-08,5.3177172496968864e-08,25.726138535602786,25.726138535602786,24.224108575014903,24.224108575014903
0,0,0,0,0,1,0,0,0,0,0,0,0,0,0,0,0,0,0,0,0,0,0,1,0,0,0,0,0,0,0,0,0,0,0,0,0,0,1,0,0,0,0,0,0,0,1,0,0,0,0,0,0,0,0,0,0,0,0,0,0,0,0,0,0,0,1,0,0,0,0,0,0,0,0,0,0,0,0,0,67,-17.016451170951534,240.001,5.345306925971057e-08,5.345306925971057e-08,25.7038223558108,25.7038223558108,24.266226481023384,24.266226481023384
0,0,0,0,0,1,0,0,0,0,0,0,0,0,0,0,0,0,0,0,0,0,0,1,0,0,0,0,0,0,0,0,0,0,0,0,0,1,1,0,0,0,0,0,0,0,1,0,0,0,0,0,0,0,0,0,0,0,0,0,0,0,0,0,0,0,1,0,0,0,0,0,0,0,0,0,0,0,0,0,6,-17.01632901283705,240.001,5.261649173161583e-08,5.261649173161583e-08,25.77245211112445,25.77245211112445,24.299096840938684,24.299096840938684
0,0,0,0,0,1,0,0,0,0,0,0,0,0,0,0,0,0,0,0,0,0,0,1,0,0,0,0,0,0,0,0,0,0,0,0,0,1,1,0,0,0,0,0,0,0,1,0,0,0,0,0,0,0,0,0,0,0,0,0,0,0,0,0,0,0,1,0,0,0,0,0,0,0,0,0,0,0,0,0,24,-17.0165725955332,240.001,5.286167337342784e-08,5.286167337342784e-08,25.752018335362877,25.752018335362877,24.233797299751846,24.233797299751846
0,0,0,0,0,1,0,0,0,0,0,0,0,0,0,0,0,0,0,0,0,0,0,1,0,0,0,0,0,0,0,0,0,0,0,0,0,1,1,0,0,0,0,0,0,0,1,0,0,0,0,0,0,0,0,0,0,0,0,0,0,0,0,0,0,0,1,0,0,0,0,0,0,0,0,0,0,0,0,0,38,-17.01848470073236,240.001,5.3038361102832666e-08,5.3038361102832666e-08,25.735614341189027,25.735614341189027,23.7525819552653,23.7525819552653
0,0,0,0,0,1,0,0,0,0,0,0,0,0,0,0,0,0,0,0,0,0,0,1,0,0,0,0,0,0,0,0,0,0,0,0,0,1,1,0,0,0,0,0,0,0,1,0,0,0,0,0,0,0,0,0,0,0,0,0,0,0,0,0,0,0,1,0,0,0,0,0,0,0,0,0,0,0,0,0,39,-17.018505134979304,240.001,5.305192129010732e-08,5.305192129010732e-08,25.73448369884268,25.73448369884268,23.747715631657744,23.747715631657744
0,0,0,0,0,1,0,0,0,0,0,0,0,0,0,0,0,0,0,0,0,0,0,1,0,0,0,0,0,0,0,0,0,0,0,0,0,1,1,0,0,0,0,0,0,0,1,0,0,0,0,0,0,0,0,0,0,0,0,0,0,0,0,0,0,0,1,0,0,0,0,0,0,0,0,0,0,0,0,0,47,-17.016814707066143,240.001,5.317549749897464e-08,5.317549749897464e-08,25.726069675301147,25.726069675301147,24.169847212015718,24.169847212015718
0,0,0,0,0,1,0,0,0,0,0,0,0,0,0,0,0,0,0,0,0,0,0,1,0,0,0,0,0,0,0,0,0,0,0,0,0,1,1,0,0,0,0,0,0,0,1,0,0,0,0,0,0,0,0,0,0,0,0,0,0,0,0,0,0,0,1,0,0,0,0,0,0,0,0,0,0,0,0,0,67,-17.01651498191405,240.001,5.3452546839386976e-08,5.3452546839386976e-08,25.703800990562932,25.703800990562932,24.249154246819636,24.249154246819636
1,0,0,0,0,1,0,0,0,0,0,0,0,0,0,0,0,0,0,0,0,0,0,1,0,0,0,0,0,0,0,0,0,0,0,0,0,1,1,0,0,0,0,0,0,0,1,0,0,0,0,0,0,0,0,0,0,0,0,0,0,0,0,0,0,0,1,0,0,0,0,0,0,0,0,0,0,0,0,0,1,-17.016639951741908,240.001,5.254533477053748e-08,5.254533477053748e-08,25.778018415186835,25.778018415186835,24.215911786444813,24.215911786444813
1,0,0,0,0,1,0,0,0,0,0,0,0,0,0,0,0,0,0,0,0,0,0,1,0,0,0,0,0,0,0,0,0,0,0,0,0,1,1,0,0,0,0,0,0,0,1,0,0,0,0,0,0,0,0,0,0,0,0,0,0,0,0,0,0,0,1,0,0,0,0,0,0,0,0,0,0,0,0,0,6,-17.016699673798353,240.001,5.261350407267919e-08,5.261350407267919e-08,25.772328057374413,25.772328057374413,24.20011456111653,24.20011456111653
1,0,0,0,0,1,0,0,0,0,0,0,0,0,0,0,0,0,0,0,0,0,0,1,0,0,0,0,0,0,0,0,0,0,0,0,0,1,1,0,0,0,0,0,0,0,1,0,0,0,0,0,0,0,0,0,0,0,0,0,0,0,0,0,0,0,1,0,0,0,0,0,0,0,0,0,0,0,0,0,24,-17.01665309465763,240.001,5.2861021509470415e-08,5.2861021509470415e-08,25.751991391611774,25.751991391611774,24.21243040609773,24.21243040609773
1,0,0,0,0,1,0,0,0,0,0,0,0,0,0,0,0,0,0,0,0,0,0,1,0,0,0,0,0,0,0,0,0,0,0,0,0,1,1,0,0,0,0,0,0,0,1,0,0,0,0,0,0,0,0,0,0,0,0,0,0,0,0,0,0,0,1,0,0,0,0,0,0,0,0,0,0,0,0,0,38,-17.018534702369667,240.001,5.303795494714136e-08,5.303795494714136e-08,25.735597596961497,25.735597596961497,23.740683889853816,23.740683889853816
1,0,0,0,0,1,0,0,0,0,0,0,0,0,0,0,0,0,0,0,0,0,0,1,0,0,0,0,0,0,0,0,0,0,0,0,0,1,1,0,0,0,0,0,0,0,1,0,0,0,0,0,0,0,0,0,0,0,0,0,0,0,0,0,0,0,1,0,0,0,0,0,0,0,0,0,0,0,0,0,39,-17.01855381964538,240.001,5.305152573381441e-08,5.305152573381441e-08,25.734467395389487,25.734467395389487,23.736143430669195,23.736143430669195
1,0,0,0,0,1,0,0,0,0,0,0,0,0,0,0,0,0,0,0,0,0,0,1,0,0,0,0,0,0,0,0,0,0,0,0,0,1,1,0,0,0,0,0,0,0,1,0,0,0,0,0,0,0,0,0,0,0,0,0,0,0,0,0,0,0,1,0,0,0,0,0,0,0,0,0,0,0,0,0,47,-17.016854950445857,240.001,5.317516969470369e-08,5.317516969470369e-08,25.72605620440717,25.72605620440717,24.15930786809278,24.15930786809278
1,0,0,0,0,1,0,0,0,0,0,0,0,0,0,0,0,0,0,0,0,0,0,1,0,0,0,0,0,0,0,0,0,0,0,0,0,1,1,0,0,0,0,0,0,0,1,0,0,0,0,0,0,0,0,0,0,0,0,0,0,0,0,0,0,0,1,0,0,0,0,0,0,0,0,0,0,0,0,0,67,-17.016543033532383,240.001,5.3452317143756876e-08,5.3452317143756876e-08,25.703791601434027,25.703791601434027,24.24167031200288,24.24167031200288
1,0,0,0,0,1,0,0,0,0,0,0,0,0,0,0,0,0,0,0,0,0,0,1,0,0,0,0,1,0,0,0,0,0,0,0,0,1,1,0,0,0,0,0,0,0,1,0,0,0,0,0,0,0,0,0,0,0,0,0,0,0,0,0,0,0,1,0,0,0,0,0,0,0,0,0,0,0,0,0,1,-17.016706062477134,240.001,5.254480265767338e-08,5.254480265767338e-08,25.777996284540762,25.777996284540762,24.198428060642616,24.198428060642616
1,0,0,0,0,1,0,0,0,0,0,0,0,0,0,0,0,0,0,0,0,0,0,1,0,0,0,0,1,0,0,0,0,0,0,0,0,1,1,0,0,0,0,0,0,0,1,0,0,0,0,0,0,0,0,0,0,0,0,0,0,0,0,0,0,0,1,0,0,0,0,0,0,0,0,0,0,0,0,0,6,-17.016780158230784,240.001,5.261285542710684e-08,5.261285542710684e-08,25.772301115266195,25.772301115266195,24.178915581689896,24.178915581689896
1,0,0,0,0,1,0,0,0,0,0,0,0,0,0,0,0,0,0,0,0,0,0,1,0,0,0,0,1,0,0,0,0,0,0,0,0,1,1,0,0,0,0,0,0,0,1,0,0,0,0,0,0,0,0,0,0,0,0,0,0,0,0,0,0,0,1,0,0,0,0,0,0,0,0,0,0,0,0,0,24,-17.017023690787138,240.001,5.28580206664798e-08,5.28580206664798e-08,25.751867345115222,25.751867345115222,24.115391745820585,24.115391745820585
1,0,0,0,0,1,0,0,0,0,0,0,0,0,0,0,0,0,0,0,0,0,0,1,0,0,0,0,1,0,0,0,0,0,0,0,0,1,1,0,0,0,0,0,0,0,1,0,0,0,0,0,0,0,0,0,0,0,0,0,0,0,0,0,0,0,1,0,0,0,0,0,0,0,0,0,0,0,0,0,29,-17.017165143416797,240.001,5.292552053645832e-08,5.292552053645832e-08,25.74618347545052,25.74618347545052,24.0789152976596,24.0789152976596
1,0,0,0,0,1,0,0,0,0,0,0,0,0,0,0,0,0,0,0,0,0,0,1,0,0,0,0,1,0,0,0,0,0,0,0,0,1,1,0,0,0,0,0,0,0,1,0,0,0,0,0,0,0,0,0,0,0,0,0,0,0,0,0,0,0,1,0,0,0,0,0,0,0,0,0,0,0,0,0,38,-17.01874031500116,240.001,5.303628483078301e-08,5.303628483078301e-08,25.73552874181611,25.73552874181611,23.692095974022287,23.692095974022287
1,0,0,0,0,1,0,0,0,0,0,0,0,0,0,0,0,0,0,0,0,0,0,1,0,0,0,0,1,0,0,0,0,0,0,0,0,1,1,0,0,0,0,0,0,0,1,0,0,0,0,0,0,0,0,0,0,0,0,0,0,0,0,0,0,0,1,0,0,0,0,0,0,0,0,0,0,0,0,0,39,-17.018738848282965,240.001,5.3050022461789944e-08,5.3050022461789944e-08,25.734405430506616,25.734405430506616,23.692440661471338,23.692440661471338
1,0,0,0,0,1,0,0,0,0,0,0,0,0,0,0,0,0,0,0,0,0,0,1,0,0,0,0,1,0,0,0,0,0,0,0,0,1,1,0,0,0,0,0,0,0,1,0,0,0,0,0,0,0,0,0,0,0,0,0,0,0,0,0,0,0,1,0,0,0,0,0,0,0,0,0,0,0,0,0,47,-17.016957790047417,240.001,5.3174332048506033e-08,5.3174332048506033e-08,25.72602177793693,25.72602177793693,24.132490370868396,24.132490370868396
1,0,0,0,0,1,0,0,0,0,0,0,0,0,0,0,0,0,0,0,0,0,0,1,0,0,0,0,1,0,0,0,0,0,0,0,0,1,1,0,0,0,0,0,0,0,1,0,0,0,0,0,0,0,0,0,0,0,0,0,0,0,0,0,0,0,1,0,0,0,0,0,0,0,0,0,0,0,0,0,67,-17.016591749075147,240.001,5.3451918264663857e-08,5.3451918264663857e-08,25.703775294520984,25.703775294520984,24.228703869681176,24.228703869681176
1,0,0,0,1,1,0,0,0,0,0,0,0,0,0,0,0,0,0,0,0,0,0,1,0,0,0,0,1,0,0,0,0,0,0,0,0,1,1,0,0,0,0,0,0,0,1,0,0,0,0,0,0,0,0,0,0,0,0,0,0,0,0,0,0,0,1,0,0,0,0,0,0,0,0,0,0,0,0,0,1,-17.017169322237503,240.001,5.25410745525821e-08,5.25410745525821e-08,25.777841171890685,25.777841171890685,24.077842330716667,24.077842330716667
1,0,0,0,1,1,0,0,0,0,0,0,0,0,0,0,0,0,0,0,0,0,0,1,0,0,0,0,1,0,0,0,0,0,0,0,0,1,1,0,0,0,0,0,0,0,1,0,0,0,0,0,0,0,0,0,0,0,0,0,0,0,0,0,0,0,1,0,0,0,0,0,0,0,0,0,0,0,0,0,5,-17.01874868861844,240.001,5.2583268897723106e-08,5.2583268897723106e-08,25.772775501263773,25.772775501263773,23.69012864596883,23.69012864596883
1,0,0,0,1,1,0,0,0,0,0,0,0,0,0,0,0,0,0,0,0,0,0,1,0,0,0,0,1,0,0,0,0,0,0,0,0,1,1,0,0,0,0,0,0,0,1,0,0,0,0,0,0,0,0,0,0,0,0,0,0,0,0,0,0,0,1,0,0,0,0,0,0,0,0,0,0,0,0,0,6,-17.018672536180503,240.001,5.2597608146647204e-08,5.2597608146647204e-08,25.77166751131843,25.77166751131843,23.708052922803265,23.708052922803265
1,0,0,0,1,1,0,0,0,0,0,0,0,0,0,0,0,0,0,0,0,0,0,1,0,0,0,0,1,0,0,0,0,0,0,0,0,1,1,0,0,0,0,0,0,0,1,0,0,0,0,0,0,0,0,0,0,0,0,0,0,0,0,0,0,0,1,0,0,0,0,0,0,0,0,0,0,0,0,0,24,-17.01712106446698,240.001,5.285723241395065e-08,5.285723241395065e-08,25.75183473668236,25.75183473668236,24.090249257090104,24.090249257090104
1,0,0,0,1,1,0,0,0,0,0,0,0,0,0,0,0,0,0,0,0,0,0,1,0,0,0,0,1,0,0,0,0,0,0,0,0,1,1,0,0,0,0,0,0,0,1,0,0,0,0,0,0,0,0,0,0,0,0,0,0,0,0,0,0,0,1,0,0,0,0,0,0,0,0,0,0,0,0,0,29,-17.017242222951875,240.001,5.292489578656922e-08,5.292489578656922e-08,25.746157661737314,25.746157661737314,24.05916647684797,24.05916647684797
1,0,0,0,1,1,0,0,0,0,0,0,0,0,0,0,0,0,0,0,0,0,0,1,0,0,0,0,1,0,0,0,0,0,0,0,0,1,1,0,0,0,0,0,0,0,1,0,0,0,0,0,0,0,0,0,0,0,0,0,0,0,0,0,0,0,1,0,0,0,0,0,0,0,0,0,0,0,0,0,38,-17.01879633699635,240.001,5.3035829901469466e-08,5.3035829901469466e-08,25.73550997245627,25.73550997245627,23.678950823043333,23.678950823043333
1,0,0,0,1,1,0,0,0,0,0,0,0,0,0,0,0,0,0,0,0,0,0,1,0,0,0,0,1,0,0,0,0,0,0,0,0,1,1,0,0,0,0,0,0,0,1,0,0,0,0,0,0,0,0,0,0,0,0,0,0,0,0,0,0,0,1,0,0,0,0,0,0,0,0,0,0,0,0,0,39,-17.018793221618175,240.001,5.3049580808495873e-08,5.3049580808495873e-08,25.734387213308207,25.734387213308207,23.679680784334778,23.679680784334778
1,0,0,0,1,1,0,0,0,0,0,0,0,0,0,0,0,0,0,0,0,0,0,1,0,0,0,0,1,0,0,0,0,0,0,0,0,1,1,0,0,0,0,0,0,0,1,0,0,0,0,0,0,0,0,0,0,0,0,0,0,0,0,0,0,0,1,0,0,0,0,0,0,0,0,0,0,0,0,0,47,-17.01700183587902,240.001,5.317397336198608e-08,5.317397336198608e-08,25.72600702746189,25.72600702746189,24.12105479792681,24.12105479792681
1,0,0,0,1,1,0,0,0,0,0,0,0,0,0,0,0,0,0,0,0,0,0,1,0,0,0,0,1,0,0,0,0,0,0,0,0,1,1,0,0,0,0,0,0,0,1,0,0,0,0,0,0,0,0,0,0,0,0,0,0,0,0,0,0,0,1,0,0,0,0,0,0,0,0,0,0,0,0,0,67,-17.0166215905676,240.001,5.345167397055391e-08,5.345167397055391e-08,25.703765301862735,25.703765301862735,24.22078007263289,24.22078007263289
1,0,0,0,1,1,0,0,0,0,0,0,0,0,0,0,0,0,0,0,0,0,0,1,0,0,0,0,1,0,0,0,0,0,0,0,0,1,1,0,0,0,0,0,0,0,1,0,0,0,0,0,0,0,0,1,0,0,0,0,0,0,0,0,0,0,1,0,0,0,0,0,0,0,0,0,0,0,0,0,1,-17.017202971644686,240.001,5.25408037529422e-08,5.25408037529422e-08,25.777829906321937,25.777829906321937,24.069212015109564,24.069212015109564
1,0,0,0,1,1,0,0,0,0,0,0,0,0,0,0,0,0,0,0,0,0,0,1,0,0,0,0,1,0,0,0,0,0,0,0,0,1,1,0,0,0,0,0,0,0,1,0,0,0,0,0,0,0,0,1,0,0,0,0,0,0,0,0,0,0,1,0,0,0,0,0,0,0,0,0,0,0,0,0,5,-17.01878495574708,240.001,5.258297685513675e-08,5.258297685513675e-08,25.77276335451384,25.77276335451384,23.681618145009942,23.681618145009942
1,0,0,0,1,1,0,0,0,0,0,0,0,0,0,0,0,0,0,0,0,0,0,1,0,0,0,0,1,0,0,0,0,0,0,0,0,1,1,0,0,0,0,0,0,0,1,0,0,0,0,0,0,0,0,1,0,0,0,0,0,0,0,0,0,0,1,0,0,0,0,0,0,0,0,0,0,0,0,0,6,-17.018709530200628,240.001,5.2597310165370667e-08,5.2597310165370667e-08,25.771655121457172,25.771655121457172,23.699336304671355,23.699336304671355
1,0,0,0,1,1,0,0,0,0,0,0,0,0,0,0,0,0,0,0,0,0,0,1,0,0,0,0,1,0,0,0,0,0,0,0,0,1,1,0,0,0,0,0,0,0,1,0,0,0,0,0,0,0,0,1,0,0,0,0,0,0,0,0,0,0,1,0,0,0,0,0,0,0,0,0,0,0,0,0,24,-17.01717890444712,240.001,5.2856764124844185e-08,5.2856764124844185e-08,25.75181537322974,25.75181537322974,24.075382969401723,24.075382969401723
1,0,0,0,1,1,0,0,0,0,0,0,0,0,0,0,0,0,0,0,0,0,0,1,0,0,0,0,1,0,0,0,0,0,0,0,0,1,1,0,0,0,0,0,0,0,1,0,0,0,0,0,0,0,0,1,0,0,0,0,0,0,0,0,0,0,1,0,0,0,0,0,0,0,0,0,0,0,0,0,29,-17.017310773074588,240.001,5.292434007935113e-08,5.292434007935113e-08,25.746134712430965,25.746134712430965,24.041677846064985,24.041677846064985
1,0,0,0,1,1,0,0,0,0,0,0,0,0,0,0,0,0,0,0,0,0,0,1,0,0,0,0,1,0,0,0,0,0,0,0,0,1,1,0,0,0,0,0,0,0,1,0,0,0,0,0,0,0,0,1,0,0,0,0,0,0,0,0,0,0,1,0,0,0,0,0,0,0,0,0,0,0,0,0,38,-17.018899108274027,240.001,5.303499519110104e-08,5.303499519110104e-08,25.735475553641525,25.735475553641525,23.65493881628784,23.65493881628784
1,0,0,0,1,1,0,0,0,0,0,0,0,0,0,0,0,0,0,0,0,0,0,1,0,0,0,0,1,0,0,0,0,0,0,0,0,1,1,0,0,0,0,0,0,0,1,0,0,0,0,0,0,0,0,1,0,0,0,0,0,0,0,0,0,0,1,0,0,0,0,0,0,0,0,0,0,0,0,0,39,-17.018902043019285,240.001,5.3048696719724686e-08,5.3048696719724686e-08,25.73435076911883,25.73435076911883,23.65425506499331,23.65425506499331
1,0,0,0,1,1,0,0,0,0,0,0,0,0,0,0,0,0,0,0,0,0,0,1,0,0,0,0,1,0,0,0,0,0,0,0,0,1,1,0,0,0,0,0,0,0,1,0,0,0,0,0,0,0,0,1,0,0,0,0,0,0,0,0,0,0,1,0,0,0,0,0,0,0,0,0,0,0,0,0,47,-17.017207580808453,240.001,5.317229752417392e-08,5.317229752417392e-08,25.725938157499183,25.725938157499183,24.06803119748705,24.06803119748705
1,0,0,0,1,1,0,0,0,0,0,0,0,0,0,0,0,0,0,0,0,0,0,1,0,0,0,0,1,0,0,0,0,0,0,0,0,1,1,0,0,0,0,0,0,0,1,0,0,0,0,0,0,0,0,1,0,0,0,0,0,0,0,0,0,0,1,0,0,0,0,0,0,0,0,0,0,0,0,0,56,-17.017005405717214,240.001,5.329750839385744e-08,5.329750839385744e-08,25.715925527674052,25.715925527674052,24.12012927731263,24.12012927731263
1,0,0,0,1,1,0,0,0,0,0,0,0,0,0,0,0,0,0,0,0,0,0,1,0,0,0,0,1,0,0,0,0,0,0,0,0,1,1,0,0,0,0,0,0,0,1,0,0,0,0,0,0,0,0,1,0,0,0,0,0,0,0,0,0,0,1,0,0,0,0,0,0,0,0,0,0,0,0,0,67,-17.016789931313923,240.001,5.345029557935134e-08,5.345029557935134e-08,25.703708956750493,25.703708956750493,24.176348431414787,24.176348431414787
1,0,0,0,1,1,0,0,0,0,0,0,0,0,0,0,0,0,0,0,0,0,0,1,0,0,0,0,1,0,0,0,0,0,0,0,0,1,1,0,0,0,0,0,0,0,1,0,0,0,0,0,0,0,0,1,0,0,0,0,0,0,1,0,0,0,1,0,0,0,0,0,0,0,0,0,0,0,0,0,1,-17.017232817978286,240.001,5.2540563570905815e-08,5.2540563570905815e-08,25.77781991312419,25.77781991312419,24.061571372400344,24.061571372400344
1,0,0,0,1,1,0,0,0,0,0,0,0,0,0,0,0,0,0,0,0,0,0,1,0,0,0,0,1,0,0,0,0,0,0,0,0,1,1,0,0,0,0,0,0,0,1,0,0,0,0,0,0,0,0,1,0,0,0,0,0,0,1,0,0,0,1,0,0,0,0,0,0,0,0,0,0,0,0,0,5,-17.018816841509413,240.001,5.2582720106468255e-08,5.2582720106468255e-08,25.772752674245922,25.772752674245922,23.674149475845738,23.674149475845738
1,0,0,0,1,1,0,0,0,0,0,0,0,0,0,0,0,0,0,0,0,0,0,1,0,0,0,0,1,0,0,0,0,0,0,0,0,1,1,0,0,0,0,0,0,0,1,0,0,0,0,0,0,0,0,1,0,0,0,0,0,0,1,0,0,0,1,0,0,0,0,0,0,0,0,0,0,0,0,0,6,-17.01874197666322,240.001,5.2597048827166994e-08,5.2597048827166994e-08,25.771644253668732,25.771644253668732,23.691705506521217,23.691705506521217
1,0,0,0,1,1,0,0,0,0,0,0,0,0,0,0,0,0,0,0,0,0,0,1,0,0,0,0,1,0,0,0,0,0,0,0,0,1,1,0,0,0,0,0,0,0,1,0,0,0,0,0,0,0,0,1,0,0,0,0,0,0,1,0,0,0,1,0,0,0,0,0,0,0,0,0,0,0,0,0,24,-17.017226355710374,240.001,5.285637996742698e-08,5.285637996742698e-08,25.751799486148578,25.751799486148578,24.063224573602753,24.063224573602753
1,0,0,0,1,1,0,0,0,0,0,0,0,0,0,0,0,0,0,0,0,0,0,1,0,0,0,0,1,0,0,0,0,0,0,0,0,1,1,0,0,0,0,0,0,0,1,0,0,0,0,0,0,0,0,1,0,0,0,0,0,0,1,0,0,0,1,0,0,0,0,0,0,0,0,0,0,0,0,0,29,-17.017365201060557,240.001,5.292389888096348e-08,5.292389888096348e-08,25.74611648911445,25.74611648911445,24.027841867998653,24.027841867998653
1,0,0,0,1,1,0,0,0,0,0,0,0,0,0,0,0,0,0,0,0,0,0,1,0,0,0,0,1,0,0,0,0,0,0,0,0,1,1,0,0,0,0,0,0,0,1,0,0,0,0,0,0,0,0,1,0,0,0,0,0,0,1,0,0,0,1,0,0,0,0,0,0,0,0,0,0,0,0,0,38,-17.018973088548734,240.001,5.303439436411636e-08,5.303439436411636e-08,25.735450774337068,25.735450774337068,23.637735151809753,23.637735151809753
1,0,0,0,1,1,0,0,0,0,0,0,0,0,0,0,0,0,0,0,0,0,0,1,0,0,0,0,1,0,0,0,0,0,0,0,0,1,1,0,0,0,0,0,0,0,1,0,0,0,0,0,0,0,0,1,0,0,0,0,0,0,1,0,0,0,1,0,0,0,0,0,0,0,0,0,0,0,0,0,39,-17.01897910786868,240.001,5.304807067500747e-08,5.304807067500747e-08,25.734324957059272,25.734324957059272,23.63633837597673,23.63633837597673
1,0,0,0,1,1,0,0,0,0,0,0,0,0,0,0,0,0,0,0,0,0,0,1,0,0,0,0,1,0,0,0,0,0,0,0,0,1,1,0,0,0,0,0,0,0,1,0,0,0,0,0,0,0,0,1,0,0,0,0,0,0,1,0,0,0,1,0,0,0,0,0,0,0,0,0,0,0,0,0,47,-17.01732326345867,240.001,5.317135535932139e-08,5.317135535932139e-08,25.725899428571243,25.725899428571243,24.038498818317528,24.038498818317528
1,0,0,0,1,1,0,0,0,0,0,0,0,0,0,0,0,0,0,0,0,0,0,1,0,0,0,0,1,0,0,0,0,0,0,0,0,1,1,0,0,0,0,0,0,0,1,0,0,0,0,0,0,0,0,1,0,0,0,0,0,0,1,0,0,0,1,0,0,0,0,0,0,0,0,0,0,0,0,0,56,-17.01726996191755,240.001,5.3295348587838854e-08,5.3295348587838854e-08,25.715836966725657,25.715836966725657,24.0520812100467,24.0520812100467
1,0,0,0,1,1,0,0,0,0,0,0,0,0,0,0,0,0,0,0,0,0,0,1,0,0,0,0,1,0,0,0,0,0,0,0,0,1,1,0,0,0,0,0,0,0,1,0,0,0,0,0,0,0,0,1,0,0,0,0,0,0,1,0,0,0,1,0,0,0,0,0,0,0,0,0,0,0,0,0,63,-17.017398209670958,240.001,5.3390401286068e-08,5.3390401286068e-08,25.707969939743947,25.707969939743947,24.019472184261765,24.019472184261765
1,0,0,0,1,1,0,0,0,0,0,0,0,0,0,0,0,0,0,0,0,0,0,1,0,0,0,0,1,0,0,0,0,0,0,0,0,1,1,0,0,0,0,0,0,0,1,0,0,0,0,0,0,0,0,1,0,0,0,0,0,0,1,0,0,0,1,0,0,0,0,0,0,0,0,0,0,0,0,0,67,-17.017253385327436,240.001,5.34465011053595e-08,5.34465011053595e-08,25.703553822381377,25.703553822381377,24.056313925811953,24.056313925811953
1,0,0,0,1,1,0,0,0,0,0,0,0,0,0,0,0,0,0,0,0,0,1,1,0,0,0,0,1,0,0,0,0,0,0,0,0,1,1,0,0,0,0,0,0,0,1,0,0,0,0,0,0,0,0,1,0,0,0,0,0,0,1,0,0,0,1,0,0,0,0,0,0,0,0,0,0,0,0,0,1,-17.017316897948156,240.001,5.2539887057901485e-08,5.2539887057901485e-08,25.77779175333033,25.77779175333033,24.04011866577944,24.04011866577944
1,0,0,0,1,1,0,0,0,0,0,0,0,0,0,0,0,0,0,0,0,0,1,1,0,0,0,0,1,0,0,0,0,0,0,0,0,1,1,0,0,0,0,0,0,0,1,0,0,0,0,0,0,0,0,1,0,0,0,0,0,0,1,0,0,0,1,0,0,0,0,0,0,0,0,0,0,0,0,0,5,-17.018919550419685,240.001,5.258189319806156e-08,5.258189319806156e-08,25.7727182624076,25.7727182624076,23.65017833078282,23.65017833078282
1,0,0,0,1,1,0,0,0,0,0,0,0,0,0,0,0,0,0,0,0,0,1,1,0,0,0,0,1,0,0,0,0,0,0,0,0,1,1,0,0,0,0,0,0,0,1,0,0,0,0,0,0,0,0,1,0,0,0,0,0,0,1,0,0,0,1,0,0,0,0,0,0,0,0,0,0,0,0,0,6,-17.01885073545125,240.001,5.2596172953464674e-08,5.2596172953464674e-08,25.77160781648267,25.77160781648267,23.66622442434028,23.66622442434028
1,0,0,0,1,1,0,0,0,0,0,0,0,0,0,0,0,0,0,0,0,0,1,1,0,0,0,0,1,0,0,0,0,0,0,0,0,1,1,0,0,0,0,0,0,0,1,0,0,0,0,0,0,0,0,1,0,0,0,0,0,0,1,0,0,0,1,0,0,0,0,0,0,0,0,0,0,0,0,0,23,-17.019044959864505,240.001,5.2827934882279114e-08,5.2827934882279114e-08,25.752318701723485,25.752318701723485,23.621086643700593,23.621086643700593
1,0,0,0,1,1,0,0,0,0,0,0,0,0,0,0,0,0,0,0,0,0,1,1,0,0,0,0,1,0,0,0,0,0,0,0,0,1,1,0,0,0,0,0,0,0,1,0,0,0,0,0,0,0,0,1,0,0,0,0,0,0,1,0,0,0,1,0,0,0,0,0,0,0,0,0,0,0,0,0,24,-17.019118462837106,240.001,5.284106503908671e-08,5.284106503908671e-08,25.75116591254932,25.75116591254932,23.60412564531905,23.60412564531905
1,0,0,0,1,1,0,0,0,0,0,0,0,0,0,0,0,0,0,0,0,0,1,1,0,0,0,0,1,0,0,0,0,0,0,0,0,1,1,0,0,0,0,0,0,0,1,0,0,0,0,0,0,0,0,1,0,0,0,0,0,0,1,0,0,0,1,0,0,0,0,0,0,0,0,0,0,0,0,0,29,-17.017673696572647,240.001,5.292139857982596e-08,5.292139857982596e-08,25.746013173617605,25.746013173617605,23.95023912589947,23.95023912589947
1,0,0,0,1,1,0,0,0,0,0,0,0,0,0,0,0,0,0,0,0,0,1,1,0,0,0,0,1,0,0,0,0,0,0,0,0,1,1,0,0,0,0,0,0,0,1,0,0,0,0,0,0,0,0,1,0,0,0,0,0,0,1,0,0,0,1,0,0,0,0,0,0,0,0,0,0,0,0,0,38,-17.019096338177697,240.001,5.303339357395529e-08,5.303339357395529e-08,25.735409479400097,25.735409479400097,23.60922403225726,23.60922403225726
1,0,0,0,1,1,0,0,0,0,0,0,0,0,0,0,0,0,0,0,0,0,1,1,0,0,0,0,1,0,0,0,0,0,0,0,0,1,1,0,0,0,0,0,0,0,1,0,0,0,0,0,0,0,0,1,0,0,0,0,0,0,1,0,0,0,1,0,0,0,0,0,0,0,0,0,0,0,0,0,39,-17.019094648385703,240.001,5.304713225306363e-08,5.304713225306363e-08,25.73428624404447,25.73428624404447,23.609613671491875,23.609613671491875
1,0,0,0,1,1,0,0,0,0,0,0,0,0,0,0,0,0,0,0,0,0,1,1,0,0,0,0,1,0,0,0,0,0,0,0,0,1,1,0,0,0,0,0,0,0,1,0,0,0,0,0,0,0,0,1,0,0,0,0,0,0,1,0,0,0,1,0,0,0,0,0,0,0,0,0,0,0,0,0,47,-17.017400333444282,240.001,5.3170727811342747e-08,5.3170727811342747e-08,25.725873615927245,25.725873615927245,24.018934228691393,24.018934228691393
1,0,0,0,1,1,0,0,0,0,0,0,0,0,0,0,0,0,0,0,0,0,1,1,0,0,0,0,1,0,0,0,0,0,0,0,0,1,1,0,0,0,0,0,0,0,1,0,0,0,0,0,0,0,0,1,0,0,0,0,0,0,1,0,0,0,1,0,0,0,0,0,0,0,0,0,0,0,0,0,56,-17.017326011869628,240.001,5.329489113173394e-08,5.329489113173394e-08,25.715818194232114,25.715818194232114,24.037799609243326,24.037799609243326
1,0,0,0,1,1,0,0,0,0,0,0,0,0,0,0,0,0,0,0,0,0,1,1,0,0,0,0,1,0,0,0,0,0,0,0,0,1,1,0,0,0,0,0,0,0,1,0,0,0,0,0,0,0,0,1,0,0,0,0,0,0,1,0,0,0,1,0,0,0,0,0,0,0,0,0,0,0,0,0,63,-17.017444447664406,240.001,5.339002324567324e-08,5.339002324567324e-08,25.70795445286581,25.70795445286581,24.00777499976646,24.00777499976646
1,0,0,0,1,1,0,0,0,0,0,0,0,0,0,0,0,0,0,0,0,0,1,1,0,0,0,0,1,0,0,0,0,0,0,0,0,1,1,0,0,0,0,0,0,0,1,0,0,0,0,0,0,0,0,1,0,0,0,0,0,0,1,0,0,0,1,0,0,0,0,0,0,0,0,0,0,0,0,0,67,-17.01729542158723,240.001,5.344615705196649e-08,5.344615705196649e-08,25.703539743231577,25.703539743231577,24.045588253945844,24.045588253945844
1,0,0,0,1,1,0,0,0,0,0,0,0,0,0,0,0,0,0,0,0,1,1,1,0,0,0,0,1,0,0,0,0,0,0,0,0,1,1,0,0,0,0,0,0,0,1,0,0,0,0,0,0,0,0,1,0,0,0,0,0,0,1,0,0,0,1,0,0,0,0,0,0,0,0,0,0,0,0,0,1,-17.01740495776821,240.001,5.253917859781673e-08,5.253917859781673e-08,25.77776225518544,25.77776225518544,24.017763108744496,24.017763108744496
1,0,0,0,1,1,0,0,0,0,0,0,0,0,0,0,0,0,0,0,0,1,1,1,0,0,0,0,1,0,0,0,0,0,0,0,0,1,1,0,0,0,0,0,0,0,1,0,0,0,0,0,0,0,0,1,0,0,0,0,0,0,1,0,0,0,1,0,0,0,0,0,0,0,0,0,0,0,0,0,5,-17.019028271865047,240.001,5.258101797823103e-08,5.258101797823103e-08,25.77268182940283,25.77268182940283,23.624946646226682,23.624946646226682
1,0,0,0,1,1,0,0,0,0,0,0,0,0,0,0,0,0,0,0,0,1,1,1,0,0,0,0,1,0,0,0,0,0,0,0,0,1,1,0,0,0,0,0,0,0,1,0,0,0,0,0,0,0,0,1,0,0,0,0,0,0,1,0,0,0,1,0,0,0,0,0,0,0,0,0,0,0,0,0,6,-17.018966261034773,240.001,5.259524268620334e-08,5.259524268620334e-08,25.77156910514028,25.77156910514028,23.639320009678105,23.639320009678105
1,0,0,0,1,1,0,0,0,0,0,0,0,0,0,0,0,0,0,0,0,1,1,1,0,0,0,0,1,0,0,0,0,0,0,0,0,1,1,0,0,0,0,0,0,0,1,0,0,0,0,0,0,0,0,1,0,0,0,0,0,0,1,0,0,0,1,0,0,0,0,0,0,0,0,0,0,0,0,0,22,-17.01992281382767,240.001,5.2807112068350695e-08,5.2807112068350695e-08,25.75315301310033,25.75315301310033,23.422705444623155,23.422705444623155
1,0,0,0,1,1,0,0,0,0,0,0,0,0,0,0,0,0,0,0,0,1,1,1,0,0,0,0,1,0,0,0,0,0,0,0,0,1,1,0,0,0,0,0,0,0,1,0,0,0,0,0,0,0,0,1,0,0,0,0,0,0,1,0,0,0,1,0,0,0,0,0,0,0,0,0,0,0,0,0,23,-17.020935755020066,240.001,5.2812642361735865e-08,5.2812642361735865e-08,25.751685275186308,25.751685275186308,23.204473453199984,23.204473453199984
1,0,0,0,1,1,0,0,0,0,0,0,0,0,0,0,0,0,0,0,0,1,1,1,0,0,0,0,1,0,0,0,0,0,0,0,0,1,1,0,0,0,0,0,0,0,1,0,0,0,0,0,0,0,0,1,0,0,0,0,0,0,1,0,0,0,1,0,0,0,0,0,0,0,0,0,0,0,0,0,24,-17.020047850876352,240.001,5.28335467749639e-08,5.28335467749639e-08,25.750854485734912,25.750854485734912,23.395168976186042,23.395168976186042
1,0,0,0,1,1,0,0,0,0,0,0,0,0,0,0,0,0,0,0,0,1,1,1,0,0,0,0,1,0,0,0,0,0,0,0,0,1,1,0,0,0,0,0,0,0,1,0,0,0,0,0,0,0,0,1,0,0,0,0,0,0,1,0,0,0,1,0,0,0,0,0,0,0,0,0,0,0,0,0,29,-17.017937971926802,240.001,5.291925705432656e-08,5.291925705432656e-08,25.745924644096046,25.745924644096046,23.884841022874262,23.884841022874262
1,0,0,0,1,1,0,0,0,0,0,0,0,0,0,0,0,0,0,0,0,1,1,1,0,0,0,0,1,0,0,0,0,0,0,0,0,1,1,0,0,0,0,0,0,0,1,0,0,0,0,0,0,0,0,1,0,0,0,0,0,0,1,0,0,0,1,0,0,0,0,0,0,0,0,0,0,0,0,0,38,-17.0192118460467,240.001,5.303245576567056e-08,5.303245576567056e-08,25.73537077004177,25.73537077004177,23.582671918380026,23.582671918380026
1,0,0,0,1,1,0,0,0,0,0,0,0,0,0,0,0,0,0,0,0,1,1,1,0,0,0,0,1,0,0,0,0,0,0,0,0,1,1,0,0,0,0,0,0,0,1,0,0,0,0,0,0,0,0,1,0,0,0,0,0,0,1,0,0,0,1,0,0,0,0,0,0,0,0,0,0,0,0,0,39,-17.01920335680611,240.001,5.304624943065371e-08,5.304624943065371e-08,25.73424981249847,25.73424981249847,23.584617870219965,23.584617870219965
1,0,0,0,1,1,0,0,0,0,0,0,0,0,0,0,0,0,0,0,0,1,1,1,0,0,0,0,1,0,0,0,0,0,0,0,0,1,1,0,0,0,0,0,0,0,1,0,0,0,0,0,0,0,0,1,0,0,0,0,0,0,1,0,0,0,1,0,0,0,0,0,0,0,0,0,0,0,0,0,47,-17.01747429810976,240.001,5.317012561648161e-08,5.317012561648161e-08,25.725848838360946,25.725848838360946,24.000240135131246,24.000240135131246
1,0,0,0,1,1,0,0,0,0,0,0,0,0,0,0,0,0,0,0,0,1,1,1,0,0,0,0,1,0,0,0,0,0,0,0,0,1,1,0,0,0,0,0,0,0,1,0,0,0,0,0,0,0,0,1,0,0,0,0,0,0,1,0,0,0,1,0,0,0,0,0,0,0,0,0,0,0,0,0,56,-17.017380397307186,240.001,5.3294447308016035e-08,5.3294447308016035e-08,25.71579997567474,25.71579997567474,24.0239867024915,24.0239867024915
1,0,0,0,1,1,0,0,0,0,0,0,0,0,0,0,0,0,0,0,0,1,1,1,0,0,0,0,1,0,0,0,0,0,0,0,0,1,1,0,0,0,0,0,0,0,1,0,0,0,0,0,0,0,0,1,0,0,0,0,0,0,1,0,0,0,1,0,0,0,0,0,0,0,0,0,0,0,0,0,63,-17.017489544855827,240.001,5.338965457070086e-08,5.338965457070086e-08,25.70793934518352,25.70793934518352,23.99639656172412,23.99639656172412
1,0,0,0,1,1,0,0,0,0,0,0,0,0,0,0,0,0,0,0,0,1,1,1,0,0,0,0,1,0,0,0,0,0,0,0,0,1,1,0,0,0,0,0,0,0,1,0,0,0,0,0,0,0,0,1,0,0,0,0,0,0,1,0,0,0,1,0,0,0,0,0,0,0,0,0,0,0,0,0,67,-17.01733651190651,240.001,5.344582077526514e-08,5.344582077526514e-08,25.70352597827735,25.70352597827735,24.035129380949357,24.035129380949357
1,0,0,0,1,1,0,0,0,0,0,0,0,0,0,0,0,0,0,0,0,1,1,1,0,0,0,0,1,0,0,0,0,0,0,0,0,1,1,0,0,0,0,0,0,0,1,0,0,0,0,0,0,1,0,1,0,0,0,0,0,0,1,0,0,0,1,0,0,0,0,0,0,0,0,0,0,0,0,0,1,-17.01743986029118,240.001,5.2538897768685975e-08,5.2538897768685975e-08,25.777750566361473,25.777750566361473,24.00893410200574,24.00893410200574
1,0,0,0,1,1,0,0,0,0,0,0,0,0,0,0,0,0,0,0,0,1,1,1,0,0,0,0,1,0,0,0,0,0,0,0,0,1,1,0,0,0,0,0,0,0,1,0,0,0,0,0,0,1,0,1,0,0,0,0,0,0,1,0,0,0,1,0,0,0,0,0,0,0,0,0,0,0,0,0,5,-17.01906600069761,240.001,5.2580714228511e-08,5.2580714228511e-08,25.7726691889412,25.7726691889412,23.616224676520083,23.616224676520083
1,0,0,0,1,1,0,0,0,0,0,0,0,0,0,0,0,0,0,0,0,1,1,1,0,0,0,0,1,0,0,0,0,0,0,0,0,1,1,0,0,0,0,0,0,0,1,0,0,0,0,0,0,1,0,1,0,0,0,0,0,0,1,0,0,0,1,0,0,0,0,0,0,0,0,0,0,0,0,0,6,-17.019004777323563,240.001,5.259493250906485e-08,5.259493250906485e-08,25.771556201171162,25.771556201171162,23.630386826251222,23.630386826251222
1,0,0,0,1,1,0,0,0,0,0,0,0,0,0,0,0,0,0,0,0,1,1,1,0,0,0,0,1,0,0,0,0,0,0,0,0,1,1,0,0,0,0,0,0,0,1,0,0,0,0,0,0,1,0,1,0,0,0,0,0,0,1,0,0,0,1,0,0,0,0,0,0,0,0,0,0,0,0,0,22,-17.019980569846197,240.001,5.280664512982031e-08,5.280664512982031e-08,25.753133659053763,25.753133659053763,23.40996443761423,23.40996443761423
1,0,0,0,1,1,0,0,0,0,0,0,0,0,0,0,0,0,0,0,0,1,1,1,0,0,0,0,1,0,0,0,0,0,0,0,0,1,1,0,0,0,0,0,0,0,1,0,0,0,0,0,0,1,0,1,0,0,0,0,0,0,1,0,0,0,1,0,0,0,0,0,0,0,0,0,0,0,0,0,23,-17.02099535222893,240.001,5.281216054702458e-08,5.281216054702458e-08,25.751665299252874,25.751665299252874,23.1919673397027,23.1919673397027
1,0,0,0,1,1,0,0,0,0,0,0,0,0,0,0,0,0,0,0,0,1,1,1,0,0,0,0,1,0,0,0,0,0,0,0,0,1,1,0,0,0,0,0,0,0,1,0,0,0,0,0,0,1,0,1,0,0,0,0,0,0,1,0,0,0,1,0,0,0,0,0,0,0,0,0,0,0,0,0,24,-17.020109457023768,240.001,5.283304846146606e-08,5.283304846146606e-08,25.75083384140743,25.75083384140743,23.381665317389924,23.381665317389924
1,0,0,0,1,1,0,0,0,0,0,0,0,0,0,0,0,0,0,0,0,1,1,1,0,0,0,0,1,0,0,0,0,0,0,0,0,1,1,0,0,0,0,0,0,0,1,0,0,0,0,0,0,1,0,1,0,0,0,0,0,0,1,0,0,0,1,0,0,0,0,0,0,0,0,0,0,0,0,0,29,-17.01801196221716,240.001,5.291865743019379e-08,5.291865743019379e-08,25.745899863666516,25.745899863666516,23.86670561845269,23.86670561845269
1,0,0,0,1,1,0,0,0,0,0,0,0,0,0,0,0,0,0,0,0,1,1,1,0,0,0,0,1,0,0,0,0,0,0,0,0,1,1,0,0,0,0,0,0,0,1,0,0,0,0,0,0,1,0,1,0,0,0,0,0,0,1,0,0,0,1,0,0,0,0,0,0,0,0,0,0,0,0,0,38,-17.019327411378846,240.001,5.303151735079801e-08,5.303151735079801e-08,25.735332054254087,25.735332054254087,23.556267364757964,23.556267364757964
1,0,0,0,1,1,0,0,0,0,0,0,0,0,0,0,0,0,0,0,0,1,1,1,0,0,0,0,1,0,0,0,0,0,0,0,0,1,1,0,0,0,0,0,0,0,1,0,0,0,0,0,0,1,0,1,0,0,0,0,0,0,1,0,0,0,1,0,0,0,0,0,0,0,0,0,0,0,0,0,39,-17.01932663344974,240.001,5.304524812369229e-08,5.304524812369229e-08,25.73420851454268,25.73420851454268,23.55644457398035,23.55644457398035
1,0,0,0,1,1,0,0,0,0,0,0,0,0,0,0,0,0,0,0,0,1,1,1,0,0,0,0,1,0,0,0,0,0,0,0,0,1,1,0,0,0,0,0,0,0,1,0,0,0,0,0,0,1,0,1,0,0,0,0,0,0,1,0,0,0,1,0,0,0,0,0,0,0,0,0,0,0,0,0,47,-17.01773875988119,240.001,5.316797199912053e-08,5.316797199912053e-08,25.72576028798104,25.72576028798104,23.934047187951315,23.934047187951315
1,0,0,0,1,1,0,0,0,0,0,0,0,0,0,0,0,0,0,0,0,1,1,1,0,0,0,0,1,0,0,0,0,0,0,0,0,1,1,0,0,0,0,0,0,0,1,0,0,0,0,0,0,1,0,1,0,0,0,0,0,0,1,0,0,0,1,0,0,0,0,0,0,0,0,0,0,0,0,0,54,-17.018327083188534,240.001,5.325926706281643e-08,5.325926706281643e-08,25.717721061603616,25.717721061603616,23.79030145727823,23.79030145727823
1,0,0,0,1,1,0,0,0,0,0,0,0,0,0,0,0,0,0,0,0,1,1,1,0,0,0,0,1,0,0,0,0,0,0,0,0,1,1,0,0,0,0,0,0,0,1,0,0,0,0,0,0,1,0,1,0,0,0,0,0,0,1,0,0,0,1,0,0,0,0,0,0,0,0,0,0,0,0,0,56,-17.01831094102305,240.001,5.3286851944466824e-08,5.3286851944466824e-08,25.715488419437204,25.715488419437204,23.794182924305023,23.794182924305023
1,0,0,0,1,1,0,0,0,0,0,0,0,0,0,0,0,0,0,0,0,1,1,1,0,0,0,0,1,0,0,0,0,0,0,0,0,1,1,0,0,0,0,0,0,0,1,0,0,0,0,0,0,1,0,1,0,0,0,0,0,0,1,0,0,0,1,0,0,0,0,0,0,0,0,0,0,0,0,0,63,-17.017695179789683,240.001,5.338797313637441e-08,5.338797313637441e-08,25.70787048752509,25.70787048752509,23.94488606737028,23.94488606737028
1,0,0,0,1,1,0,0,0,0,0,0,0,0,0,0,0,0,0,0,0,1,1,1,0,0,0,0,1,0,0,0,0,0,0,0,0,1,1,0,0,0,0,0,0,0,1,0,0,0,0,0,0,1,0,1,0,0,0,0,0,0,1,0,0,0,1,0,0,0,0,0,0,0,0,0,0,0,0,0,67,-17.017478852861515,240.001,5.344465565497392e-08,5.344465565497392e-08,25.703478314665013,25.703478314665013,23.99909156649545,23.99909156649545
1,0,0,1,1,1,0,0,0,0,0,0,0,0,0,0,0,0,0,0,0,1,1,1,0,0,0,0,1,0,0,0,0,0,0,0,0,1,1,0,0,0,0,0,0,0,1,0,0,0,0,0,0,1,0,1,0,0,0,0,0,0,1,0,0,0,1,0,0,0,0,0,0,0,0,0,0,0,0,0,1,-17.018057931481437,240.001,5.253392521515948e-08,5.253392521515948e-08,25.77754355342545,25.77754355342545,23.855476180579753,23.855476180579753
1,0,0,1,1,1,0,0,0,0,0,0,0,0,0,0,0,0,0,0,0,1,1,1,0,0,0,0,1,0,0,0,0,0,0,0,0,1,1,0,0,0,0,0,0,0,1,0,0,0,0,0,0,1,0,1,0,0,0,0,0,0,1,0,0,0,1,0,0,0,0,0,0,0,0,0,0,0,0,0,4,-17.02012131379539,240.001,5.25584964438869e-08,5.25584964438869e-08,25.77344935878918,25.77344935878918,23.37907118096463,23.37907118096463
1,0,0,1,1,1,0,0,0,0,0,0,0,0,0,0,0,0,0,0,0,1,1,1,0,0,0,0,1,0,0,0,0,0,0,0,0,1,1,0,0,0,0,0,0,0,1,0,0,0,0,0,0,1,0,1,0,0,0,0,0,0,1,0,0,0,1,0,0,0,0,0,0,0,0,0,0,0,0,0,5,-17.02095669305362,240.001,5.2565494377772016e-08,5.2565494377772016e-08,25.772035773918365,25.772035773918365,23.2000756483854,23.2000756483854
1,0,0,1,1,1,0,0,0,0,0,0,0,0,0,0,0,0,0,0,0,1,1,1,0,0,0,0,1,0,0,0,0,0,0,0,0,1,1,0,0,0,0,0,0,0,1,0,0,0,0,0,0,1,0,1,0,0,0,0,0,0,1,0,0,0,1,0,0,0,0,0,0,0,0,0,0,0,0,0,6,-17.019934140440274,240.001,5.2587449532908245e-08,5.2587449532908245e-08,25.771244777141856,25.771244777141856,23.42020385334759,23.42020385334759
1,0,0,1,1,1,0,0,0,0,0,0,0,0,0,0,0,0,0,0,0,1,1,1,0,0,0,0,1,0,0,0,0,0,0,0,0,1,1,0,0,0,0,0,0,0,1,0,0,0,0,0,0,1,0,1,0,0,0,0,0,0,1,0,0,0,1,0,0,0,0,0,0,0,0,0,0,0,0,0,22,-17.02008320315105,240.001,5.2805815516231516e-08,5.2805815516231516e-08,25.75309925569101,25.75309925569101,23.387414882371186,23.387414882371186
1,0,0,1,1,1,0,0,0,0,0,0,0,0,0,0,0,0,0,0,0,1,1,1,0,0,0,0,1,0,0,0,0,0,0,0,0,1,1,0,0,0,0,0,0,0,1,0,0,0,0,0,0,1,0,1,0,0,0,0,0,0,1,0,0,0,1,0,0,0,0,0,0,0,0,0,0,0,0,0,23,-17.021092542174262,240.001,5.281137496220323e-08,5.281137496220323e-08,25.751632711415645,25.751632711415645,23.17164918966755,23.17164918966755
1,0,0,1,1,1,0,0,0,0,0,0,0,0,0,0,0,0,0,0,0,1,1,1,0,0,0,0,1,0,0,0,0,0,0,0,0,1,1,0,0,0,0,0,0,0,1,0,0,0,0,0,0,1,0,1,0,0,0,0,0,0,1,0,0,0,1,0,0,0,0,0,0,0,0,0,0,0,0,0,24,-17.02020181559715,240.001,5.2832301555129445e-08,5.2832301555129445e-08,25.75080287993356,25.75080287993356,23.361498907012027,23.361498907012027
1,0,0,1,1,1,0,0,0,0,0,0,0,0,0,0,0,0,0,0,0,1,1,1,0,0,0,0,1,0,0,0,0,0,0,0,0,1,1,0,0,0,0,0,0,0,1,0,0,0,0,0,0,1,0,1,0,0,0,0,0,0,1,0,0,0,1,0,0,0,0,0,0,0,0,0,0,0,0,0,29,-17.018085905290867,240.001,5.2918058323804804e-08,5.2918058323804804e-08,25.745875088520393,25.745875088520393,23.848656823852096,23.848656823852096
1,0,0,1,1,1,0,0,0,0,0,0,0,0,0,0,0,0,0,0,0,1,1,1,0,0,0,0,1,0,0,0,0,0,0,0,0,1,1,0,0,0,0,0,0,0,1,0,0,0,0,0,0,1,0,1,0,0,0,0,0,0,1,0,0,0,1,0,0,0,0,0,0,0,0,0,0,0,0,0,38,-17.019381752060887,240.001,5.303107620561584e-08,5.303107620561584e-08,25.735313840713935,25.735313840713935,23.543906550161463,23.543906550161463
1,0,0,1,1,1,0,0,0,0,0,0,0,0,0,0,0,0,0,0,0,1,1,1,0,0,0,0,1,0,0,0,0,0,0,0,0,1,1,0,0,0,0,0,0,0,1,0,0,0,0,0,0,1,0,1,0,0,0,0,0,0,1,0,0,0,1,0,0,0,0,0,0,0,0,0,0,0,0,0,39,-17.01937942063181,240.001,5.304481948135205e-08,5.304481948135205e-08,25.734190821504157,25.734190821504157,23.54443615921641,23.54443615921641
1,0,0,1,1,1,0,0,0,0,0,0,0,0,0,0,0,0,0,0,0,1,1,1,0,0,0,0,1,0,0,0,0,0,0,0,0,1,1,0,0,0,0,0,0,0,1,0,0,0,0,0,0,1,0,1,0,0,0,0,0,0,1,0,0,0,1,0,0,0,0,0,0,0,0,0,0,0,0,0,47,-17.017781751666803,240.001,5.316762201910002e-08,5.316762201910002e-08,25.725745883874485,25.725745883874485,23.92338096131642,23.92338096131642
1,0,0,1,1,1,0,0,0,0,0,0,0,0,0,0,0,0,0,0,0,1,1,1,0,0,0,0,1,0,0,0,0,0,0,0,0,1,1,0,0,0,0,0,0,0,1,0,0,0,0,0,0,1,0,1,0,0,0,0,0,0,1,0,0,0,1,0,0,0,0,0,0,0,0,0,0,0,0,0,54,-17.018364047346676,240.001,5.3258965658295246e-08,5.3258965658295246e-08,25.717708675082,25.717708675082,23.78142622588602,23.78142622588602
1,0,0,1,1,1,0,0,0,0,0,0,0,0,0,0,0,0,0,0,0,1,1,1,0,0,0,0,1,0,0,0,0,0,0,0,0,1,1,0,0,0,0,0,0,0,1,0,0,0,0,0,0,1,0,1,0,0,0,0,0,0,1,0,0,0,1,0,0,0,0,0,0,0,0,0,0,0,0,0,56,-17.018346483320542,240.001,5.328656198399371e-08,5.328656198399371e-08,25.715476509343805,25.715476509343805,23.785641161582856,23.785641161582856
1,0,0,1,1,1,0,0,0,0,0,0,0,0,0,0,0,0,0,0,0,1,1,1,0,0,0,0,1,0,0,0,0,0,0,0,0,1,1,0,0,0,0,0,0,0,1,0,0,0,0,0,0,1,0,1,0,0,0,0,0,0,1,0,0,0,1,0,0,0,0,0,0,0,0,0,0,0,0,0,63,-17.017726512358987,240.001,5.3387717014688425e-08,5.3387717014688425e-08,25.707859989704733,25.707859989704733,23.937090569322415,23.937090569322415
1,0,0,1,1,1,0,0,0,0,0,0,0,0,0,0,0,0,0,0,0,1,1,1,0,0,0,0,1,0,0,0,0,0,0,0,0,1,1,0,0,0,0,0,0,0,1,0,0,0,0,0,0,1,0,1,0,0,0,0,0,0,1,0,0,0,1,0,0,0,0,0,0,0,0,0,0,0,0,0,67,-17.01750819827136,240.001,5.3444415516071276e-08,5.3444415516071276e-08,25.70346848313047,25.70346848313047,23.991698799848926,23.991698799848926
1,0,0,1,1,1,0,0,0,0,0,0,0,0,0,0,0,0,0,0,0,1,1,1,0,0,0,0,1,0,0,0,1,0,0,0,0,1,1,0,0,0,0,0,0,0,1,0,0,0,0,0,0,1,0,1,0,0,0,0,0,0,1,0,0,0,1,0,0,0,0,0,0,0,0,0,0,0,0,0,1,-17.01811572477626,240.001,5.253346029188897e-08,5.253346029188897e-08,25.777524195199682,25.777524195199682,23.84139925809608,23.84139925809608
1,0,0,1,1,1,0,0,0,0,0,0,0,0,0,0,0,0,0,0,0,1,1,1,0,0,0,0,1,0,0,0,1,0,0,0,0,1,1,0,0,0,0,0,0,0,1,0,0,0,0,0,0,1,0,1,0,0,0,0,0,0,1,0,0,0,1,0,0,0,0,0,0,0,0,0,0,0,0,0,4,-17.020185037159457,240.001,5.255798370786639e-08,5.255798370786639e-08,25.773428003362866,25.773428003362866,23.36515554167553,23.36515554167553
1,0,0,1,1,1,0,0,0,0,0,0,0,0,0,0,0,0,0,0,0,1,1,1,0,0,0,0,1,0,0,0,1,0,0,0,0,1,1,0,0,0,0,0,0,0,1,0,0,0,0,0,0,1,0,1,0,0,0,0,0,0,1,0,0,0,1,0,0,0,0,0,0,0,0,0,0,0,0,0,5,-17.02102267271644,240.001,5.256496346941906e-08,5.256496346941906e-08,25.772013657960283,25.772013657960283,23.186246260048087,23.186246260048087
1,0,0,1,1,1,0,0,0,0,0,0,0,0,0,0,0,0,0,0,0,1,1,1,0,0,0,0,1,0,0,0,1,0,0,0,0,1,1,0,0,0,0,0,0,0,1,0,0,0,0,0,0,1,0,1,0,0,0,0,0,0,1,0,0,0,1,0,0,0,0,0,0,0,0,0,0,0,0,0,6,-17.020002592425698,240.001,5.2586898424016806e-08,5.2586898424016806e-08,25.771221838830655,25.771221838830655,23.405116027536707,23.405116027536707
1,0,0,1,1,1,0,0,0,0,0,0,0,0,0,0,0,0,0,0,0,1,1,1,0,0,0,0,1,0,0,0,1,0,0,0,0,1,1,0,0,0,0,0,0,0,1,0,0,0,0,0,0,1,0,1,0,0,0,0,0,0,1,0,0,0,1,0,0,0,0,0,0,0,0,0,0,0,0,0,22,-17.020251254614607,240.001,5.2804456903428765e-08,5.2804456903428765e-08,25.75304294298729,25.75304294298729,23.350742123578392,23.350742123578392
1,0,0,1,1,1,0,0,0,0,0,0,0,0,0,0,0,0,0,0,0,1,1,1,0,0,0,0,1,0,0,0,1,0,0,0,0,1,1,0,0,0,0,0,0,0,1,0,0,0,0,0,0,1,0,1,0,0,0,0,0,0,1,0,0,0,1,0,0,0,0,0,0,0,0,0,0,0,0,0,23,-17.021277345723753,240.001,5.280988092535852e-08,5.280988092535852e-08,25.751570771763582,25.751570771763582,23.133273910756095,23.133273910756095
1,0,0,1,1,1,0,0,0,0,0,0,0,0,0,0,0,0,0,0,0,1,1,1,0,0,0,0,1,0,0,0,1,0,0,0,0,1,1,0,0,0,0,0,0,0,1,0,0,0,0,0,0,1,0,1,0,0,0,0,0,0,1,0,0,0,1,0,0,0,0,0,0,0,0,0,0,0,0,0,24,-17.02040724789101,240.001,5.283063986250369e-08,5.283063986250369e-08,25.750734044998886,25.750734044998886,23.316974419115883,23.316974419115883
1,0,0,1,1,1,0,0,0,0,0,0,0,0,0,0,0,0,0,0,0,1,1,1,0,0,0,0,1,0,0,0,1,0,0,0,0,1,1,0,0,0,0,0,0,0,1,0,0,0,0,0,0,1,0,1,0,0,0,0,0,0,1,0,0,0,1,0,0,0,0,0,0,0,0,0,0,0,0,0,29,-17.018549094751858,240.001,5.2914304495923554e-08,5.2914304495923554e-08,25.74571998378738,25.74571998378738,23.737265179437024,23.737265179437024
1,0,0,1,1,1,0,0,0,0,0,0,0,0,0,0,0,0,0,0,0,1,1,1,0,0,0,0,1,0,0,0,1,0,0,0,0,1,1,0,0,0,0,0,0,0,1,0,0,0,0,0,0,1,0,1,0,0,0,0,0,0,1,0,0,0,1,0,0,0,0,0,0,0,0,0,0,0,0,0,33,-17.018491899415096,240.001,5.2969672737474885e-08,5.2969672737474885e-08,25.74123520316169,25.74123520316169,23.750867001923414,23.750867001923414
1,0,0,1,1,1,0,0,0,0,0,0,0,0,0,0,0,0,0,0,0,1,1,1,0,0,0,0,1,0,0,0,1,0,0,0,0,1,1,0,0,0,0,0,0,0,1,0,0,0,0,0,0,1,0,1,0,0,0,0,0,0,1,0,0,0,1,0,0,0,0,0,0,0,0,0,0,0,0,0,38,-17.01975192728855,240.001,5.30280702724102e-08,5.30280702724102e-08,25.735189841369802,25.735189841369802,23.460622500564988,23.460622500564988
1,0,0,1,1,1,0,0,0,0,0,0,0,0,0,0,0,0,0,0,0,1,1,1,0,0,0,0,1,0,0,0,1,0,0,0,0,1,1,0,0,0,0,0,0,0,1,0,0,0,0,0,0,1,0,1,0,0,0,0,0,0,1,0,0,0,1,0,0,0,0,0,0,0,0,0,0,0,0,0,39,-17.019687779117177,240.001,5.304231495320609e-08,5.304231495320609e-08,25.73408752139077,25.73408752139077,23.47494148670485,23.47494148670485
1,0,0,1,1,1,0,0,0,0,0,0,0,0,0,0,0,0,0,0,0,1,1,1,0,0,0,0,1,0,0,0,1,0,0,0,0,1,1,0,0,0,0,0,0,0,1,0,0,0,0,0,0,1,0,1,0,0,0,0,0,0,1,0,0,0,1,0,0,0,0,0,0,0,0,0,0,0,0,0,47,-17.017913902991474,240.001,5.316654598936661e-08,5.316654598936661e-08,25.72570162786782,25.72570162786782,23.890756739037275,23.890756739037275
1,0,0,1,1,1,0,0,0,0,0,0,0,0,0,0,0,0,0,0,0,1,1,1,0,0,0,0,1,0,0,0,1,0,0,0,0,1,1,0,0,0,0,0,0,0,1,0,0,0,0,0,0,1,0,1,0,0,0,0,0,0,1,0,0,0,1,0,0,0,0,0,0,0,0,0,0,0,0,0,54,-17.01845211789329,240.001,5.3258247385085353e-08,5.3258247385085353e-08,25.7176791757433,25.7176791757433,23.760352660535414,23.760352660535414
1,0,0,1,1,1,0,0,0,0,0,0,0,0,0,0,0,0,0,0,0,1,1,1,0,0,0,0,1,0,0,0,1,0,0,0,0,1,1,0,0,0,0,0,0,0,1,0,0,0,0,0,0,1,0,1,0,0,0,0,0,0,1,0,0,0,1,0,0,0,0,0,0,0,0,0,0,0,0,0,56,-17.018426892949336,240.001,5.3285905855671946e-08,5.3285905855671946e-08,25.715449575610872,25.715449575610872,23.76637809911263,23.76637809911263
1,0,0,1,1,1,0,0,0,0,0,0,0,0,0,0,0,0,0,0,0,1,1,1,0,0,0,0,1,0,0,0,1,0,0,0,0,1,1,0,0,0,0,0,0,0,1,0,0,0,0,0,0,1,0,1,0,0,0,0,0,0,1,0,0,0,1,0,0,0,0,0,0,0,0,0,0,0,0,0,63,-17.01778817125564,240.001,5.3387212898655206e-08,5.3387212898655206e-08,25.707839339462765,25.707839339462765,23.921790503042804,23.921790503042804
1,0,0,1,1,1,0,0,0,0,0,0,0,0,0,0,0,0,0,0,0,1,1,1,0,0,0,0,1,0,0,0,1,0,0,0,0,1,1,0,0,0,0,0,0,0,1,0,0,0,0,0,0,1,0,1,0,0,0,0,0,0,1,0,0,0,1,0,0,0,0,0,0,0,0,0,0,0,0,0,67,-17.017562606215527,240.001,5.3443970201165384e-08,5.3443970201165384e-08,25.703450262056386,25.703450262056386,23.978025293970248,23.978025293970248
1,0,0,1,1,1,0,0,0,0,0,0,0,0,0,0,0,0,0,0,0,1,1,1,0,0,1,0,1,0,0,0,1,0,0,0,0,1,1,0,0,0,0,0,0,0,1,0,0,0,0,0,0,1,0,1,0,0,0,0,0,0,1,0,0,0,1,0,0,0,0,0,0,0,0,0,0,0,0,0,1,-17.018186829058315,240.001,5.253288836500312e-08,5.253288836500312e-08,25.777500372410465,25.777500372410465,23.824142243248655,23.824142243248655
1,0,0,1,1,1,0,0,0,0,0,0,0,0,0,0,0,0,0,0,0,1,1,1,0,0,1,0,1,0,0,0,1,0,0,0,0,1,1,0,0,0,0,0,0,0,1,0,0,0,0,0,0,1,0,1,0,0,0,0,0,0,1,0,0,0,1,0,0,0,0,0,0,0,0,0,0,0,0,0,4,-17.02026535557758,240.001,5.255733753078104e-08,5.255733753078104e-08,25.773401079852203,25.773401079852203,23.347678935616287,23.347678935616287
1,0,0,1,1,1,0,0,0,0,0,0,0,0,0,0,0,0,0,0,0,1,1,1,0,0,1,0,1,0,0,0,1,0,0,0,0,1,1,0,0,0,0,0,0,0,1,0,0,0,0,0,0,1,0,1,0,0,0,0,0,0,1,0,0,0,1,0,0,0,0,0,0,0,0,0,0,0,0,0,5,-17.021106617791535,240.001,5.256428809186069e-08,5.256428809186069e-08,25.771985513291344,25.771985513291344,23.168714422986504,23.168714422986504
1,0,0,1,1,1,0,0,0,0,0,0,0,0,0,0,0,0,0,0,0,1,1,1,0,0,1,0,1,0,0,0,1,0,0,0,0,1,1,0,0,0,0,0,0,0,1,0,0,0,0,0,0,1,0,1,0,0,0,0,0,0,1,0,0,0,1,0,0,0,0,0,0,0,0,0,0,0,0,0,6,-17.020090572472995,240.001,5.2586190187588614e-08,5.2586190187588614e-08,25.771192349634333,25.771192349634333,23.38580024510184,23.38580024510184
1,0,0,1,1,1,0,0,0,0,0,0,0,0,0,0,0,0,0,0,0,1,1,1,0,0,1,0,1,0,0,0,1,0,0,0,0,1,1,0,0,0,0,0,0,0,1,0,0,0,0,0,0,1,0,1,0,0,0,0,0,0,1,0,0,0,1,0,0,0,0,0,0,0,0,0,0,0,0,0,22,-17.02062112552875,240.001,5.2801467100911407e-08,5.2801467100911407e-08,25.752918977735703,25.752918977735703,23.271097276270343,23.271097276270343
1,0,0,1,1,1,0,0,0,0,0,0,0,0,0,0,0,0,0,0,0,1,1,1,0,0,1,0,1,0,0,0,1,0,0,0,0,1,1,0,0,0,0,0,0,0,1,0,0,0,0,0,0,1,0,1,0,0,0,0,0,0,1,0,0,0,1,0,0,0,0,0,0,0,0,0,0,0,0,0,23,-17.02173980630377,240.001,5.280614264041895e-08,5.280614264041895e-08,25.75141574872323,25.75141574872323,23.03869518681538,23.03869518681538
1,0,0,1,1,1,0,0,0,0,0,0,0,0,0,0,0,0,0,0,0,1,1,1,0,0,1,0,1,0,0,0,1,0,0,0,0,1,1,0,0,0,0,0,0,0,1,0,0,0,0,0,0,1,0,1,0,0,0,0,0,0,1,0,0,0,1,0,0,0,0,0,0,0,0,0,0,0,0,0,24,-17.02102486482286,240.001,5.282564460218307e-08,5.282564460218307e-08,25.75052708305183,25.75052708305183,23.18578754424687,23.18578754424687
1,0,0,1,1,1,0,0,0,0,0,0,0,0,0,0,0,0,0,0,0,1,1,1,0,0,1,0,1,0,0,0,1,0,0,0,0,1,1,0,0,0,0,0,0,0,1,0,0,0,0,0,0,1,0,1,0,0,0,0,0,0,1,0,0,0,1,0,0,0,0,0,0,0,0,0,0,0,0,0,27,-17.019758743214673,240.001,5.2877056699987514e-08,5.2877056699987514e-08,25.74756852698098,25.74756852698098,23.459103825989672,23.459103825989672
1,0,0,1,1,1,0,0,0,0,0,0,0,0,0,0,0,0,0,0,0,1,1,1,0,0,1,0,1,0,0,0,1,0,0,0,0,1,1,0,0,0,0,0,0,0,1,0,0,0,0,0,0,1,0,1,0,0,0,0,0,0,1,0,0,0,1,0,0,0,0,0,0,0,0,0,0,0,0,0,29,-17.019479093773178,240.001,5.2906769201330064e-08,5.2906769201330064e-08,25.745408488576814,25.745408488576814,23.521851529901415,23.521851529901415
1,0,0,1,1,1,0,0,0,0,0,0,0,0,0,0,0,0,0,0,0,1,1,1,0,0,1,0,1,0,0,0,1,0,0,0,0,1,1,0,0,0,0,0,0,0,1,0,0,0,0,0,0,1,0,1,0,0,0,0,0,0,1,0,0,0,1,0,0,0,0,0,0,0,0,0,0,0,0,0,33,-17.018800269223618,240.001,5.296717163501232e-08,5.296717163501232e-08,25.741131901760635,25.741131901760635,23.678029641001586,23.678029641001586
1,0,0,1,1,1,0,0,0,0,0,0,0,0,0,0,0,0,0,0,0,1,1,1,0,0,1,0,1,0,0,0,1,0,0,0,0,1,1,0,0,0,0,0,0,0,1,0,0,0,0,0,0,1,0,1,0,0,0,0,0,0,1,0,0,0,1,0,0,0,0,0,0,0,0,0,0,0,0,0,38,-17.019919952375748,240.001,5.302670622744886e-08,5.302670622744886e-08,25.735133531609222,25.735133531609222,23.423337650816368,23.423337650816368
1,0,0,1,1,1,0,0,0,0,0,0,0,0,0,0,0,0,0,0,0,1,1,1,0,0,1,0,1,0,0,0,1,0,0,0,0,1,1,0,0,0,0,0,0,0,1,0,0,0,0,0,0,1,0,1,0,0,0,0,0,0,1,0,0,0,1,0,0,0,0,0,0,0,0,0,0,0,0,0,39,-17.019841792419406,240.001,5.304106433396601e-08,5.304106433396601e-08,25.73403590622831,25.73403590622831,23.440641753289555,23.440641753289555
1,0,0,1,1,1,0,0,0,0,0,0,0,0,0,0,0,0,0,0,0,1,1,1,0,0,1,0,1,0,0,0,1,0,0,0,0,1,1,0,0,0,0,0,0,0,1,0,0,0,0,0,0,1,0,1,0,0,0,0,0,0,1,0,0,0,1,0,0,0,0,0,0,0,0,0,0,0,0,0,47,-17.01800635782609,240.001,5.316579332202465e-08,5.316579332202465e-08,25.725670655602933,25.725670655602933,23.868076646879448,23.868076646879448
1,0,0,1,1,1,0,0,0,0,0,0,0,0,0,0,0,0,0,0,0,1,1,1,0,0,1,0,1,0,0,0,1,0,0,0,0,1,1,0,0,0,0,0,0,0,1,0,0,0,0,0,0,1,0,1,0,0,0,0,0,0,1,0,0,0,1,0,0,0,0,0,0,0,0,0,0,0,0,0,54,-17.018520584263385,240.001,5.325768908980311e-08,5.325768908980311e-08,25.717656235811475,25.717656235811475,23.744040055578278,23.744040055578278
1,0,0,1,1,1,0,0,0,0,0,0,0,0,0,0,0,0,0,0,0,1,1,1,0,0,1,0,1,0,0,0,1,0,0,0,0,1,1,0,0,0,0,0,0,0,1,0,0,0,0,0,0,1,0,1,0,0,0,0,0,0,1,0,0,0,1,0,0,0,0,0,0,0,0,0,0,0,0,0,56,-17.018490636345213,240.001,5.328538580525026e-08,5.328538580525026e-08,25.71542821793162,25.71542821793162,23.751167856241704,23.751167856241704
1,0,0,1,1,1,0,0,0,0,0,0,0,0,0,0,0,0,0,0,0,1,1,1,0,0,1,0,1,0,0,0,1,0,0,0,0,1,1,0,0,0,0,0,0,0,1,0,0,0,0,0,0,1,0,1,0,0,0,0,0,0,1,0,0,0,1,0,0,0,0,0,0,0,0,0,0,0,0,0,63,-17.017839530884864,240.001,5.3386793053256936e-08,5.3386793053256936e-08,25.707822133565642,25.707822133565642,23.909086956499188,23.909086956499188
1,0,0,1,1,1,0,0,0,0,0,0,0,0,0,0,0,0,0,0,0,1,1,1,0,0,1,0,1,0,0,0,1,0,0,0,0,1,1,0,0,0,0,0,0,0,1,0,0,0,0,0,0,1,0,1,0,0,0,0,0,0,1,0,0,0,1,0,0,0,0,0,0,0,0,0,0,0,0,0,67,-17.017608832895984,240.001,5.344359190508831e-08,5.344359190508831e-08,25.703434776445434,25.703434776445434,23.96644145561785,23.96644145561785
1,0,0,1,1,1,0,0,0,0,0,0,0,0,0,0,0,0,0,0,0,1,1,1,0,0,1,0,1,0,0,0,1,0,0,0,0,1,1,0,0,0,0,0,0,0,1,0,0,1,0,0,0,1,0,1,0,0,0,0,0,0,1,0,0,0,1,0,0,0,0,0,0,0,0,0,0,0,0,0,1,-17.01822456461828,240.001,5.2532584821065694e-08,5.2532584821065694e-08,25.77748773119464,25.77748773119464,23.815011482255088,23.815011482255088
1,0,0,1,1,1,0,0,0,0,0,0,0,0,0,0,0,0,0,0,0,1,1,1,0,0,1,0,1,0,0,0,1,0,0,0,0,1,1,0,0,0,0,0,0,0,1,0,0,1,0,0,0,1,0,1,0,0,0,0,0,0,1,0,0,0,1,0,0,0,0,0,0,0,0,0,0,0,0,0,4,-17.020305520783424,240.001,5.255701437726294e-08,5.255701437726294e-08,25.773387617715386,25.773387617715386,23.338965514766073,23.338965514766073
1,0,0,1,1,1,0,0,0,0,0,0,0,0,0,0,0,0,0,0,0,1,1,1,0,0,1,0,1,0,0,0,1,0,0,0,0,1,1,0,0,0,0,0,0,0,1,0,0,1,0,0,0,1,0,1,0,0,0,0,0,0,1,0,0,0,1,0,0,0,0,0,0,0,0,0,0,0,0,0,5,-17.02114766289306,240.001,5.256395784963263e-08,5.256395784963263e-08,25.77197175341199,25.77197175341199,23.16016776966858,23.16016776966858
1,0,0,1,1,1,0,0,0,0,0,0,0,0,0,0,0,0,0,0,0,1,1,1,0,0,1,0,1,0,0,0,1,0,0,0,0,1,1,0,0,0,0,0,0,0,1,0,0,1,0,0,0,1,0,1,0,0,0,0,0,0,1,0,0,0,1,0,0,0,0,0,0,0,0,0,0,0,0,0,6,-17.020132567421296,240.001,5.2585852116410535e-08,5.2585852116410535e-08,25.771178275118864,25.771178275118864,23.376610432385547,23.376610432385547
1,0,0,1,1,1,0,0,0,0,0,0,0,0,0,0,0,0,0,0,0,1,1,1,0,0,1,0,1,0,0,0,1,0,0,0,0,1,1,0,0,0,0,0,0,0,1,0,0,1,0,0,0,1,0,1,0,0,0,0,0,0,1,0,0,0,1,0,0,0,0,0,0,0,0,0,0,0,0,0,22,-17.02068710812832,240.001,5.280093377755146e-08,5.280093377755146e-08,25.75289686144795,25.75289686144795,23.257040700345296,23.257040700345296
1,0,0,1,1,1,0,0,0,0,0,0,0,0,0,0,0,0,0,0,0,1,1,1,0,0,1,0,1,0,0,0,1,0,0,0,0,1,1,0,0,0,0,0,0,0,1,0,0,1,0,0,0,1,0,1,0,0,0,0,0,0,1,0,0,0,1,0,0,0,0,0,0,0,0,0,0,0,0,0,23,-17.021808205048124,240.001,5.280558981441249e-08,5.280558981441249e-08,25.75139281638275,25.75139281638275,23.024879195052495,23.024879195052495
1,0,0,1,1,1,0,0,0,0,0,0,0,0,0,0,0,0,0,0,0,1,1,1,0,0,1,0,1,0,0,0,1,0,0,0,0,1,1,0,0,0,0,0,0,0,1,0,0,1,0,0,0,1,0,1,0,0,0,0,0,0,1,0,0,0,1,0,0,0,0,0,0,0,0,0,0,0,0,0,24,-17.021095915666017,240.001,5.2825070071345745e-08,5.2825070071345745e-08,25.750503266261582,25.750503266261582,23.170945636671227,23.170945636671227
1,0,0,1,1,1,0,0,0,0,0,0,0,0,0,0,0,0,0,0,0,1,1,1,0,0,1,0,1,0,0,0,1,0,0,0,0,1,1,0,0,0,0,0,0,0,1,0,0,1,0,0,0,1,0,1,0,0,0,0,0,0,1,0,0,0,1,0,0,0,0,0,0,0,0,0,0,0,0,0,27,-17.01983910377293,240.001,5.2876406144450875e-08,5.2876406144450875e-08,25.7475415987496,25.7475415987496,23.44123822485455,23.44123822485455
1,0,0,1,1,1,0,0,0,0,0,0,0,0,0,0,0,0,0,0,0,1,1,1,0,0,1,0,1,0,0,0,1,0,0,0,0,1,1,0,0,0,0,0,0,0,1,0,0,1,0,0,0,1,0,1,0,0,0,0,0,0,1,0,0,0,1,0,0,0,0,0,0,0,0,0,0,0,0,0,29,-17.01956712067796,240.001,5.2906056150042293e-08,5.2906056150042293e-08,25.745378994130377,25.745378994130377,23.5020025556487,23.5020025556487
1,0,0,1,1,1,0,0,0,0,0,0,0,0,0,0,0,0,0,0,0,1,1,1,0,0,1,0,1,0,0,0,1,0,0,0,0,1,1,0,0,0,0,0,0,0,1,0,0,1,0,0,0,1,0,1,0,0,0,0,0,0,1,0,0,0,1,0,0,0,0,0,0,0,0,0,0,0,0,0,33,-17.01890904426213,240.001,5.2966289421779496e-08,5.2966289421779496e-08,25.741095462759304,25.741095462759304,23.652624313959265,23.652624313959265
1,0,0,1,1,1,0,0,0,0,0,0,0,0,0,0,0,0,0,0,0,1,1,1,0,0,1,0,1,0,0,0,1,0,0,0,0,1,1,0,0,0,0,0,0,0,1,0,0,1,0,0,0,1,0,1,0,0,0,0,0,0,1,0,0,0,1,0,0,0,0,0,0,0,0,0,0,0,0,0,38,-17.02007400563168,240.001,5.3025455542968576e-08,5.3025455542968576e-08,25.735081911978277,25.735081911978277,23.389430921039043,23.389430921039043
1,0,0,1,1,1,0,0,0,0,0,0,0,0,0,0,0,0,0,0,0,1,1,1,0,0,1,0,1,0,0,0,1,0,0,0,0,1,1,0,0,0,0,0,0,0,1,0,0,1,0,0,0,1,0,1,0,0,0,0,0,0,1,0,0,0,1,0,0,0,0,0,0,0,0,0,0,0,0,0,39,-17.020009869968153,240.001,5.303969938573946e-08,5.303969938573946e-08,25.73397959059796,25.73397959059796,23.403515014308155,23.403515014308155
1,0,0,1,1,1,0,0,0,0,0,0,0,0,0,0,0,0,0,0,0,1,1,1,0,0,1,0,1,0,0,0,1,0,0,0,0,1,1,0,0,0,0,0,0,0,1,0,0,1,0,0,0,1,0,1,0,0,0,0,0,0,1,0,0,0,1,0,0,0,0,0,0,0,0,0,0,0,0,0,47,-17.018624625041653,240.001,5.316075930452944e-08,5.316075930452944e-08,25.725463620759264,25.725463620759264,23.71936781097577,23.71936781097577
1,0,0,1,1,1,0,0,0,0,0,0,0,0,0,0,0,0,0,0,0,1,1,1,0,0,1,0,1,0,0,0,1,0,0,0,0,1,1,0,0,0,0,0,0,0,1,0,0,1,0,0,0,1,0,1,0,0,0,0,0,0,1,0,0,0,1,0,0,0,0,0,0,0,0,0,0,0,0,0,50,-17.018776656247752,240.001,5.320069828501299e-08,5.320069828501299e-08,25.722050017166858,25.722050017166858,23.68356425369461,23.68356425369461
1,0,0,1,1,1,0,0,0,0,0,0,0,0,0,0,0,0,0,0,0,1,1,1,0,0,1,0,1,0,0,0,1,0,0,0,0,1,1,0,0,0,0,0,0,0,1,0,0,1,0,0,0,1,0,1,0,0,0,0,0,0,1,0,0,0,1,0,0,0,0,0,0,0,0,0,0,0,0,0,54,-17.01898367720091,240.001,5.3253912220757777e-08,5.3253912220757777e-08,25.717501141883588,25.717501141883588,23.635278366588558,23.635278366588558
1,0,0,1,1,1,0,0,0,0,0,0,0,0,0,0,0,0,0,0,0,1,1,1,0,0,1,0,1,0,0,0,1,0,0,0,0,1,1,0,0,0,0,0,0,0,1,0,0,1,0,0,0,1,0,1,0,0,0,0,0,0,1,0,0,0,1,0,0,0,0,0,0,0,0,0,0,0,0,0,56,-17.018799082173107,240.001,5.3282868967301626e-08,5.3282868967301626e-08,25.715324908020698,25.715324908020698,23.678307704531505,23.678307704531505
1,0,0,1,1,1,0,0,0,0,0,0,0,0,0,0,0,0,0,0,0,1,1,1,0,0,1,0,1,0,0,0,1,0,0,0,0,1,1,0,0,0,0,0,0,0,1,0,0,1,0,0,0,1,0,1,0,0,0,0,0,0,1,0,0,0,1,0,0,0,0,0,0,0,0,0,0,0,0,0,63,-17.01798183815635,240.001,5.3385629587435563e-08,5.3385629587435563e-08,25.707774473727195,25.707774473727195,23.87408008208979,23.87408008208979
1,0,0,1,1,1,0,0,0,0,0,0,0,0,0,0,0,0,0,0,0,1,1,1,0,0,1,0,1,0,0,0,1,0,0,0,0,1,1,0,0,0,0,0,0,0,1,0,0,1,0,0,0,1,0,1,0,0,0,0,0,0,1,0,0,0,1,0,0,0,0,0,0,0,0,0,0,0,0,0,67,-17.017717653374667,240.001,5.344270126020158e-08,5.344270126020158e-08,25.70339833234883,25.70339833234883,23.939293259058978,23.939293259058978
1,0,0,1,1,1,0,0,0,0,0,0,0,1,0,0,0,0,0,0,0,1,1,1,0,0,1,0,1,0,0,0,1,0,0,0,0,1,1,0,0,0,0,0,0,0,1,0,0,1,0,0,0,1,0,1,0,0,0,0,0,0,1,0,0,0,1,0,0,0,0,0,0,0,0,0,0,0,0,0,1,-17.018366863788273,240.001,5.2531440058033116e-08,5.2531440058033116e-08,25.777440072272576,25.777440072272576,23.780750727768275,23.780750727768275
1,0,0,1,1,1,0,0,0,0,0,0,0,1,0,0,0,0,0,0,0,1,1,1,0,0,1,0,1,0,0,0,1,0,0,0,0,1,1,0,0,0,0,0,0,0,1,0,0,1,0,0,0,1,0,1,0,0,0,0,0,0,1,0,0,0,1,0,0,0,0,0,0,0,0,0,0,0,0,0,4,-17.020490392656797,240.001,5.2555526802128626e-08,5.2555526802128626e-08,25.773325670407438,25.773325670407438,23.299082359848533,23.299082359848533
1,0,0,1,1,1,0,0,0,0,0,0,0,1,0,0,0,0,0,0,0,1,1,1,0,0,1,0,1,0,0,0,1,0,0,0,0,1,1,0,0,0,0,0,0,0,1,0,0,1,0,0,0,1,0,1,0,0,0,0,0,0,1,0,0,0,1,0,0,0,0,0,0,0,0,0,0,0,0,0,5,-17.021353034883695,240.001,5.256230524494302e-08,5.256230524494302e-08,25.771902925245204,25.771902925245204,23.11765361163267,23.11765361163267
1,0,0,1,1,1,0,0,0,0,0,0,0,1,0,0,0,0,0,0,0,1,1,1,0,0,1,0,1,0,0,0,1,0,0,0,0,1,1,0,0,0,0,0,0,0,1,0,0,1,0,0,0,1,0,1,0,0,0,0,0,0,1,0,0,0,1,0,0,0,0,0,0,0,0,0,0,0,0,0,6,-17.020363736038938,240.001,5.258399086678828e-08,5.258399086678828e-08,25.77110082555557,25.77110082555557,23.32636713339449,23.32636713339449
1,0,0,1,1,1,0,0,0,0,0,0,0,1,0,0,0,0,0,0,0,1,1,1,0,0,1,0,1,0,0,0,1,0,0,0,0,1,1,0,0,0,0,0,0,0,1,0,0,1,0,0,0,1,0,1,0,0,0,0,0,0,1,0,0,0,1,0,0,0,0,0,0,0,0,0,0,0,0,0,14,-17.01823181077421,240.001,5.271097463584443e-08,5.271097463584443e-08,25.762757724466496,25.762757724466496,23.81326033736014,23.81326033736014
1,0,0,1,1,1,0,0,0,0,0,0,0,1,0,0,0,0,0,0,0,1,1,1,0,0,1,0,1,0,0,0,1,0,0,0,0,1,1,0,0,0,0,0,0,0,1,0,0,1,0,0,0,1,0,1,0,0,0,0,0,0,1,0,0,0,1,0,0,0,0,0,0,0,0,0,0,0,0,0,22,-17.020918241055867,240.001,5.27990653004066e-08,5.27990653004066e-08,25.752819415891757,25.752819415891757,23.208155476996065,23.208155476996065
1,0,0,1,1,1,0,0,0,0,0,0,0,1,0,0,0,0,0,0,0,1,1,1,0,0,1,0,1,0,0,0,1,0,0,0,0,1,1,0,0,0,0,0,0,0,1,0,0,1,0,0,0,1,0,1,0,0,0,0,0,0,1,0,0,0,1,0,0,0,0,0,0,0,0,0,0,0,0,0,23,-17.02201353813265,240.001,5.280393003274961e-08,5.280393003274961e-08,25.751323992586105,25.751323992586105,22.983664359965246,22.983664359965246
1,0,0,1,1,1,0,0,0,0,0,0,0,1,0,0,0,0,0,0,0,1,1,1,0,0,1,0,1,0,0,0,1,0,0,0,0,1,1,0,0,0,0,0,0,0,1,0,0,1,0,0,0,1,0,1,0,0,0,0,0,0,1,0,0,0,1,0,0,0,0,0,0,0,0,0,0,0,0,0,24,-17.02128074429934,240.001,5.2823575376044536e-08,5.2823575376044536e-08,25.750441323807962,25.750441323807962,23.132571331862295,23.132571331862295
1,0,0,1,1,1,0,0,0,0,0,0,0,1,0,0,0,0,0,0,0,1,1,1,0,0,1,0,1,0,0,0,1,0,0,0,0,1,1,0,0,0,0,0,0,0,1,0,0,1,0,0,0,1,0,1,0,0,0,0,0,0,1,0,0,0,1,0,0,0,0,0,0,0,0,0,0,0,0,0,27,-17.019981326790386,240.001,5.287525471223617e-08,5.287525471223617e-08,25.747493948366387,25.747493948366387,23.40979770211981,23.40979770211981
1,0,0,1,1,1,0,0,0,0,0,0,0,1,0,0,0,0,0,0,0,1,1,1,0,0,1,0,1,0,0,0,1,0,0,0,0,1,1,0,0,0,0,0,0,0,1,0,0,1,0,0,0,1,0,1,0,0,0,0,0,0,1,0,0,0,1,0,0,0,0,0,0,0,0,0,0,0,0,0,29,-17.019690383747772,240.001,5.290505763613326e-08,5.290505763613326e-08,25.74533769770193,25.74533769770193,23.474359171570008,23.474359171570008
1,0,0,1,1,1,0,0,0,0,0,0,0,1,0,0,0,0,0,0,0,1,1,1,0,0,1,0,1,0,0,0,1,0,0,0,0,1,1,0,0,0,0,0,0,0,1,0,0,1,0,0,0,1,0,1,0,0,0,0,0,0,1,0,0,0,1,0,0,0,0,0,0,0,0,0,0,0,0,0,33,-17.019006374104354,240.001,5.2965500029280624e-08,5.2965500029280624e-08,25.741062859248636,25.741062859248636,23.63001687539123,23.63001687539123
1,0,0,1,1,1,0,0,0,0,0,0,0,1,0,0,0,0,0,0,0,1,1,1,0,0,1,0,1,0,0,0,1,0,0,0,0,1,1,0,0,0,0,0,0,0,1,0,0,1,0,0,0,1,0,1,0,0,0,0,0,0,1,0,0,0,1,0,0,0,0,0,0,0,0,0,0,0,0,0,38,-17.0201510196667,240.001,5.302483032339792e-08,5.302483032339792e-08,25.73505610561466,25.73505610561466,23.372578615141357,23.372578615141357
1,0,0,1,1,1,0,0,0,0,0,0,0,1,0,0,0,0,0,0,0,1,1,1,0,0,1,0,1,0,0,0,1,0,0,0,0,1,1,0,0,0,0,0,0,0,1,0,0,1,0,0,0,1,0,1,0,0,0,0,0,0,1,0,0,0,1,0,0,0,0,0,0,0,0,0,0,0,0,0,39,-17.020083803211413,240.001,5.303909901545815e-08,5.303909901545815e-08,25.733954816565436,25.733954816565436,23.38728338526132,23.38728338526132
1,0,0,1,1,1,0,0,0,0,0,0,0,1,0,0,0,0,0,0,0,1,1,1,0,0,1,0,1,0,0,0,1,0,0,0,0,1,1,0,0,0,0,0,0,0,1,0,0,1,0,0,0,1,0,1,0,0,0,0,0,0,1,0,0,0,1,0,0,0,0,0,0,0,0,0,0,0,0,0,47,-17.01868066262529,240.001,5.316030313802317e-08,5.316030313802317e-08,25.725444849657354,25.725444849657354,23.706136657110846,23.706136657110846
1,0,0,1,1,1,0,0,0,0,0,0,0,1,0,0,0,0,0,0,0,1,1,1,0,0,1,0,1,0,0,0,1,0,0,0,0,1,1,0,0,0,0,0,0,0,1,0,0,1,0,0,0,1,0,1,0,0,0,0,0,0,1,0,0,0,1,0,0,0,0,0,0,0,0,0,0,0,0,0,50,-17.018828019968606,240.001,5.320027986182059e-08,5.320027986182059e-08,25.722032810816874,25.722032810816874,23.67153414664276,23.67153414664276
1,0,0,1,1,1,0,0,0,0,0,0,0,1,0,0,0,0,0,0,0,1,1,1,0,0,1,0,1,0,0,0,1,0,0,0,0,1,1,0,0,0,0,0,0,0,1,0,0,1,0,0,0,1,0,1,0,0,0,0,0,0,1,0,0,0,1,0,0,0,0,0,0,0,0,0,0,0,0,0,54,-17.019029900000355,240.001,5.325353531217473e-08,5.325353531217473e-08,25.71748565671266,25.71748565671266,23.624569901457818,23.624569901457818
1,0,0,1,1,1,0,0,0,0,0,0,0,1,0,0,0,0,0,0,0,1,1,1,0,0,1,0,1,0,0,0,1,0,0,0,0,1,1,0,0,0,0,0,0,0,1,0,0,1,0,0,0,1,0,1,0,0,0,0,0,0,1,0,0,0,1,0,0,0,0,0,0,0,0,0,0,0,0,0,56,-17.018843106327754,240.001,5.328250978475364e-08,5.328250978475364e-08,25.715310159978124,25.715310159978124,23.668007003831143,23.668007003831143
1,0,0,1,1,1,0,0,0,0,0,0,0,1,0,0,0,0,0,0,0,1,1,1,0,0,1,0,1,0,0,0,1,0,0,0,0,1,1,0,0,0,0,0,0,0,1,0,0,1,0,0,0,1,0,1,0,0,0,0,0,0,1,0,0,0,1,0,0,0,0,0,0,0,0,0,0,0,0,0,63,-17.01801958439317,240.001,5.338532099966411e-08,5.338532099966411e-08,25.70776183131601,25.70776183131601,23.86484166135741,23.86484166135741
1,0,0,1,1,1,0,0,0,0,0,0,0,1,0,0,0,0,0,0,0,1,1,1,0,0,1,0,1,0,0,0,1,0,0,0,0,1,1,0,0,0,0,0,0,0,1,0,0,1,0,0,0,1,0,1,0,0,0,0,0,0,1,0,0,0,1,0,0,0,0,0,0,0,0,0,0,0,0,0,67,-17.01775255396052,240.001,5.344241562277434e-08,5.344241562277434e-08,25.703386643742732,25.703386643742732,23.930622044735,23.930622044735
1,0,0,1,1,1,0,0,0,0,0,0,0,1,0,0,0,0,0,0,0,1,1,1,0,0,1,0,1,0,0,0,1,0,0,0,0,1,1,0,0,0,0,0,0,0,1,0,0,1,0,0,0,1,0,1,0,0,0,0,0,0,1,0,0,0,1,0,0,1,0,0,0,0,0,0,0,0,0,0,1,-17.018393664702245,240.001,5.253122446891307e-08,5.253122446891307e-08,25.777431094848158,25.777431094848158,23.77432799980152,23.77432799980152
1,0,0,1,1,1,0,0,0,0,0,0,0,1,0,0,0,0,0,0,0,1,1,1,0,0,1,0,1,0,0,0,1,0,0,0,0,1,1,0,0,0,0,0,0,0,1,0,0,1,0,0,0,1,0,1,0,0,0,0,0,0,1,0,0,0,1,0,0,1,0,0,0,0,0,0,0,0,0,0,4,-17.02051838926854,240.001,5.2555301552235475e-08,5.2555301552235475e-08,25.77331628744135,25.77331628744135,23.293074196842948,23.293074196842948
1,0,0,1,1,1,0,0,0,0,0,0,0,1,0,0,0,0,0,0,0,1,1,1,0,0,1,0,1,0,0,0,1,0,0,0,0,1,1,0,0,0,0,0,0,0,1,0,0,1,0,0,0,1,0,1,0,0,0,0,0,0,1,0,0,0,1,0,0,1,0,0,0,0,0,0,0,0,0,0,5,-17.021381453071843,240.001,5.2562076598408404e-08,5.2562076598408404e-08,25.77189339894999,25.77189339894999,23.111803233744194,23.111803233744194
1,0,0,1,1,1,0,0,0,0,0,0,0,1,0,0,0,0,0,0,0,1,1,1,0,0,1,0,1,0,0,0,1,0,0,0,0,1,1,0,0,0,0,0,0,0,1,0,0,1,0,0,0,1,0,1,0,0,0,0,0,0,1,0,0,0,1,0,0,1,0,0,0,0,0,0,0,0,0,0,6,-17.020392609507887,240.001,5.2583758430964353e-08,5.2583758430964353e-08,25.77109114914968,25.77109114914968,23.320132086768496,23.320132086768496
1,0,0,1,1,1,0,0,0,0,0,0,0,1,0,0,0,0,0,0,0,1,1,1,0,0,1,0,1,0,0,0,1,0,0,0,0,1,1,0,0,0,0,0,0,0,1,0,0,1,0,0,0,1,0,1,0,0,0,0,0,0,1,0,0,0,1,0,0,1,0,0,0,0,0,0,0,0,0,0,14,-17.018264836565777,240.001,5.271070805685834e-08,5.271070805685834e-08,25.762746662616255,25.762746662616255,23.805288041159663,23.805288041159663
1,0,0,1,1,1,0,0,0,0,0,0,0,1,0,0,0,0,0,0,0,1,1,1,0,0,1,0,1,0,0,0,1,0,0,0,0,1,1,0,0,0,0,0,0,0,1,0,0,1,0,0,0,1,0,1,0,0,0,0,0,0,1,0,0,0,1,0,0,1,0,0,0,0,0,0,0,0,0,0,22,-17.020956732151195,240.001,5.2798754193143585e-08,5.2798754193143585e-08,25.752806514750514,25.752806514750514,23.200067440512555,23.200067440512555
1,0,0,1,1,1,0,0,0,0,0,0,0,1,0,0,0,0,0,0,0,1,1,1,0,0,1,0,1,0,0,0,1,0,0,0,0,1,1,0,0,0,0,0,0,0,1,0,0,1,0,0,0,1,0,1,0,0,0,0,0,0,1,0,0,0,1,0,0,1,0,0,0,0,0,0,0,0,0,0,23,-17.02205283217666,240.001,5.280361244980255e-08,5.280361244980255e-08,25.75131081874492,25.75131081874492,22.97582135892444,22.97582135892444
1,0,0,1,1,1,0,0,0,0,0,0,0,1,0,0,0,0,0,0,0,1,1,1,0,0,1,0,1,0,0,0,1,0,0,0,0,1,1,0,0,0,0,0,0,0,1,0,0,1,0,0,0,1,0,1,0,0,0,0,0,0,1,0,0,0,1,0,0,1,0,0,0,0,0,0,0,0,0,0,24,-17.02132090439898,240.001,5.282325064064162e-08,5.282325064064162e-08,25.750427862247008,25.750427862247008,23.1242776905425,23.1242776905425
1,0,0,1,1,1,0,0,0,0,0,0,0,1,0,0,0,0,0,0,0,1,1,1,0,0,1,0,1,0,0,0,1,0,0,0,0,1,1,0,0,0,0,0,0,0,1,0,0,1,0,0,0,1,0,1,0,0,0,0,0,0,1,0,0,0,1,0,0,1,0,0,0,0,0,0,0,0,0,0,27,-17.02002431087141,240.001,5.287490674223466e-08,5.287490674223466e-08,25.747479545130908,25.747479545130908,23.40033984563608,23.40033984563608
1,0,0,1,1,1,0,0,0,0,0,0,0,1,0,0,0,0,0,0,0,1,1,1,0,0,1,0,1,0,0,0,1,0,0,0,0,1,1,0,0,0,0,0,0,0,1,0,0,1,0,0,0,1,0,1,0,0,0,0,0,0,1,0,0,0,1,0,0,1,0,0,0,0,0,0,0,0,0,0,29,-17.019735470366527,240.001,5.2904692424269384e-08,5.2904692424269384e-08,25.74532259121206,25.74532259121206,23.46429149174591,23.46429149174591
1,0,0,1,1,1,0,0,0,0,0,0,0,1,0,0,0,0,0,0,0,1,1,1,0,0,1,0,1,0,0,0,1,0,0,0,0,1,1,0,0,0,0,0,0,0,1,0,0,1,0,0,0,1,0,1,0,0,0,0,0,0,1,0,0,0,1,0,0,1,0,0,0,0,0,0,0,0,0,0,33,-17.01905634906196,240.001,5.2965094720486505e-08,5.2965094720486505e-08,25.74104611800848,25.74104611800848,23.618454235561025,23.618454235561025
1,0,0,1,1,1,0,0,0,0,0,0,0,1,0,0,0,0,0,0,0,1,1,1,0,0,1,0,1,0,0,0,1,0,0,0,0,1,1,0,0,0,0,0,0,0,1,0,0,1,0,0,0,1,0,1,0,0,0,0,0,0,1,0,0,0,1,0,0,1,0,0,0,0,0,0,0,0,0,0,38,-17.020208779247344,240.001,5.3024361421093766e-08,5.3024361421093766e-08,25.73503675117033,25.73503675117033,23.35998217264187,23.35998217264187
1,0,0,1,1,1,0,0,0,0,0,0,0,1,0,0,0,0,0,0,0,1,1,1,0,0,1,0,1,0,0,0,1,0,0,0,0,1,1,0,0,0,0,0,0,0,1,0,0,1,0,0,0,1,0,1,0,0,0,0,0,0,1,0,0,0,1,0,0,1,0,0,0,0,0,0,0,0,0,0,39,-17.020143428759326,240.001,5.303861482745362e-08,5.303861482745362e-08,25.73393483745615,25.73393483745615,23.374236777994028,23.374236777994028
1,0,0,1,1,1,0,0,0,0,0,0,0,1,0,0,0,0,0,0,0,1,1,1,0,0,1,0,1,0,0,0,1,0,0,0,0,1,1,0,0,0,0,0,0,0,1,0,0,1,0,0,0,1,0,1,0,0,0,0,0,0,1,0,0,0,1,0,0,1,0,0,0,0,0,0,0,0,0,0,47,-17.018761074299462,240.001,5.3159648542085146e-08,5.3159648542085146e-08,25.725417915698184,25.725417915698184,23.687220335141532,23.687220335141532
1,0,0,1,1,1,0,0,0,0,0,0,0,1,0,0,0,0,0,0,0,1,1,1,0,0,1,0,1,0,0,0,1,0,0,0,0,1,1,0,0,0,0,0,0,0,1,0,0,1,0,0,0,1,0,1,0,0,0,0,0,0,1,0,0,0,1,0,0,1,0,0,0,0,0,0,0,0,0,0,50,-17.018920491973276,240.001,5.3199526530046055e-08,5.3199526530046055e-08,25.722001836637027,25.722001836637027,23.64995919064922,23.64995919064922
1,0,0,1,1,1,0,0,0,0,0,0,0,1,0,0,0,0,0,0,0,1,1,1,0,0,1,0,1,0,0,0,1,0,0,0,0,1,1,0,0,0,0,0,0,0,1,0,0,1,0,0,0,1,0,1,0,0,0,0,0,0,1,0,0,0,1,0,0,1,0,0,0,0,0,0,0,0,0,0,54,-17.019145488452445,240.001,5.3252592733517955e-08,5.3252592733517955e-08,25.717446938336863,25.717446938336863,23.597905961153877,23.597905961153877
1,0,0,1,1,1,0,0,0,0,0,0,0,1,0,0,0,0,0,0,0,1,1,1,0,0,1,0,1,0,0,0,1,0,0,0,0,1,1,0,0,0,0,0,0,0,1,0,0,1,0,0,0,1,0,1,0,0,0,0,0,0,1,0,0,0,1,0,0,1,0,0,0,0,0,0,0,0,0,0,56,-17.018975225477217,240.001,5.328143178033725e-08,5.328143178033725e-08,25.71526590758033,25.71526590758033,23.637239228956368,23.637239228956368
1,0,0,1,1,1,0,0,0,0,0,0,0,1,0,0,0,0,0,0,0,1,1,1,0,0,1,0,1,0,0,0,1,0,0,0,0,1,1,0,0,0,0,0,0,0,1,0,0,1,0,0,0,1,0,1,0,0,0,0,0,0,1,0,0,0,1,0,0,1,0,0,0,0,0,0,0,0,0,0,63,-17.018284011725726,240.001,5.3383159041815816e-08,5.3383159041815816e-08,25.70767328479835,25.70767328479835,23.800665911599353,23.800665911599353
1,0,0,1,1,1,0,0,0,0,0,0,0,1,0,0,0,0,0,0,0,1,1,1,0,0,1,0,1,0,0,0,1,0,0,0,0,1,1,0,0,0,0,0,0,0,1,0,0,1,0,0,0,1,0,1,0,0,0,0,0,0,1,0,0,0,1,0,0,1,0,0,0,0,0,0,0,0,0,0,67,-17.018370949735395,240.001,5.3437354008477805e-08,5.3437354008477805e-08,25.7031795945057,25.7031795945057,23.779770936161732,23.779770936161732
1,0,0,1,1,1,0,0,0,0,0,0,0,1,0,0,0,0,0,0,0,1,1,1,0,0,1,0,1,0,0,0,1,0,0,0,0,1,1,0,0,0,0,0,0,0,1,0,0,1,0,0,0,1,0,1,0,0,0,0,0,0,1,0,0,0,1,0,0,1,0,0,0,0,0,0,0,0,0,0,70,-17.01805107427087,240.001,5.3481153645255114e-08,5.3481153645255114e-08,25.699941256889396,25.699941256889396,23.857149435899206,23.857149435899206
1,0,0,1,1,1,0,0,0,0,0,0,0,1,0,0,0,0,0,0,0,1,1,1,0,0,1,0,1,0,0,0,1,0,0,0,0,1,1,0,0,1,0,0,0,0,1,0,0,1,0,0,0,1,0,1,0,0,0,0,0,0,1,0,0,0,1,0,0,1,0,0,0,0,0,0,0,0,0,0,1,-17.01843875300923,240.001,5.2530861819593925e-08,5.2530861819593925e-08,25.77741598816513,25.77741598816513,23.763544070272317,23.763544070272317
1,0,0,1,1,1,0,0,0,0,0,0,0,1,0,0,0,0,0,0,0,1,1,1,0,0,1,0,1,0,0,0,1,0,0,0,0,1,1,0,0,1,0,0,0,0,1,0,0,1,0,0,0,1,0,1,0,0,0,0,0,0,1,0,0,0,1,0,0,1,0,0,0,0,0,0,0,0,0,0,4,-17.020566998604412,240.001,5.255491050820825e-08,5.255491050820825e-08,25.773299992427724,25.773299992427724,23.282662088770763,23.282662088770763
1,0,0,1,1,1,0,0,0,0,0,0,0,1,0,0,0,0,0,0,0,1,1,1,0,0,1,0,1,0,0,0,1,0,0,0,0,1,1,0,0,1,0,0,0,0,1,0,0,1,0,0,0,1,0,1,0,0,0,0,0,0,1,0,0,0,1,0,0,1,0,0,0,0,0,0,0,0,0,0,5,-17.021431360543513,240.001,5.256167510195196e-08,5.256167510195196e-08,25.771876665274476,25.771876665274476,23.101547855964746,23.101547855964746
1,0,0,1,1,1,0,0,0,0,0,0,0,1,0,0,0,0,0,0,0,1,1,1,0,0,1,0,1,0,0,0,1,0,0,0,0,1,1,0,0,1,0,0,0,0,1,0,0,1,0,0,0,1,0,1,0,0,0,0,0,0,1,0,0,0,1,0,0,1,0,0,0,0,0,0,0,0,0,0,6,-17.020443923743724,240.001,5.2583345392000286e-08,5.2583345392000286e-08,25.77107394834597,25.77107394834597,23.309073036520267,23.309073036520267
1,0,0,1,1,1,0,0,0,0,0,0,0,1,0,0,0,0,0,0,0,1,1,1,0,0,1,0,1,0,0,0,1,0,0,0,0,1,1,0,0,1,0,0,0,0,1,0,0,1,0,0,0,1,0,1,0,0,0,0,0,0,1,0,0,0,1,0,0,1,0,0,0,0,0,0,0,0,0,0,14,-17.018330869095298,240.001,5.271017511220253e-08,5.271017511220253e-08,25.762724540726868,25.762724540726868,23.789391616359623,23.789391616359623
1,0,0,1,1,1,0,0,0,0,0,0,0,1,0,0,0,0,0,0,0,1,1,1,0,0,1,0,1,0,0,0,1,0,0,0,0,1,1,0,0,1,0,0,0,0,1,0,0,1,0,0,0,1,0,1,0,0,0,0,0,0,1,0,0,0,1,0,0,1,0,0,0,0,0,0,0,0,0,0,22,-17.02104908934657,240.001,5.2798007786384045e-08,5.2798007786384045e-08,25.752775553440934,25.752775553440934,23.180721577017643,23.180721577017643
1,0,0,1,1,1,0,0,0,0,0,0,0,1,0,0,0,0,0,0,0,1,1,1,0,0,1,0,1,0,0,0,1,0,0,0,0,1,1,0,0,1,0,0,0,0,1,0,0,1,0,0,0,1,0,1,0,0,0,0,0,0,1,0,0,0,1,0,0,1,0,0,0,0,0,0,0,0,0,0,23,-17.022150013210418,240.001,5.280282708819205e-08,5.280282708819205e-08,25.751278231918718,25.751278231918718,22.956484559430077,22.956484559430077
1,0,0,1,1,1,0,0,0,0,0,0,0,1,0,0,0,0,0,0,0,1,1,1,0,0,1,0,1,0,0,0,1,0,0,0,0,1,1,0,0,1,0,0,0,0,1,0,0,1,0,0,0,1,0,1,0,0,0,0,0,0,1,0,0,0,1,0,0,1,0,0,0,0,0,0,0,0,0,0,24,-17.021423517561566,240.001,5.282242098355058e-08,5.282242098355058e-08,25.750393461154253,25.750393461154253,23.10315789811069,23.10315789811069
1,0,0,1,1,1,0,0,0,0,0,0,0,1,0,0,0,0,0,0,0,1,1,1,0,0,1,0,1,0,0,0,1,0,0,0,0,1,1,0,0,1,0,0,0,0,1,0,0,1,0,0,0,1,0,1,0,0,0,0,0,0,1,0,0,0,1,0,0,1,0,0,0,0,0,0,0,0,0,0,27,-17.02014751763569,240.001,5.2873909424955875e-08,5.2873909424955875e-08,25.7474382550077,25.7474382550077,23.373343522820413,23.373343522820413
1,0,0,1,1,1,0,0,0,0,0,0,0,1,0,0,0,0,0,0,0,1,1,1,0,0,1,0,1,0,0,0,1,0,0,0,0,1,1,0,0,1,0,0,0,0,1,0,0,1,0,0,0,1,0,1,0,0,0,0,0,0,1,0,0,0,1,0,0,1,0,0,0,0,0,0,0,0,0,0,29,-17.019877659824555,240.001,5.2903540739190255e-08,5.2903540739190255e-08,25.74527494458115,25.74527494458115,23.43269242231885,23.43269242231885
1,0,0,1,1,1,0,0,0,0,0,0,0,1,0,0,0,0,0,0,0,1,1,1,0,0,1,0,1,0,0,0,1,0,0,0,0,1,1,0,0,1,0,0,0,0,1,0,0,1,0,0,0,1,0,1,0,0,0,0,0,0,1,0,0,0,1,0,0,1,0,0,0,0,0,0,0,0,0,0,33,-17.019261833445103,240.001,5.2963428287324964e-08,5.2963428287324964e-08,25.740977277223497,25.740977277223497,23.57123109598936,23.57123109598936
1,0,0,1,1,1,0,0,0,0,0,0,0,1,0,0,0,0,0,0,0,1,1,1,0,0,1,0,1,0,0,0,1,0,0,0,0,1,1,0,0,1,0,0,0,0,1,0,0,1,0,0,0,1,0,1,0,0,0,0,0,0,1,0,0,0,1,0,0,1,0,0,0,0,0,0,0,0,0,0,38,-17.020671505485147,240.001,5.302060507394471e-08,5.302060507394471e-08,25.73488169834571,25.73488169834571,23.260360517443797,23.260360517443797
1,0,0,1,1,1,0,0,0,0,0,0,0,1,0,0,0,0,0,0,0,1,1,1,0,0,1,0,1,0,0,0,1,0,0,0,0,1,1,0,0,1,0,0,0,0,1,0,0,1,0,0,0,1,0,1,0,0,0,0,0,0,1,0,0,0,1,0,0,1,0,0,0,0,0,0,0,0,0,0,39,-17.020761201111718,240.001,5.303359821738513e-08,5.303359821738513e-08,25.733727858092735,25.733727858092735,23.24131011797234,23.24131011797234
1,0,0,1,1,1,0,0,0,0,0,0,0,1,0,0,0,0,0,0,0,1,1,1,0,0,1,0,1,0,0,0,1,0,0,0,0,1,1,0,0,1,0,0,0,0,1,0,0,1,0,0,0,1,0,1,0,0,0,0,0,0,1,0,0,0,1,0,0,1,0,0,0,0,0,0,0,0,0,0,42,-17.019367378577257,240.001,5.3086091539090244e-08,5.3086091539090244e-08,25.73082510534224,25.73082510534224,23.547172664962503,23.547172664962503
1,0,0,1,1,1,0,0,0,0,0,0,0,1,0,0,0,0,0,0,0,1,1,1,0,0,1,0,1,0,0,0,1,0,0,0,0,1,1,0,0,1,0,0,0,0,1,0,0,1,0,0,0,1,0,1,0,0,0,0,0,0,1,0,0,0,1,0,0,1,0,0,0,0,0,0,0,0,0,0,47,-17.019131292734674,240.001,5.315663485161765e-08,5.315663485161765e-08,25.725293911501986,25.725293911501986,23.601171862609238,23.601171862609238
1,0,0,1,1,1,0,0,0,0,0,0,0,1,0,0,0,0,0,0,0,1,1,1,0,0,1,0,1,0,0,0,1,0,0,0,0,1,1,0,0,1,0,0,0,0,1,0,0,1,0,0,0,1,0,1,0,0,0,0,0,0,1,0,0,0,1,0,0,1,0,0,0,0,0,0,0,0,0,0,50,-17.019151703956435,240.001,5.319764308836706e-08,5.319764308836706e-08,25.721924382189183,25.721924382189183,23.59647677649912,23.59647677649912
1,0,0,1,1,1,0,0,0,0,0,0,0,1,0,0,0,0,0,0,0,1,1,1,0,0,1,0,1,0,0,0,1,0,0,0,0,1,1,0,0,1,0,0,0,0,1,0,0,1,0,0,0,1,0,1,0,0,0,0,0,0,1,0,0,0,1,0,0,1,0,0,0,0,0,0,0,0,0,0,54,-17.0192995703681,240.001,5.325133640933244e-08,5.325133640933244e-08,25.71739531548833,25.71739531548833,23.562613924504078,23.562613924504078
1,0,0,1,1,1,0,0,0,0,0,0,0,1,0,0,0,0,0,0,0,1,1,1,0,0,1,0,1,0,0,0,1,0,0,0,0,1,1,0,0,1,0,0,0,0,1,0,0,1,0,0,0,1,0,1,0,0,0,0,0,0,1,0,0,0,1,0,0,1,0,0,0,0,0,0,0,0,0,0,56,-17.019107290847433,240.001,5.3280354383664267e-08,5.3280354383664267e-08,25.715221661201664,25.715221661201664,23.60669936389705,23.60669936389705
1,0,0,1,1,1,0,0,0,0,0,0,0,1,0,0,0,0,0,0,0,1,1,1,0,0,1,0,1,0,0,0,1,0,0,0,0,1,1,0,0,1,0,0,0,0,1,0,0,1,0,0,0,1,0,1,0,0,0,0,0,0,1,0,0,0,1,0,0,1,0,0,0,0,0,0,0,0,0,0,63,-17.018372066584266,240.001,5.3382439264943137e-08,5.3382439264943137e-08,25.707643787214618,25.707643787214618,23.779503159165674,23.779503159165674
1,0,0,1,1,1,0,0,0,0,0,0,0,1,0,0,0,0,0,0,0,1,1,1,0,0,1,0,1,0,0,0,1,0,0,0,0,1,1,0,0,1,0,0,0,0,1,0,0,1,0,0,0,1,0,1,0,0,0,0,0,0,1,0,0,0,1,0,0,1,0,0,0,0,0,0,0,0,0,0,67,-17.018444909272684,240.001,5.343674884986287e-08,5.343674884986287e-08,25.703154817518744,25.703154817518744,23.762073721824596,23.762073721824596
1,0,0,1,1,1,0,0,0,0,0,0,0,1,0,0,0,0,0,0,0,1,1,1,0,0,1,0,1,0,0,0,1,0,0,0,0,1,1,0,0,1,0,0,0,0,1,0,0,1,0,0,0,1,0,1,0,0,0,0,0,0,1,0,0,0,1,0,0,1,0,0,0,0,0,0,0,0,0,0,70,-17.018117115173524,240.001,5.348061281928055e-08,5.348061281928055e-08,25.69991913406031,25.69991913406031,23.841061153115287,23.841061153115287
1,0,0,1,1,1,0,0,0,0,0,0,0,1,0,1,0,0,0,0,0,1,1,1,0,0,1,0,1,0,0,0,1,0,0,0,0,1,1,0,0,1,0,0,0,0,1,0,0,1,0,0,0,1,0,1,0,0,0,0,0,0,1,0,0,0,1,0,0,1,0,0,0,0,0,0,0,0,0,0,1,-17.01856202288826,240.001,5.2529870313846445e-08,5.2529870313846445e-08,25.777374690963462,25.777374690963462,23.734196563334816,23.734196563334816
1,0,0,1,1,1,0,0,0,0,0,0,0,1,0,1,0,0,0,0,0,1,1,1,0,0,1,0,1,0,0,0,1,0,0,0,0,1,1,0,0,1,0,0,0,0,1,0,0,1,0,0,0,1,0,1,0,0,0,0,0,0,1,0,0,0,1,0,0,1,0,0,0,0,0,0,0,0,0,0,4,-17.020720979369894,240.001,5.2553671730322415e-08,5.2553671730322415e-08,25.77324838092433,25.77324838092433,23.249842504952678,23.249842504952678
1,0,0,1,1,1,0,0,0,0,0,0,0,1,0,1,0,0,0,0,0,1,1,1,0,0,1,0,1,0,0,0,1,0,0,0,0,1,1,0,0,1,0,0,0,0,1,0,0,1,0,0,0,1,0,1,0,0,0,0,0,0,1,0,0,0,1,0,0,1,0,0,0,0,0,0,0,0,0,0,5,-17.02159929893705,240.001,5.2560323985505446e-08,5.2560323985505446e-08,25.771820365248225,25.771820365248225,23.067214479675435,23.067214479675435
1,0,0,1,1,1,0,0,0,0,0,0,0,1,0,1,0,0,0,0,0,1,1,1,0,0,1,0,1,0,0,0,1,0,0,0,0,1,1,0,0,1,0,0,0,0,1,0,0,1,0,0,0,1,0,1,0,0,0,0,0,0,1,0,0,0,1,0,0,1,0,0,0,0,0,0,0,0,0,0,6,-17.020628745441563,240.001,5.2581857611070656e-08,5.2581857611070656e-08,25.771012006655887,25.771012006655887,23.269471656622294,23.269471656622294
1,0,0,1,1,1,0,0,0,0,0,0,0,1,0,1,0,0,0,0,0,1,1,1,0,0,1,0,1,0,0,0,1,0,0,0,0,1,1,0,0,1,0,0,0,0,1,0,0,1,0,0,0,1,0,1,0,0,0,0,0,0,1,0,0,0,1,0,0,1,0,0,0,0,0,0,0,0,0,0,14,-17.019261015543137,240.001,5.270266729797686e-08,5.270266729797686e-08,25.76241302901467,25.76241302901467,23.571418051319494,23.571418051319494
1,0,0,1,1,1,0,0,0,0,0,0,0,1,0,1,0,0,0,0,0,1,1,1,0,0,1,0,1,0,0,0,1,0,0,0,0,1,1,0,0,1,0,0,0,0,1,0,0,1,0,0,0,1,0,1,0,0,0,0,0,0,1,0,0,0,1,0,0,1,0,0,0,0,0,0,0,0,0,0,16,-17.019406024929683,240.001,5.2728945653839615e-08,5.2728945653839615e-08,25.760103100613513,25.760103100613513,23.53839652449567,23.53839652449567
1,0,0,1,1,1,0,0,0,0,0,0,0,1,0,1,0,0,0,0,0,1,1,1,0,0,1,0,1,0,0,0,1,0,0,0,0,1,1,0,0,1,0,0,0,0,1,0,0,1,0,0,0,1,0,1,0,0,0,0,0,0,1,0,0,0,1,0,0,1,0,0,0,0,0,0,0,0,0,0,22,-17.021357248957667,240.001,5.2795517057890156e-08,5.2795517057890156e-08,25.752672275642922,25.752672275642922,23.116785575851807,23.116785575851807
1,0,0,1,1,1,0,0,0,0,0,0,0,1,0,1,0,0,0,0,0,1,1,1,0,0,1,0,1,0,0,0,1,0,0,0,0,1,1,0,0,1,0,0,0,0,1,0,0,1,0,0,0,1,0,1,0,0,0,0,0,0,1,0,0,0,1,0,0,1,0,0,0,0,0,0,0,0,0,0,23,-17.022413968085107,240.001,5.2800693819676e-08,5.2800693819676e-08,25.751189738380372,25.751189738380372,22.90439183132708,22.90439183132708
1,0,0,1,1,1,0,0,0,0,0,0,0,1,0,1,0,0,0,0,0,1,1,1,0,0,1,0,1,0,0,0,1,0,0,0,0,1,1,0,0,1,0,0,0,0,1,0,0,1,0,0,0,1,0,1,0,0,0,0,0,0,1,0,0,0,1,0,0,1,0,0,0,0,0,0,0,0,0,0,24,-17.021654497675033,240.001,5.2820553396393195e-08,5.2820553396393195e-08,25.75031603271836,25.75031603271836,23.055988355049955,23.055988355049955
1,0,0,1,1,1,0,0,0,0,0,0,0,1,0,1,0,0,0,0,0,1,1,1,0,0,1,0,1,0,0,0,1,0,0,0,0,1,1,0,0,1,0,0,0,0,1,0,0,1,0,0,0,1,0,1,0,0,0,0,0,0,1,0,0,0,1,0,0,1,0,0,0,0,0,0,0,0,0,0,27,-17.02031554392521,240.001,5.287254933235351e-08,5.287254933235351e-08,25.74738194512345,25.74738194512345,23.336793809478497,23.336793809478497
1,0,0,1,1,1,0,0,0,0,0,0,0,1,0,1,0,0,0,0,0,1,1,1,0,0,1,0,1,0,0,0,1,0,0,0,0,1,1,0,0,1,0,0,0,0,1,0,0,1,0,0,0,1,0,1,0,0,0,0,0,0,1,0,0,0,1,0,0,1,0,0,0,0,0,0,0,0,0,0,29,-17.02001983486446,240.001,5.2902389235119446e-08,5.2902389235119446e-08,25.74522729956692,25.74522729956692,23.401323752836127,23.401323752836127
1,0,0,1,1,1,0,0,0,0,0,0,0,1,0,1,0,0,0,0,0,1,1,1,0,0,1,0,1,0,0,0,1,0,0,0,0,1,1,0,0,1,0,0,0,0,1,0,0,1,0,0,0,1,0,1,0,0,0,0,0,0,1,0,0,0,1,0,0,1,0,0,0,0,0,0,0,0,0,0,33,-17.01937056942382,240.001,5.2962546559402406e-08,5.2962546559402406e-08,25.740940842598977,25.740940842598977,23.546447391444598,23.546447391444598
1,0,0,1,1,1,0,0,0,0,0,0,0,1,0,1,0,0,0,0,0,1,1,1,0,0,1,0,1,0,0,0,1,0,0,0,0,1,1,0,0,1,0,0,0,0,1,0,0,1,0,0,0,1,0,1,0,0,0,0,0,0,1,0,0,0,1,0,0,1,0,0,0,0,0,0,0,0,0,0,38,-17.02075547718108,240.001,5.301992355351771e-08,5.301992355351771e-08,25.734853550694524,25.734853550694524,23.242523338828896,23.242523338828896
1,0,0,1,1,1,0,0,0,0,0,0,0,1,0,1,0,0,0,0,0,1,1,1,0,0,1,0,1,0,0,0,1,0,0,0,0,1,1,0,0,1,0,0,0,0,1,0,0,1,0,0,0,1,0,1,0,0,0,0,0,0,1,0,0,0,1,0,0,1,0,0,0,0,0,0,0,0,0,0,39,-17.020841516557493,240.001,5.303294622501448e-08,5.303294622501448e-08,25.73370093491883,25.73370093491883,23.224322262706405,23.224322262706405
1,0,0,1,1,1,0,0,0,0,0,0,0,1,0,1,0,0,0,0,0,1,1,1,0,0,1,0,1,0,0,0,1,0,0,0,0,1,1,0,0,1,0,0,0,0,1,0,0,1,0,0,0,1,0,1,0,0,0,0,0,0,1,0,0,0,1,0,0,1,0,0,0,0,0,0,0,0,0,0,42,-17.019438462253056,240.001,5.308551381936404e-08,5.308551381936404e-08,25.730801284866118,25.730801284866118,23.531043987667736,23.531043987667736
1,0,0,1,1,1,0,0,0,0,0,0,0,1,0,1,0,0,0,0,0,1,1,1,0,0,1,0,1,0,0,0,1,0,0,0,0,1,1,0,0,1,0,0,0,0,1,0,0,1,0,0,0,1,0,1,0,0,0,0,0,0,1,0,0,0,1,0,0,1,0,0,0,0,0,0,0,0,0,0,47,-17.01919091459117,240.001,5.315614963082109e-08,5.315614963082109e-08,25.725273932801393,25.725273932801393,23.587471514757784,23.587471514757784
1,0,0,1,1,1,0,0,0,0,0,0,0,1,0,1,0,0,0,0,0,1,1,1,0,0,1,0,1,0,0,0,1,0,0,0,0,1,1,0,0,1,0,0,0,0,1,0,0,1,0,0,0,1,0,1,0,0,0,0,0,0,1,0,0,0,1,0,0,1,0,0,0,0,0,0,0,0,0,0,50,-17.01920606334007,240.001,5.319720035781832e-08,5.319720035781832e-08,25.72190616655614,25.72190616655614,23.58399736889472,23.58399736889472
1,0,0,1,1,1,0,0,0,0,0,0,0,1,0,1,0,0,0,0,0,1,1,1,0,0,1,0,1,0,0,0,1,0,0,0,0,1,1,0,0,1,0,0,0,0,1,0,0,1,0,0,0,1,0,1,0,0,0,0,0,0,1,0,0,0,1,0,0,1,0,0,0,0,0,0,0,0,0,0,54,-17.019348203885315,240.001,5.3250939923141904e-08,5.3250939923141904e-08,25.717379017761605,25.717379017761605,23.551533578423317,23.551533578423317
1,0,0,1,1,1,0,0,0,0,0,0,0,1,0,1,0,0,0,0,0,1,1,1,0,0,1,0,1,0,0,0,1,0,0,0,0,1,1,0,0,1,0,0,0,0,1,0,0,1,0,0,0,1,0,1,0,0,0,0,0,0,1,0,0,0,1,0,0,1,0,0,0,0,0,0,0,0,0,0,56,-17.01915349531387,240.001,5.3279977487674244e-08,5.3279977487674244e-08,25.715206178082624,25.715206178082624,23.59606496108652,23.59606496108652
1,0,0,1,1,1,0,0,0,0,0,0,0,1,0,1,0,0,0,0,0,1,1,1,0,0,1,0,1,0,0,0,1,0,0,0,0,1,1,0,0,1,0,0,0,0,1,0,0,1,0,0,0,1,0,1,0,0,0,0,0,0,1,0,0,0,1,0,0,1,0,0,0,0,0,0,0,0,0,0,63,-17.018411399901574,240.001,5.338211777408595e-08,5.338211777408595e-08,25.707630608963964,25.707630608963964,23.770083027496185,23.770083027496185
1,0,0,1,1,1,0,0,0,0,0,0,0,1,0,1,0,0,0,0,0,1,1,1,0,0,1,0,1,0,0,0,1,0,0,0,0,1,1,0,0,1,0,0,0,0,1,0,0,1,0,0,0,1,0,1,0,0,0,0,0,0,1,0,0,0,1,0,0,1,0,0,0,0,0,0,0,0,0,0,67,-17.01848115612362,240.001,5.343645228872221e-08,5.343645228872221e-08,25.703142673036886,25.703142673036886,23.7534266407382,23.7534266407382
1,0,0,1,1,1,0,0,0,0,0,0,0,1,0,1,0,0,0,0,0,1,1,1,0,0,1,0,1,0,0,0,1,0,0,0,0,1,1,0,0,1,0,0,0,0,1,0,0,1,0,0,0,1,0,1,0,0,0,0,0,0,1,0,0,0,1,0,0,1,0,0,0,0,0,0,0,0,0,0,70,-17.018151352216094,240.001,5.3480332461013325e-08,5.3480332461013325e-08,25.699907663841294,25.699907663841294,23.832743939526765,23.832743939526765
1,0,0,1,1,1,0,0,0,0,0,0,0,1,0,1,0,0,0,0,0,1,1,1,0,0,1,0,1,0,0,0,1,0,0,0,0,1,1,1,0,1,0,0,0,0,1,0,0,1,0,0,0,1,0,1,0,0,0,0,0,0,1,0,0,0,1,0,0,1,0,0,0,0,0,0,0,0,0,0,1,-17.018609381874757,240.001,5.252948952341326e-08,5.252948952341326e-08,25.777358814214082,25.777358814214082,23.72297386290282,23.72297386290282
1,0,0,1,1,1,0,0,0,0,0,0,0,1,0,1,0,0,0,0,0,1,1,1,0,0,1,0,1,0,0,0,1,0,0,0,0,1,1,1,0,1,0,0,0,0,1,0,0,1,0,0,0,1,0,1,0,0,0,0,0,0,1,0,0,0,1,0,0,1,0,0,0,0,0,0,0,0,0,0,4,-17.020772243686142,240.001,5.255325946409436e-08,5.255325946409436e-08,25.77323118571197,25.77323118571197,23.238970531862236,23.238970531862236
1,0,0,1,1,1,0,0,0,0,0,0,0,1,0,1,0,0,0,0,0,1,1,1,0,0,1,0,1,0,0,0,1,0,0,0,0,1,1,1,0,1,0,0,0,0,1,0,0,1,0,0,0,1,0,1,0,0,0,0,0,0,1,0,0,0,1,0,0,1,0,0,0,0,0,0,0,0,0,0,5,-17.02165201120126,240.001,5.2559900066684525e-08,5.2559900066684525e-08,25.77180268061192,25.77180268061192,23.05649342472892,23.05649342472892
1,0,0,1,1,1,0,0,0,0,0,0,0,1,0,1,0,0,0,0,0,1,1,1,0,0,1,0,1,0,0,0,1,0,0,0,0,1,1,1,0,1,0,0,0,0,1,0,0,1,0,0,0,1,0,1,0,0,0,0,0,0,1,0,0,0,1,0,0,1,0,0,0,0,0,0,0,0,0,0,6,-17.020683029400278,240.001,5.2581420816168656e-08,5.2581420816168656e-08,25.77099379947578,25.77099379947578,23.25790829866883,23.25790829866883
1,0,0,1,1,1,0,0,0,0,0,0,0,1,0,1,0,0,0,0,0,1,1,1,0,0,1,0,1,0,0,0,1,0,0,0,0,1,1,1,0,1,0,0,0,0,1,0,0,1,0,0,0,1,0,1,0,0,0,0,0,0,1,0,0,0,1,0,0,1,0,0,0,0,0,0,0,0,0,0,14,-17.01933204352613,240.001,5.270209435112745e-08,5.270209435112745e-08,25.762389214772547,25.762389214772547,23.555212328668077,23.555212328668077
1,0,0,1,1,1,0,0,0,0,0,0,0,1,0,1,0,0,0,0,0,1,1,1,0,0,1,0,1,0,0,0,1,0,0,0,0,1,1,1,0,1,0,0,0,0,1,0,0,1,0,0,0,1,0,1,0,0,0,0,0,0,1,0,0,0,1,0,0,1,0,0,0,0,0,0,0,0,0,0,16,-17.01948297038178,240.001,5.2728324669912486e-08,5.2728324669912486e-08,25.760077301922966,25.760077301922966,23.520975499034897,23.520975499034897
1,0,0,1,1,1,0,0,0,0,0,0,0,1,0,1,0,0,0,0,0,1,1,1,0,0,1,0,1,0,0,0,1,0,0,0,0,1,1,1,0,1,0,0,0,0,1,0,0,1,0,0,0,1,0,1,0,0,0,0,0,0,1,0,0,0,1,0,0,1,0,0,0,0,0,0,0,0,0,0,22,-17.02145977463954,240.001,5.279468878073303e-08,5.279468878073303e-08,25.75263788434832,25.75263788434832,23.095719853141404,23.095719853141404
1,0,0,1,1,1,0,0,0,0,0,0,0,1,0,1,0,0,0,0,0,1,1,1,0,0,1,0,1,0,0,0,1,0,0,0,0,1,1,1,0,1,0,0,0,0,1,0,0,1,0,0,0,1,0,1,0,0,0,0,0,0,1,0,0,0,1,0,0,1,0,0,0,0,0,0,0,0,0,0,23,-17.022522485701565,240.001,5.279981715802947e-08,5.279981715802947e-08,25.751153328239926,25.751153328239926,22.88315440194665,22.88315440194665
1,0,0,1,1,1,0,0,0,0,0,0,0,1,0,1,0,0,0,0,0,1,1,1,0,0,1,0,1,0,0,0,1,0,0,0,0,1,1,1,0,1,0,0,0,0,1,0,0,1,0,0,0,1,0,1,0,0,0,0,0,0,1,0,0,0,1,0,0,1,0,0,0,0,0,0,0,0,0,0,24,-17.021769837117244,240.001,5.281962117050423e-08,5.281962117050423e-08,25.750277342252,25.750277342252,23.0326238197058,23.0326238197058
1,0,0,1,1,1,0,0,0,0,0,0,0,1,0,1,0,0,0,0,0,1,1,1,0,0,1,0,1,0,0,0,1,0,0,0,0,1,1,1,0,1,0,0,0,0,1,0,0,1,0,0,0,1,0,1,0,0,0,0,0,0,1,0,0,0,1,0,0,1,0,0,0,0,0,0,0,0,0,0,27,-17.02045758789119,240.001,5.2871399919837615e-08,5.2871399919837615e-08,25.747334314789008,25.747334314789008,23.30613291077469,23.30613291077469
1,0,0,1,1,1,0,0,0,0,0,0,0,1,0,1,0,0,0,0,0,1,1,1,0,0,1,0,1,0,0,0,1,0,0,0,0,1,1,1,0,1,0,0,0,0,1,0,0,1,0,0,0,1,0,1,0,0,0,0,0,0,1,0,0,0,1,0,0,1,0,0,0,0,0,0,0,0,0,0,29,-17.020187743632327,240.001,5.290102968121821e-08,5.290102968121821e-08,25.7451710028364,25.7451710028364,23.364565494997677,23.364565494997677
1,0,0,1,1,1,0,0,0,0,0,0,0,1,0,1,0,0,0,0,0,1,1,1,0,0,1,0,1,0,0,0,1,0,0,0,0,1,1,1,0,1,0,0,0,0,1,0,0,1,0,0,0,1,0,1,0,0,0,0,0,0,1,0,0,0,1,0,0,1,0,0,0,0,0,0,0,0,0,0,33,-17.01963459286948,240.001,5.2960406096396316e-08,5.2960406096396316e-08,25.740852341313353,25.740852341313353,23.486849323532898,23.486849323532898
1,0,0,1,1,1,0,0,0,0,0,0,0,1,0,1,0,0,0,0,0,1,1,1,0,0,1,0,1,0,0,0,1,0,0,0,0,1,1,1,0,1,0,0,0,0,1,0,0,1,0,0,0,1,0,1,0,0,0,0,0,0,1,0,0,0,1,0,0,1,0,0,0,0,0,0,0,0,0,0,38,-17.021684121370548,240.001,5.3012387902654444e-08,5.3012387902654444e-08,25.73454220731611,25.73454220731611,23.049975478007475,23.049975478007475
1,0,0,1,1,1,0,0,0,0,0,0,0,1,0,1,0,0,0,0,0,1,1,1,0,0,1,0,1,0,0,0,1,0,0,0,0,1,1,1,0,1,0,0,0,0,1,0,0,1,0,0,0,1,0,1,0,0,0,0,0,0,1,0,0,0,1,0,0,1,0,0,0,0,0,0,0,0,0,0,39,-17.022730803216003,240.001,5.3017610708183005e-08,5.3017610708183005e-08,25.733067677568613,25.733067677568613,22.84267293478384,22.84267293478384
1,0,0,1,1,1,0,0,0,0,0,0,0,1,0,1,0,0,0,0,0,1,1,1,0,0,1,0,1,0,0,0,1,0,0,0,0,1,1,1,0,1,0,0,0,0,1,0,0,1,0,0,0,1,0,1,0,0,0,0,0,0,1,0,0,0,1,0,0,1,0,0,0,0,0,0,0,0,0,0,40,-17.022052744800007,240.001,5.303683341028067e-08,5.303683341028067e-08,25.732171391107485,25.732171391107485,22.975838783478096,22.975838783478096
1,0,0,1,1,1,0,0,0,0,0,0,0,1,0,1,0,0,0,0,0,1,1,1,0,0,1,0,1,0,0,0,1,0,0,0,0,1,1,1,0,1,0,0,0,0,1,0,0,1,0,0,0,1,0,1,0,0,0,0,0,0,1,0,0,0,1,0,0,1,0,0,0,0,0,0,0,0,0,0,42,-17.020367759044646,240.001,5.3077961764614323e-08,5.3077961764614323e-08,25.730489868318614,25.730489868318614,23.32549785582714,23.32549785582714
1,0,0,1,1,1,0,0,0,0,0,0,0,1,0,1,0,0,0,0,0,1,1,1,0,0,1,0,1,0,0,0,1,0,0,0,0,1,1,1,0,1,0,0,0,0,1,0,0,1,0,0,0,1,0,1,0,0,0,0,0,0,1,0,0,0,1,0,0,1,0,0,0,0,0,0,0,0,0,0,47,-17.019454971805274,240.001,5.315400097646863e-08,5.315400097646863e-08,25.725185427728565,25.725185427728565,23.52730653691667,23.52730653691667
1,0,0,1,1,1,0,0,0,0,0,0,0,1,0,1,0,0,0,0,0,1,1,1,0,0,1,0,1,0,0,0,1,0,0,0,0,1,1,1,0,1,0,0,0,0,1,0,0,1,0,0,0,1,0,1,0,0,0,0,0,0,1,0,0,0,1,0,0,1,0,0,0,0,0,0,0,0,0,0,50,-17.019390835691212,240.001,5.319569574569496e-08,5.319569574569496e-08,25.72184423036541,25.72184423036541,23.541843719442518,23.541843719442518
1,0,0,1,1,1,0,0,0,0,0,0,0,1,0,1,0,0,0,0,0,1,1,1,0,0,1,0,1,0,0,0,1,0,0,0,0,1,1,1,0,1,0,0,0,0,1,0,0,1,0,0,0,1,0,1,0,0,0,0,0,0,1,0,0,0,1,0,0,1,0,0,0,0,0,0,0,0,0,0,54,-17.019480149597882,240.001,5.324986444591603e-08,5.324986444591603e-08,25.71733478478086,25.71733478478086,23.52161291860377,23.52161291860377
1,0,0,1,1,1,0,0,0,0,0,0,0,1,0,1,0,0,0,0,0,1,1,1,0,0,1,0,1,0,0,0,1,0,0,0,0,1,1,1,0,1,0,0,0,0,1,0,0,1,0,0,0,1,0,1,0,0,0,0,0,0,1,0,0,0,1,0,0,1,0,0,0,0,0,0,0,0,0,0,56,-17.019268946885624,240.001,5.3279035932269705e-08,5.3279035932269705e-08,25.715167475028615,25.715167475028615,23.56960544965784,23.56960544965784
1,0,0,1,1,1,0,0,0,0,0,0,0,1,0,1,0,0,0,0,0,1,1,1,0,0,1,0,1,0,0,0,1,0,0,0,0,1,1,1,0,1,0,0,0,0,1,0,0,1,0,0,0,1,0,1,0,0,0,0,0,0,1,0,0,0,1,0,0,1,0,0,0,0,0,0,0,0,0,0,63,-17.01849172743395,240.001,5.338146136531683e-08,5.338146136531683e-08,25.707603684419492,25.707603684419492,23.750907965396742,23.750907965396742
1,0,0,1,1,1,0,0,0,0,0,0,0,1,0,1,0,0,0,0,0,1,1,1,0,0,1,0,1,0,0,0,1,0,0,0,0,1,1,1,0,1,0,0,0,0,1,0,0,1,0,0,0,1,0,1,0,0,0,0,0,0,1,0,0,0,1,0,0,1,0,0,0,0,0,0,0,0,0,0,67,-17.018549577962762,240.001,5.34358926119356e-08,5.34358926119356e-08,25.703119738089665,25.703119738089665,23.73715044588408,23.73715044588408
1,0,0,1,1,1,0,0,0,0,0,0,0,1,0,1,0,0,0,0,0,1,1,1,0,0,1,0,1,0,0,0,1,0,0,0,0,1,1,1,0,1,0,0,0,0,1,0,0,1,0,0,0,1,0,1,0,0,0,0,0,0,1,0,0,0,1,0,0,1,0,0,0,0,0,0,0,0,0,0,70,-17.01821293746687,240.001,5.3479828275834404e-08,5.3479828275834404e-08,25.699887021842574,25.699887021842574,23.81782283221893,23.81782283221893
1,0,0,1,1,1,0,0,0,0,0,0,0,1,0,1,0,0,0,0,0,1,1,1,0,0,1,0,1,0,0,1,1,0,0,0,0,1,1,1,0,1,0,0,0,0,1,0,0,1,0,0,0,1,0,1,0,0,0,0,0,0,1,0,0,0,1,0,0,1,0,0,0,0,0,0,0,0,0,0,1,-17.01866897317498,240.001,5.2529010355514687e-08,5.2529010355514687e-08,25.777338838932458,25.777338838932458,23.70889336700367,23.70889336700367
1,0,0,1,1,1,0,0,0,0,0,0,0,1,0,1,0,0,0,0,0,1,1,1,0,0,1,0,1,0,0,1,1,0,0,0,0,1,1,1,0,1,0,0,0,0,1,0,0,1,0,0,0,1,0,1,0,0,0,0,0,0,1,0,0,0,1,0,0,1,0,0,0,0,0,0,0,0,0,0,4,-17.02083816743413,240.001,5.255272928015457e-08,5.255272928015457e-08,25.77320907601534,25.77320907601534,23.22502932993416,23.22502932993416
1,0,0,1,1,1,0,0,0,0,0,0,0,1,0,1,0,0,0,0,0,1,1,1,0,0,1,0,1,0,0,1,1,0,0,0,0,1,1,1,0,1,0,0,0,0,1,0,0,1,0,0,0,1,0,1,0,0,0,0,0,0,1,0,0,0,1,0,0,1,0,0,0,0,0,0,0,0,0,0,5,-17.021720355362287,240.001,5.2559350405181625e-08,5.2559350405181625e-08,25.771779754384635,25.771779754384635,23.04263211947077,23.04263211947077
1,0,0,1,1,1,0,0,0,0,0,0,0,1,0,1,0,0,0,0,0,1,1,1,0,0,1,0,1,0,0,1,1,0,0,0,0,1,1,1,0,1,0,0,0,0,1,0,0,1,0,0,0,1,0,1,0,0,0,0,0,0,1,0,0,0,1,0,0,1,0,0,0,0,0,0,0,0,0,0,6,-17.02075403064992,240.001,5.258084947472329e-08,5.258084947472329e-08,25.770969988237603,25.770969988237603,23.242829993042726,23.242829993042726
1,0,0,1,1,1,0,0,0,0,0,0,0,1,0,1,0,0,0,0,0,1,1,1,0,0,1,0,1,0,0,1,1,0,0,0,0,1,1,1,0,1,0,0,0,0,1,0,0,1,0,0,0,1,0,1,0,0,0,0,0,0,1,0,0,0,1,0,0,1,0,0,0,0,0,0,0,0,0,0,14,-17.019434665372263,240.001,5.270126650360454e-08,5.270126650360454e-08,25.7623548126887,25.7623548126887,23.531903982847314,23.531903982847314
1,0,0,1,1,1,0,0,0,0,0,0,0,1,0,1,0,0,0,0,0,1,1,1,0,0,1,0,1,0,0,1,1,0,0,0,0,1,1,1,0,1,0,0,0,0,1,0,0,1,0,0,0,1,0,1,0,0,0,0,0,0,1,0,0,0,1,0,0,1,0,0,0,0,0,0,0,0,0,0,16,-17.01959842114483,240.001,5.272739287187018e-08,5.272739287187018e-08,25.760038598966,25.760038598966,23.49496639911258,23.49496639911258
1,0,0,1,1,1,0,0,0,0,0,0,0,1,0,1,0,0,0,0,0,1,1,1,0,0,1,0,1,0,0,1,1,0,0,0,0,1,1,1,0,1,0,0,0,0,1,0,0,1,0,0,0,1,0,1,0,0,0,0,0,0,1,0,0,0,1,0,0,1,0,0,0,0,0,0,0,0,0,0,22,-17.021644401821675,240.001,5.279319711964726e-08,5.279319711964726e-08,25.752575964458394,25.752575964458394,23.058039457556745,23.058039457556745
1,0,0,1,1,1,0,0,0,0,0,0,0,1,0,1,0,0,0,0,0,1,1,1,0,0,1,0,1,0,0,1,1,0,0,0,0,1,1,1,0,1,0,0,0,0,1,0,0,1,0,0,0,1,0,1,0,0,0,0,0,0,1,0,0,0,1,0,0,1,0,0,0,0,0,0,0,0,0,0,23,-17.022727569827953,240.001,5.279816024532064e-08,5.279816024532064e-08,25.75108453233878,25.75108453233878,22.843298405979674,22.843298405979674
1,0,0,1,1,1,0,0,0,0,0,0,0,1,0,1,0,0,0,0,0,1,1,1,0,0,1,0,1,0,0,1,1,0,0,0,0,1,1,1,0,1,0,0,0,0,1,0,0,1,0,0,0,1,0,1,0,0,0,0,0,0,1,0,0,0,1,0,0,1,0,0,0,0,0,0,0,0,0,0,24,-17.022000660322714,240.001,5.28177553768144e-08,5.28177553768144e-08,25.75019993139554,25.75019993139554,22.98623781048988,22.98623781048988
1,0,0,1,1,1,0,0,0,0,0,0,0,1,0,1,0,0,0,0,0,1,1,1,0,0,1,0,1,0,0,1,1,0,0,0,0,1,1,1,0,1,0,0,0,0,1,0,0,1,0,0,0,1,0,1,0,0,0,0,0,0,1,0,0,0,1,0,0,1,0,0,0,0,0,0,0,0,0,0,27,-17.020827354812745,240.001,5.2868407451094644e-08,5.2868407451094644e-08,25.74721036118885,25.74721036118885,23.227312873898033,23.227312873898033
1,0,0,1,1,1,0,0,0,0,0,0,0,1,0,1,0,0,0,0,0,1,1,1,0,0,1,0,1,0,0,1,1,0,0,0,0,1,1,1,0,1,0,0,0,0,1,0,0,1,0,0,0,1,0,1,0,0,0,0,0,0,1,0,0,0,1,0,0,1,0,0,0,0,0,0,0,0,0,0,29,-17.020805219200714,240.001,5.289602929451601e-08,5.289602929451601e-08,25.744964056705186,25.744964056705186,23.231991478671553,23.231991478671553
1,0,0,1,1,1,0,0,0,0,0,0,0,1,0,1,0,0,0,0,0,1,1,1,0,0,1,0,1,0,0,1,1,0,0,0,0,1,1,1,0,1,0,0,0,0,1,0,0,1,0,0,0,1,0,1,0,0,0,0,0,0,1,0,0,0,1,0,0,1,0,0,0,0,0,0,0,0,0,0,32,-17.021636533612508,240.001,5.293045614583636e-08,5.293045614583636e-08,25.74130709953998,25.74130709953998,23.059638654115616,23.059638654115616
1,0,0,1,1,1,0,0,0,0,0,0,0,1,0,1,0,0,0,0,0,1,1,1,0,0,1,0,1,0,0,1,1,0,0,0,0,1,1,1,0,1,0,0,0,0,1,0,0,1,0,0,0,1,0,1,0,0,0,0,0,0,1,0,0,0,1,0,0,1,0,0,0,0,0,0,0,0,0,0,33,-17.021524792991947,240.001,5.294508166887832e-08,5.294508166887832e-08,25.74021898151074,25.74021898151074,23.08241317446179,23.08241317446179
1,0,0,1,1,1,0,0,0,0,0,0,0,1,0,1,0,0,0,0,0,1,1,1,0,0,1,0,1,0,0,1,1,0,0,0,0,1,1,1,0,1,0,0,0,0,1,0,0,1,0,0,0,1,0,1,0,0,0,0,0,0,1,0,0,0,1,0,0,1,0,0,0,0,0,0,0,0,0,0,38,-17.021992022185454,240.001,5.300988986578256e-08,5.300988986578256e-08,25.734438958514364,25.734438958514364,22.987964872240944,22.987964872240944
1,0,0,1,1,1,0,0,0,0,0,0,0,1,0,1,0,0,0,0,0,1,1,1,0,0,1,0,1,0,0,1,1,0,0,0,0,1,1,1,0,1,0,0,0,0,1,0,0,1,0,0,0,1,0,1,0,0,0,0,0,0,1,0,0,0,1,0,0,1,0,0,0,0,0,0,0,0,0,0,39,-17.022994540091233,240.001,5.301547112519037e-08,5.301547112519037e-08,25.7329792084629,25.7329792084629,22.791954710729108,22.791954710729108
1,0,0,1,1,1,0,0,0,0,0,0,0,1,0,1,0,0,0,0,0,1,1,1,0,0,1,0,1,0,0,1,1,0,0,0,0,1,1,1,0,1,0,0,0,0,1,0,0,1,0,0,0,1,0,1,0,0,0,0,0,0,1,0,0,0,1,0,0,1,0,0,0,0,0,0,0,0,0,0,40,-17.022283528434585,240.001,5.303496037284432e-08,5.303496037284432e-08,25.73209398468924,25.73209398468924,22.9300570111553,22.9300570111553
1,0,0,1,1,1,0,0,0,0,0,0,0,1,0,1,0,0,0,0,0,1,1,1,0,0,1,0,1,0,0,1,1,0,0,0,0,1,1,1,0,1,0,0,0,0,1,0,0,1,0,0,0,1,0,1,0,0,0,0,0,0,1,0,0,0,1,0,0,1,0,0,0,0,0,0,0,0,0,0,42,-17.020552465544654,240.001,5.307646123937928e-08,5.307646123937928e-08,25.730427939525114,25.730427939525114,23.28577246375829,23.28577246375829
1,0,0,1,1,1,0,0,0,0,0,0,0,1,0,1,0,0,0,0,0,1,1,1,0,0,1,0,1,0,0,1,1,0,0,0,0,1,1,1,0,1,0,0,0,0,1,0,0,1,0,0,0,1,0,1,0,0,0,0,0,0,1,0,0,0,1,0,0,1,0,0,0,0,0,0,0,0,0,0,47,-17.019578125884298,240.001,5.3152998967661343e-08,5.3152998967661343e-08,25.72514414349744,25.72514414349744,23.499527357669912,23.499527357669912
1,0,0,1,1,1,0,0,0,0,0,0,0,1,0,1,0,0,0,0,0,1,1,1,0,0,1,0,1,0,0,1,1,0,0,0,0,1,1,1,0,1,0,0,0,0,1,0,0,1,0,0,0,1,0,1,0,0,0,0,0,0,1,0,0,0,1,0,0,1,0,0,0,0,0,0,0,0,0,0,50,-17.019493457998294,240.001,5.3194860139646175e-08,5.3194860139646175e-08,25.721809828229382,25.721809828229382,23.51860640275932,23.51860640275932
1,0,0,1,1,1,0,0,0,0,0,0,0,1,0,1,0,0,0,0,0,1,1,1,0,0,1,0,1,0,0,1,1,0,0,0,0,1,1,1,0,1,0,0,0,0,1,0,0,1,0,0,0,1,0,1,0,0,0,0,0,0,1,0,0,0,1,0,0,1,0,0,0,0,0,0,0,0,0,0,54,-17.019564104506927,240.001,5.324918016151724e-08,5.324918016151724e-08,25.71730663899941,25.71730663899941,23.502681172612732,23.502681172612732
1,0,0,1,1,1,0,0,0,0,0,0,0,1,0,1,0,0,0,0,0,1,1,1,0,0,1,0,1,0,0,1,1,0,0,0,0,1,1,1,0,1,0,0,0,0,1,0,0,1,0,0,0,1,0,1,0,0,0,0,0,0,1,0,0,0,1,0,0,1,0,0,0,0,0,0,0,0,0,0,56,-17.019345908721313,240.001,5.3278408291514654e-08,5.3278408291514654e-08,25.71514167450193,25.71514167450193,23.552055861436113,23.552055861436113
1,0,0,1,1,1,0,0,0,0,0,0,0,1,0,1,0,0,0,0,0,1,1,1,0,0,1,0,1,0,0,1,1,0,0,0,0,1,1,1,0,1,0,0,0,0,1,0,0,1,0,0,0,1,0,1,0,0,0,0,0,0,1,0,0,0,1,0,0,1,0,0,0,0,0,0,0,0,0,0,63,-17.01855132520743,240.001,5.338097435519655e-08,5.338097435519655e-08,25.70758370841119,25.70758370841119,23.73673560545881,23.73673560545881
1,0,0,1,1,1,0,0,0,0,0,0,0,1,0,1,0,0,0,0,0,1,1,1,0,0,1,0,1,0,0,1,1,0,0,0,0,1,1,1,0,1,0,0,0,0,1,0,0,1,0,0,0,1,0,1,0,0,0,0,0,0,1,0,0,0,1,0,0,1,0,0,0,0,0,0,0,0,0,0,67,-17.01860236178538,240.001,5.343546084965515e-08,5.343546084965515e-08,25.703102045424746,25.703102045424746,23.724635597641495,23.724635597641495
1,0,0,1,1,1,0,0,0,0,0,0,0,1,0,1,0,0,0,0,0,1,1,1,0,0,1,0,1,0,0,1,1,0,0,0,0,1,1,1,0,1,0,0,0,0,1,0,0,1,0,0,0,1,0,1,0,0,0,0,0,0,1,0,0,0,1,0,0,1,0,0,0,0,0,0,0,0,0,0,70,-17.018261559294935,240.001,5.347943021627527e-08,5.347943021627527e-08,25.699870725419984,25.699870725419984,23.806078510411275,23.806078510411275
1,0,0,1,1,1,0,0,0,0,0,0,0,1,0,1,0,0,0,0,0,1,1,1,0,0,1,0,1,0,0,1,1,0,0,0,0,1,1,1,0,1,0,0,0,0,1,0,1,1,0,0,0,1,0,1,0,0,0,0,0,0,1,0,0,0,1,0,0,1,0,0,0,0,0,0,0,0,0,0,1,-17.018707454434786,240.001,5.252870094523192e-08,5.252870094523192e-08,25.777325938884502,25.777325938884502,23.699824940460008,23.699824940460008
1,0,0,1,1,1,0,0,0,0,0,0,0,1,0,1,0,0,0,0,0,1,1,1,0,0,1,0,1,0,0,1,1,0,0,0,0,1,1,1,0,1,0,0,0,0,1,0,1,1,0,0,0,1,0,1,0,0,0,0,0,0,1,0,0,0,1,0,0,1,0,0,0,0,0,0,0,0,0,0,4,-17.020879180703744,240.001,5.255239945259911e-08,5.255239945259911e-08,25.773195319700555,25.773195319700555,23.21637848396543,23.21637848396543
1,0,0,1,1,1,0,0,0,0,0,0,0,1,0,1,0,0,0,0,0,1,1,1,0,0,1,0,1,0,0,1,1,0,0,0,0,1,1,1,0,1,0,0,0,0,1,0,1,1,0,0,0,1,0,1,0,0,0,0,0,0,1,0,0,0,1,0,0,1,0,0,0,0,0,0,0,0,0,0,5,-17.02176228718156,240.001,5.2559013184921945e-08,5.2559013184921945e-08,25.771765686944708,25.771765686944708,23.034149405081394,23.034149405081394
1,0,0,1,1,1,0,0,0,0,0,0,0,1,0,1,0,0,0,0,0,1,1,1,0,0,1,0,1,0,0,1,1,0,0,0,0,1,1,1,0,1,0,0,0,0,1,0,1,1,0,0,0,1,0,1,0,0,0,0,0,0,1,0,0,0,1,0,0,1,0,0,0,0,0,0,0,0,0,0,6,-17.02079695422507,240.001,5.2580504092680956e-08,5.2580504092680956e-08,25.77095559178007,25.77095559178007,23.23373965904732,23.23373965904732
1,0,0,1,1,1,0,0,0,0,0,0,0,1,0,1,0,0,0,0,0,1,1,1,0,0,1,0,1,0,0,1,1,0,0,0,0,1,1,1,0,1,0,0,0,0,1,0,1,1,0,0,0,1,0,1,0,0,0,0,0,0,1,0,0,0,1,0,0,1,0,0,0,0,0,0,0,0,0,0,14,-17.019487428713525,240.001,5.2700840897758546e-08,5.2700840897758546e-08,25.762337122321767,25.762337122321767,23.51996822859928,23.51996822859928
1,0,0,1,1,1,0,0,0,0,0,0,0,1,0,1,0,0,0,0,0,1,1,1,0,0,1,0,1,0,0,1,1,0,0,0,0,1,1,1,0,1,0,0,0,0,1,0,1,1,0,0,0,1,0,1,0,0,0,0,0,0,1,0,0,0,1,0,0,1,0,0,0,0,0,0,0,0,0,0,16,-17.019654380081004,240.001,5.2726941271943234e-08,5.2726941271943234e-08,25.760019836671937,25.760019836671937,23.482415378945298,23.482415378945298
1,0,0,1,1,1,0,0,0,0,0,0,0,1,0,1,0,0,0,0,0,1,1,1,0,0,1,0,1,0,0,1,1,0,0,0,0,1,1,1,0,1,0,0,0,0,1,0,1,1,0,0,0,1,0,1,0,0,0,0,0,0,1,0,0,0,1,0,0,1,0,0,0,0,0,0,0,0,0,0,22,-17.02171274548738,240.001,5.279264502369319e-08,5.279264502369319e-08,25.752553038288344,25.752553038288344,23.044173349435006,23.044173349435006
1,0,0,1,1,1,0,0,0,0,0,0,0,1,0,1,0,0,0,0,0,1,1,1,0,0,1,0,1,0,0,1,1,0,0,0,0,1,1,1,0,1,0,0,0,0,1,0,1,1,0,0,0,1,0,1,0,0,0,0,0,0,1,0,0,0,1,0,0,1,0,0,0,0,0,0,0,0,0,0,23,-17.02279851451728,240.001,5.2797587159225146e-08,5.2797587159225146e-08,25.75106072745102,25.75106072745102,22.8295953099529,22.8295953099529
1,0,0,1,1,1,0,0,0,0,0,0,0,1,0,1,0,0,0,0,0,1,1,1,0,0,1,0,1,0,0,1,1,0,0,0,0,1,1,1,0,1,0,0,0,0,1,0,1,1,0,0,0,1,0,1,0,0,0,0,0,0,1,0,0,0,1,0,0,1,0,0,0,0,0,0,0,0,0,0,24,-17.0220744655146,240.001,5.2817158901517044e-08,5.2817158901517044e-08,25.750175171717068,25.750175171717068,22.971509401940256,22.971509401940256
1,0,0,1,1,1,0,0,0,0,0,0,0,1,0,1,0,0,0,0,0,1,1,1,0,0,1,0,1,0,0,1,1,0,0,0,0,1,1,1,0,1,0,0,0,0,1,0,1,1,0,0,0,1,0,1,0,0,0,0,0,0,1,0,0,0,1,0,0,1,0,0,0,0,0,0,0,0,0,0,27,-17.020911265946097,240.001,5.286772854165585e-08,5.286772854165585e-08,25.74718222032178,25.74718222032178,23.209622744944994,23.209622744944994
1,0,0,1,1,1,0,0,0,0,0,0,0,1,0,1,0,0,0,0,0,1,1,1,0,0,1,0,1,0,0,1,1,0,0,0,0,1,1,1,0,1,0,0,0,0,1,0,1,1,0,0,0,1,0,1,0,0,0,0,0,0,1,0,0,0,1,0,0,1,0,0,0,0,0,0,0,0,0,0,29,-17.020897526420157,240.001,5.289528205313944e-08,5.289528205313944e-08,25.744933100990387,25.744933100990387,23.21251440367928,23.21251440367928
1,0,0,1,1,1,0,0,0,0,0,0,0,1,0,1,0,0,0,0,0,1,1,1,0,0,1,0,1,0,0,1,1,0,0,0,0,1,1,1,0,1,0,0,0,0,1,0,1,1,0,0,0,1,0,1,0,0,0,0,0,0,1,0,0,0,1,0,0,1,0,0,0,0,0,0,0,0,0,0,32,-17.021745102954355,240.001,5.292957677002822e-08,5.292957677002822e-08,25.741270683597385,25.741270683597385,23.037623742722772,23.037623742722772
1,0,0,1,1,1,0,0,0,0,0,0,0,1,0,1,0,0,0,0,0,1,1,1,0,0,1,0,1,0,0,1,1,0,0,0,0,1,1,1,0,1,0,0,0,0,1,0,1,1,0,0,0,1,0,1,0,0,0,0,0,0,1,0,0,0,1,0,0,1,0,0,0,0,0,0,0,0,0,0,33,-17.021640158748923,240.001,5.29441469603474e-08,5.29441469603474e-08,25.740180288095686,25.740180288095686,23.05890178015547,23.05890178015547
1,0,0,1,1,1,0,0,0,0,0,0,0,1,0,1,0,0,0,0,0,1,1,1,0,0,1,0,1,0,0,1,1,0,0,0,0,1,1,1,0,1,0,0,0,0,1,0,1,1,0,0,0,1,0,1,0,0,0,0,0,0,1,0,0,0,1,0,0,1,0,0,0,0,0,0,0,0,0,0,38,-17.022159826651038,240.001,5.300852867925482e-08,5.300852867925482e-08,25.73438267350096,25.73438267350096,22.954536663058995,22.954536663058995
1,0,0,1,1,1,0,0,0,0,0,0,0,1,0,1,0,0,0,0,0,1,1,1,0,0,1,0,1,0,0,1,1,0,0,0,0,1,1,1,0,1,0,0,0,0,1,0,1,1,0,0,0,1,0,1,0,0,0,0,0,0,1,0,0,0,1,0,0,1,0,0,0,0,0,0,0,0,0,0,39,-17.02317907315486,240.001,5.301397424598736e-08,5.301397424598736e-08,25.732917299143217,25.732917299143217,22.75681500068609,22.75681500068609
1,0,0,1,1,1,0,0,0,0,0,0,0,1,0,1,0,0,0,0,0,1,1,1,0,0,1,0,1,0,0,1,1,0,0,0,0,1,1,1,0,1,0,0,0,0,1,0,1,1,0,0,0,1,0,1,0,0,0,0,0,0,1,0,0,0,1,0,0,1,0,0,0,0,0,0,0,0,0,0,40,-17.022488646804888,240.001,5.303329570982544e-08,5.303329570982544e-08,25.732025184948103,25.732025184948103,22.889765760596447,22.889765760596447
1,0,0,1,1,1,0,0,0,0,0,0,0,1,0,1,0,0,0,0,0,1,1,1,0,0,1,0,1,0,0,1,1,0,0,0,0,1,1,1,0,1,0,0,0,0,1,0,1,1,0,0,0,1,0,1,0,0,0,0,0,0,1,0,0,0,1,0,0,1,0,0,0,0,0,0,0,0,0,0,42,-17.02081643886492,240.001,5.3074316716174395e-08,5.3074316716174395e-08,25.730339443881462,25.730339443881462,23.229619452464476,23.229619452464476
1,0,0,1,1,1,0,0,0,0,0,0,0,1,0,1,0,0,0,0,0,1,1,1,0,0,1,0,1,0,0,1,1,0,0,0,0,1,1,1,0,1,0,0,0,0,1,0,1,1,0,0,0,1,0,1,0,0,0,0,0,0,1,0,0,0,1,0,0,1,0,0,0,0,0,0,0,0,0,0,47,-17.020507493955797,240.001,5.314543653760888e-08,5.314543653760888e-08,25.7248327189792,25.7248327189792,23.295411382802904,23.295411382802904
1,0,0,1,1,1,0,0,0,0,0,0,0,1,0,1,0,0,0,0,0,1,1,1,0,0,1,0,1,0,0,1,1,0,0,0,0,1,1,1,0,1,0,0,0,0,1,0,1,1,0,0,0,1,0,1,0,0,0,0,0,0,1,0,0,0,1,0,0,1,0,0,0,0,0,0,0,0,0,0,49,-17.021655033623496,240.001,5.316353857102512e-08,5.316353857102512e-08,25.72220616716002,25.72220616716002,23.055879497164483,23.055879497164483
1,0,0,1,1,1,0,0,0,0,0,0,0,1,0,1,0,0,0,0,0,1,1,1,0,0,1,0,1,0,0,1,1,0,0,0,0,1,1,1,0,1,0,0,0,0,1,0,1,1,0,0,0,1,0,1,0,0,0,0,0,0,1,0,0,0,1,0,0,1,0,0,0,0,0,0,0,0,0,0,50,-17.02138369292428,240.001,5.3179467493446186e-08,5.3179467493446186e-08,25.72117646448687,25.72117646448687,23.111342454455688,23.111342454455688
1,0,0,1,1,1,0,0,0,0,0,0,0,1,0,1,0,0,0,0,0,1,1,1,0,0,1,0,1,0,0,1,1,0,0,0,0,1,1,1,0,1,0,0,0,0,1,0,1,1,0,0,0,1,0,1,0,0,0,0,0,0,1,0,0,0,1,0,0,1,0,0,0,0,0,0,0,0,0,0,54,-17.019933967236483,240.001,5.3246165268119963e-08,5.3246165268119963e-08,25.7171826746349,25.7171826746349,23.42024209627215,23.42024209627215
1,0,0,1,1,1,0,0,0,0,0,0,0,1,0,1,0,0,0,0,0,1,1,1,0,0,1,0,1,0,0,1,1,0,0,0,0,1,1,1,0,1,0,0,0,0,1,0,1,1,0,0,0,1,0,1,0,0,0,0,0,0,1,0,0,0,1,0,0,1,0,0,0,0,0,0,0,0,0,0,56,-17.01960996454336,240.001,5.32762547104306e-08,5.32762547104306e-08,25.71505316958585,25.71505316958585,23.492374374379995,23.492374374379995
1,0,0,1,1,1,0,0,0,0,0,0,0,1,0,1,0,0,0,0,0,1,1,1,0,0,1,0,1,0,0,1,1,0,0,0,0,1,1,1,0,1,0,0,0,0,1,0,1,1,0,0,0,1,0,1,0,0,0,0,0,0,1,0,0,0,1,0,0,1,0,0,0,0,0,0,0,0,0,0,63,-17.01868332774222,240.001,5.337989563162163e-08,5.337989563162163e-08,25.707539469060823,25.707539469060823,23.705508389428978,23.705508389428978
1,0,0,1,1,1,0,0,0,0,0,0,0,1,0,1,0,0,0,0,0,1,1,1,0,0,1,0,1,0,0,1,1,0,0,0,0,1,1,1,0,1,0,0,0,0,1,0,1,1,0,0,0,1,0,1,0,0,0,0,0,0,1,0,0,0,1,0,0,1,0,0,0,0,0,0,0,0,0,0,67,-17.01870501677462,240.001,5.343462112035043e-08,5.343462112035043e-08,25.70306763962117,25.70306763962117,23.700398836161813,23.700398836161813
1,0,0,1,1,1,0,0,0,0,0,0,0,1,0,1,0,0,0,0,0,1,1,1,0,0,1,0,1,0,0,1,1,0,0,0,0,1,1,1,0,1,0,0,0,0,1,0,1,1,0,0,0,1,0,1,0,0,0,0,0,0,1,0,0,0,1,0,0,1,0,0,0,0,0,0,0,0,0,0,70,-17.018349554955286,240.001,5.347870978874519e-08,5.347870978874519e-08,25.699841234460802,25.699841234460802,23.78490375057158,23.78490375057158
1,0,0,1,1,1,0,0,0,0,0,0,0,1,0,1,0,0,0,0,0,1,1,1,0,0,1,0,1,0,0,1,1,0,1,0,0,1,1,1,0,1,0,0,0,0,1,0,1,1,0,0,0,1,0,1,0,0,0,0,0,0,1,0,0,0,1,0,0,1,0,0,0,0,0,0,0,0,0,0,1,-17.01876178598632,240.001,5.252826408081019e-08,5.252826408081019e-08,25.777307726367557,25.777307726367557,23.687053281183328,23.687053281183328
1,0,0,1,1,1,0,0,0,0,0,0,0,1,0,1,0,0,0,0,0,1,1,1,0,0,1,0,1,0,0,1,1,0,1,0,0,1,1,1,0,1,0,0,0,0,1,0,1,1,0,0,0,1,0,1,0,0,0,0,0,0,1,0,0,0,1,0,0,1,0,0,0,0,0,0,0,0,0,0,4,-17.020938722434117,240.001,5.255192060821227e-08,5.255192060821227e-08,25.773175349982974,25.773175349982974,23.203849910728273,23.203849910728273
1,0,0,1,1,1,0,0,0,0,0,0,0,1,0,1,0,0,0,0,0,1,1,1,0,0,1,0,1,0,0,1,1,0,1,0,0,1,1,1,0,1,0,0,0,0,1,0,1,1,0,0,0,1,0,1,0,0,0,0,0,0,1,0,0,0,1,0,0,1,0,0,0,0,0,0,0,0,0,0,5,-17.021823794285815,240.001,5.255851852501986e-08,5.255851852501986e-08,25.77174505371989,25.77174505371989,23.021736405871295,23.021736405871295
1,0,0,1,1,1,0,0,0,0,0,0,0,1,0,1,0,0,0,0,0,1,1,1,0,0,1,0,1,0,0,1,1,0,1,0,0,1,1,1,0,1,0,0,0,0,1,0,1,1,0,0,0,1,0,1,0,0,0,0,0,0,1,0,0,0,1,0,0,1,0,0,0,0,0,0,0,0,0,0,6,-17.0208606074861,240.001,5.257999189559329e-08,5.257999189559329e-08,25.770934244209354,25.770934244209354,23.220293970594238,23.220293970594238
1,0,0,1,1,1,0,0,0,0,0,0,0,1,0,1,0,0,0,0,0,1,1,1,0,0,1,0,1,0,0,1,1,0,1,0,0,1,1,1,0,1,0,0,0,0,1,0,1,1,0,0,0,1,0,1,0,0,0,0,0,0,1,0,0,0,1,0,0,1,0,0,0,0,0,0,0,0,0,0,14,-17.019575382903096,240.001,5.270013140542429e-08,5.270013140542429e-08,25.76230763601897,25.76230763601897,23.500144154426913,23.500144154426913
1,0,0,1,1,1,0,0,0,0,0,0,0,1,0,1,0,0,0,0,0,1,1,1,0,0,1,0,1,0,0,1,1,0,1,0,0,1,1,1,0,1,0,0,0,0,1,0,1,1,0,0,0,1,0,1,0,0,0,0,0,0,1,0,0,0,1,0,0,1,0,0,0,0,0,0,0,0,0,0,16,-17.019751591597576,240.001,5.272615672226793e-08,5.272615672226793e-08,25.759987246413772,25.759987246413772,23.460697310423132,23.460697310423132
1,0,0,1,1,1,0,0,0,0,0,0,0,1,0,1,0,0,0,0,0,1,1,1,0,0,1,0,1,0,0,1,1,0,1,0,0,1,1,1,0,1,0,0,0,0,1,0,1,1,0,0,0,1,0,1,0,0,0,0,0,0,1,0,0,0,1,0,0,1,0,0,0,0,0,0,0,0,0,0,22,-17.02185473456548,240.001,5.2791497940392875e-08,5.2791497940392875e-08,25.75250541412786,25.75250541412786,23.015505542596767,23.015505542596767
1,0,0,1,1,1,0,0,0,0,0,0,0,1,0,1,0,0,0,0,0,1,1,1,0,0,1,0,1,0,0,1,1,0,1,0,0,1,1,1,0,1,0,0,0,0,1,0,1,1,0,0,0,1,0,1,0,0,0,0,0,0,1,0,0,0,1,0,0,1,0,0,0,0,0,0,0,0,0,0,23,-17.022952284377194,240.001,5.2796344937499344e-08,5.2796344937499344e-08,25.75100913960671,25.75100913960671,22.80004120939698,22.80004120939698
1,0,0,1,1,1,0,0,0,0,0,0,0,1,0,1,0,0,0,0,0,1,1,1,0,0,1,0,1,0,0,1,1,0,1,0,0,1,1,1,0,1,0,0,0,0,1,0,1,1,0,0,0,1,0,1,0,0,0,0,0,0,1,0,0,0,1,0,0,1,0,0,0,0,0,0,0,0,0,0,24,-17.0222422767141,240.001,5.2815802591138296e-08,5.2815802591138296e-08,25.75011888595526,25.75011888595526,22.938205168407197,22.938205168407197
1,0,0,1,1,1,0,0,0,0,0,0,0,1,0,1,0,0,0,0,0,1,1,1,0,0,1,0,1,0,0,1,1,0,1,0,0,1,1,1,0,1,0,0,0,0,1,0,1,1,0,0,0,1,0,1,0,0,0,0,0,0,1,0,0,0,1,0,0,1,0,0,0,0,0,0,0,0,0,0,27,-17.021142172864355,240.001,5.2865860143907324e-08,5.2865860143907324e-08,25.747104800075515,25.747104800075515,23.161309966609004,23.161309966609004
1,0,0,1,1,1,0,0,0,0,0,0,0,1,0,1,0,0,0,0,0,1,1,1,0,0,1,0,1,0,0,1,1,0,1,0,0,1,1,1,0,1,0,0,0,0,1,0,1,1,0,0,0,1,0,1,0,0,0,0,0,0,1,0,0,0,1,0,0,1,0,0,0,0,0,0,0,0,0,0,29,-17.021205527361417,240.001,5.28927884518432e-08,5.28927884518432e-08,25.744829840957642,25.744829840957642,23.14814725011683,23.14814725011683
1,0,0,1,1,1,0,0,0,0,0,0,0,1,0,1,0,0,0,0,0,1,1,1,0,0,1,0,1,0,0,1,1,0,1,0,0,1,1,1,0,1,0,0,0,0,1,0,1,1,0,0,0,1,0,1,0,0,0,0,0,0,1,0,0,0,1,0,0,1,0,0,0,0,0,0,0,0,0,0,32,-17.022362209007547,240.001,5.2924577682541035e-08,5.2924577682541035e-08,25.741063778943108,25.741063778943108,22.914557845747176,22.914557845747176
1,0,0,1,1,1,0,0,0,0,0,0,0,1,0,1,0,0,0,0,0,1,1,1,0,0,1,0,1,0,0,1,1,0,1,0,0,1,1,1,0,1,0,0,0,0,1,0,1,1,0,0,0,1,0,1,0,0,0,0,0,0,1,0,0,0,1,0,0,1,0,0,0,0,0,0,0,0,0,0,33,-17.022569024770704,240.001,5.2936619677016395e-08,5.2936619677016395e-08,25.739868919986648,25.739868919986648,22.874078039904056,22.874078039904056
1,0,0,1,1,1,0,0,0,0,0,0,0,1,0,1,0,0,0,0,0,1,1,1,0,0,1,0,1,0,0,1,1,0,1,0,0,1,1,1,0,1,0,0,0,0,1,0,1,1,0,0,0,1,0,1,0,0,0,0,0,0,1,0,0,0,1,0,0,1,0,0,0,0,0,0,0,0,0,0,35,-17.021586955237517,240.001,5.297201880501689e-08,5.297201880501689e-08,25.73794779923287,25.73794779923287,23.069728853315855,23.069728853315855
1,0,0,1,1,1,0,0,0,0,0,0,0,1,0,1,0,0,0,0,0,1,1,1,0,0,1,0,1,0,0,1,1,0,1,0,0,1,1,1,0,1,0,0,0,0,1,0,1,1,0,0,0,1,0,1,0,0,0,0,0,0,1,0,0,0,1,0,0,1,0,0,0,0,0,0,0,0,0,0,38,-17.022776954018383,240.001,5.300352190349291e-08,5.300352190349291e-08,25.73417576649539,25.73417576649539,22.833755211851248,22.833755211851248
1,0,0,1,1,1,0,0,0,0,0,0,0,1,0,1,0,0,0,0,0,1,1,1,0,0,1,0,1,0,0,1,1,0,1,0,0,1,1,1,0,1,0,0,0,0,1,0,1,1,0,0,0,1,0,1,0,0,0,0,0,0,1,0,0,0,1,0,0,1,0,0,0,0,0,0,0,0,0,0,39,-17.023641131589116,240.001,5.301022587126074e-08,5.301022587126074e-08,25.73276232125449,25.73276232125449,22.67004854308958,22.67004854308958
1,0,0,1,1,1,0,0,0,0,0,0,0,1,0,1,0,0,0,0,0,1,1,1,0,0,1,0,1,0,0,1,1,0,1,0,0,1,1,1,0,1,0,0,0,0,1,0,1,1,0,0,0,1,0,1,0,0,0,0,0,0,1,0,0,0,1,0,0,1,0,0,0,0,0,0,0,0,0,0,40,-17.022858142859334,240.001,5.30302970139375e-08,5.30302970139375e-08,25.73190126177007,25.73190126177007,22.818111162394334,22.818111162394334
1,0,0,1,1,1,0,0,0,0,0,0,0,1,0,1,0,0,0,0,0,1,1,1,0,0,1,0,1,0,0,1,1,0,1,0,0,1,1,1,0,1,0,0,0,0,1,0,1,1,0,0,0,1,0,1,0,0,0,0,0,0,1,0,0,0,1,0,0,1,0,0,0,0,0,0,0,0,0,0,42,-17.021080377648676,240.001,5.307217265421043e-08,5.307217265421043e-08,25.730250952121054,25.730250952121054,23.174187084548223,23.174187084548223
1,0,0,1,1,1,0,0,0,0,0,0,0,1,0,1,0,0,0,0,0,1,1,1,0,0,1,0,1,0,0,1,1,0,1,0,0,1,1,1,0,1,0,0,0,0,1,0,1,1,0,0,0,1,0,1,0,0,0,0,0,0,1,0,0,0,1,0,0,1,0,0,0,0,0,0,0,0,0,0,47,-17.02066140721422,240.001,5.314418457390745e-08,5.314418457390745e-08,25.7247811150378,25.7247811150378,23.262510501356637,23.262510501356637
1,0,0,1,1,1,0,0,0,0,0,0,0,1,0,1,0,0,0,0,0,1,1,1,0,0,1,0,1,0,0,1,1,0,1,0,0,1,1,1,0,1,0,0,0,0,1,0,1,1,0,0,0,1,0,1,0,0,0,0,0,0,1,0,0,0,1,0,0,1,0,0,0,0,0,0,0,0,0,0,49,-17.021786887028828,240.001,5.3162465861975604e-08,5.3162465861975604e-08,25.722161944550823,25.722161944550823,23.029180572721476,23.029180572721476
1,0,0,1,1,1,0,0,0,0,0,0,0,1,0,1,0,0,0,0,0,1,1,1,0,0,1,0,1,0,0,1,1,0,1,0,0,1,1,1,0,1,0,0,0,0,1,0,1,1,0,0,0,1,0,1,0,0,0,0,0,0,1,0,0,0,1,0,0,1,0,0,0,0,0,0,0,0,0,0,50,-17.02150676101155,240.001,5.317846593929678e-08,5.317846593929678e-08,25.7211351899107,25.7211351899107,23.086099541948755,23.086099541948755
1,0,0,1,1,1,0,0,0,0,0,0,0,1,0,1,0,0,0,0,0,1,1,1,0,0,1,0,1,0,0,1,1,0,1,0,0,1,1,1,0,1,0,0,0,0,1,0,1,1,0,0,0,1,0,1,0,0,0,0,0,0,1,0,0,0,1,0,0,1,0,0,0,0,0,0,0,0,0,0,54,-17.020031170473306,240.001,5.324537308278743e-08,5.324537308278743e-08,25.717150085305228,25.717150085305228,23.398832411670586,23.398832411670586
1,0,0,1,1,1,0,0,0,0,0,0,0,1,0,1,0,0,0,0,0,1,1,1,0,0,1,0,1,0,0,1,1,0,1,0,0,1,1,1,0,1,0,0,0,0,1,0,1,1,0,0,0,1,0,1,0,0,0,0,0,0,1,0,0,0,1,0,0,1,0,0,0,0,0,0,0,0,0,0,56,-17.01969791670671,240.001,5.3275537493581426e-08,5.3275537493581426e-08,25.715023683509926,25.715023683509926,23.47267547144255,23.47267547144255
1,0,0,1,1,1,0,0,0,0,0,0,0,1,0,1,0,0,0,0,0,1,1,1,0,0,1,0,1,0,0,1,1,0,1,0,0,1,1,1,0,1,0,0,0,0,1,0,1,1,0,0,0,1,0,1,0,0,0,0,0,0,1,0,0,0,1,0,0,1,0,0,0,0,0,0,0,0,0,0,63,-17.01874931028348,240.001,5.337935646658421e-08,5.337935646658421e-08,25.70751735276928,25.70751735276928,23.68998262510742,23.68998262510742
1,0,0,1,1,1,0,0,0,0,0,0,0,1,0,1,0,0,0,0,0,1,1,1,0,0,1,0,1,0,0,1,1,0,1,0,0,1,1,1,0,1,0,0,0,0,1,0,1,1,0,0,0,1,0,1,0,0,0,0,0,0,1,0,0,0,1,0,0,1,0,0,0,0,0,0,0,0,0,0,67,-17.0187627488214,240.001,5.3434148895153936e-08,5.3434148895153936e-08,25.703048288253246,25.703048288253246,23.686827285492114,23.686827285492114
1,0,0,1,1,1,0,0,0,0,0,0,0,1,0,1,0,0,0,0,0,1,1,1,0,0,1,0,1,0,0,1,1,0,1,0,0,1,1,1,0,1,0,0,0,0,1,0,1,1,0,0,0,1,0,1,0,0,0,0,0,0,1,0,0,0,1,0,0,1,0,0,0,0,0,0,0,0,0,0,70,-17.01840234425928,240.001,5.347827762055166e-08,5.347827762055166e-08,25.699823541183026,25.699823541183026,23.772250005951424,23.772250005951424
1,0,0,1,1,1,0,0,0,0,0,0,0,1,0,1,0,0,0,0,0,1,1,1,0,0,1,0,1,0,0,1,1,0,1,0,1,1,1,1,0,1,0,0,0,0,1,0,1,1,0,0,0,1,0,1,0,0,0,0,0,0,1,0,0,0,1,0,0,1,0,0,0,0,0,0,0,0,0,0,1,-17.018813063334814,240.001,5.2527851873999566e-08,5.2527851873999566e-08,25.7772905296895,25.7772905296895,23.675033777996756,23.675033777996756
1,0,0,1,1,1,0,0,0,0,0,0,0,1,0,1,0,0,0,0,0,1,1,1,0,0,1,0,1,0,0,1,1,0,1,0,1,1,1,1,0,1,0,0,0,0,1,0,1,1,0,0,0,1,0,1,0,0,0,0,0,0,1,0,0,0,1,0,0,1,0,0,0,0,0,0,0,0,0,0,4,-17.020994616361623,240.001,5.2551471209575274e-08,5.2551471209575274e-08,25.773156594980268,25.773156594980268,23.192121538666157,23.192121538666157
1,0,0,1,1,1,0,0,0,0,0,0,0,1,0,1,0,0,0,0,0,1,1,1,0,0,1,0,1,0,0,1,1,0,1,0,1,1,1,1,0,1,0,0,0,0,1,0,1,1,0,0,0,1,0,1,0,0,0,0,0,0,1,0,0,0,1,0,0,1,0,0,0,0,0,0,0,0,0,0,5,-17.021881416642543,240.001,5.255805522088261e-08,5.255805522088261e-08,25.77172571465629,25.77172571465629,23.01013934502417,23.01013934502417
1,0,0,1,1,1,0,0,0,0,0,0,0,1,0,1,0,0,0,0,0,1,1,1,0,0,1,0,1,0,0,1,1,0,1,0,1,1,1,1,0,1,0,0,0,0,1,0,1,1,0,0,0,1,0,1,0,0,0,0,0,0,1,0,0,0,1,0,0,1,0,0,0,0,0,0,0,0,0,0,6,-17.02092011207182,240.001,5.257951319910473e-08,5.257951319910473e-08,25.770914278654043,25.770914278654043,23.207761978314817,23.207761978314817
1,0,0,1,1,1,0,0,0,0,0,0,0,1,0,1,0,0,0,0,0,1,1,1,0,0,1,0,1,0,0,1,1,0,1,0,1,1,1,1,0,1,0,0,0,0,1,0,1,1,0,0,0,1,0,1,0,0,0,0,0,0,1,0,0,0,1,0,0,1,0,0,0,0,0,0,0,0,0,0,14,-17.01965563098136,240.001,5.2699484238653395e-08,5.2699484238653395e-08,25.76228072038518,25.76228072038518,23.48213522693137,23.48213522693137
1,0,0,1,1,1,0,0,0,0,0,0,0,1,0,1,0,0,0,0,0,1,1,1,0,0,1,0,1,0,0,1,1,0,1,0,1,1,1,1,0,1,0,0,0,0,1,0,1,1,0,0,0,1,0,1,0,0,0,0,0,0,1,0,0,0,1,0,0,1,0,0,0,0,0,0,0,0,0,0,16,-17.019839480664103,240.001,5.272544759115257e-08,5.272544759115257e-08,25.759957767407926,25.759957767407926,23.441154607285014,23.441154607285014
1,0,0,1,1,1,0,0,0,0,0,0,0,1,0,1,0,0,0,0,0,1,1,1,0,0,1,0,1,0,0,1,1,0,1,0,1,1,1,1,0,1,0,0,0,0,1,0,1,1,0,0,0,1,0,1,0,0,0,0,0,0,1,0,0,0,1,0,0,1,0,0,0,0,0,0,0,0,0,0,22,-17.02197769671686,240.001,5.279050483635821e-08,5.279050483635821e-08,25.752464151431106,25.752464151431106,22.99083053503572,22.99083053503572
1,0,0,1,1,1,0,0,0,0,0,0,0,1,0,1,0,0,0,0,0,1,1,1,0,0,1,0,1,0,0,1,1,0,1,0,1,1,1,1,0,1,0,0,0,0,1,0,1,1,0,0,0,1,0,1,0,0,0,0,0,0,1,0,0,0,1,0,0,1,0,0,0,0,0,0,0,0,0,0,23,-17.023083982807876,240.001,5.279528131010913e-08,5.279528131010913e-08,25.75096493438412,25.75096493438412,22.774887257294697,22.774887257294697
1,0,0,1,1,1,0,0,0,0,0,0,0,1,0,1,0,0,0,0,0,1,1,1,0,0,1,0,1,0,0,1,1,0,1,0,1,1,1,1,0,1,0,0,0,0,1,0,1,1,0,0,0,1,0,1,0,0,0,0,0,0,1,0,0,0,1,0,0,1,0,0,0,0,0,0,0,0,0,0,24,-17.02238415505662,240.001,5.2814656200323063e-08,5.2814656200323063e-08,25.750071274211763,25.750071274211763,22.910244524895504,22.910244524895504
1,0,0,1,1,1,0,0,0,0,0,0,0,1,0,1,0,0,0,0,0,1,1,1,0,0,1,0,1,0,0,1,1,0,1,0,1,1,1,1,0,1,0,0,0,0,1,0,1,1,0,0,0,1,0,1,0,0,0,0,0,0,1,0,0,0,1,0,0,1,0,0,0,0,0,0,0,0,0,0,27,-17.02132672802806,240.001,5.286436725036106e-08,5.286436725036106e-08,25.7470428882552,25.7470428882552,23.123076334359535,23.123076334359535
1,0,0,1,1,1,0,0,0,0,0,0,0,1,0,1,0,0,0,0,0,1,1,1,0,0,1,0,1,0,0,1,1,0,1,0,1,1,1,1,0,1,0,0,0,0,1,0,1,1,0,0,0,1,0,1,0,0,0,0,0,0,1,0,0,0,1,0,0,1,0,0,0,0,0,0,0,0,0,0,29,-17.021436270360283,240.001,5.289092094101121e-08,5.289092094101121e-08,25.744752439083598,25.744752439083598,23.100540249208915,23.100540249208915
1,0,0,1,1,1,0,0,0,0,0,0,0,1,0,1,0,0,0,0,0,1,1,1,0,0,1,0,1,0,0,1,1,0,1,0,1,1,1,1,0,1,0,0,0,0,1,0,1,1,0,0,0,1,0,1,0,0,0,0,0,0,1,0,0,0,1,0,0,1,0,0,0,0,0,0,0,0,0,0,32,-17.022731509556436,240.001,5.2921587249419856e-08,5.2921587249419856e-08,25.740939877668573,25.740939877668573,22.84253631120925,22.84253631120925
1,0,0,1,1,1,0,0,0,0,0,0,0,1,0,1,0,0,0,0,0,1,1,1,0,0,1,0,1,0,0,1,1,0,1,0,1,1,1,1,0,1,0,0,0,0,1,0,1,1,0,0,0,1,0,1,0,0,0,0,0,0,1,0,0,0,1,0,0,1,0,0,0,0,0,0,0,0,0,0,33,-17.02303093360849,240.001,5.2932878390965423e-08,5.2932878390965423e-08,25.739713958837758,25.739713958837758,22.785002049074528,22.785002049074528
1,0,0,1,1,1,0,0,0,0,0,0,0,1,0,1,0,0,0,0,0,1,1,1,0,0,1,0,1,0,0,1,1,0,1,0,1,1,1,1,0,1,0,0,0,0,1,0,1,1,0,0,0,1,0,1,0,0,0,0,0,0,1,0,0,0,1,0,0,1,0,0,0,0,0,0,0,0,0,0,35,-17.022515399261277,240.001,5.2964492128895235e-08,5.2964492128895235e-08,25.737636478405523,25.737636478405523,22.884538104204996,22.884538104204996
1,0,0,1,1,1,0,0,0,0,0,0,0,1,0,1,0,0,0,0,0,1,1,1,0,0,1,0,1,0,0,1,1,0,1,0,1,1,1,1,0,1,0,0,0,0,1,0,1,1,0,0,0,1,0,1,0,0,0,0,0,0,1,0,0,0,1,0,0,1,0,0,0,0,0,0,0,0,0,0,37,-17.023781449316974,240.001,5.2981660065943614e-08,5.2981660065943614e-08,25.734962932138483,25.734962932138483,22.644037048729203,22.644037048729203
1,0,0,1,1,1,0,0,0,0,0,0,0,1,0,1,0,0,0,0,0,1,1,1,0,0,1,0,1,0,0,1,1,0,1,0,1,1,1,1,0,1,0,0,0,0,1,0,1,1,0,0,0,1,0,1,0,0,0,0,0,0,1,0,0,0,1,0,0,1,0,0,0,0,0,0,0,0,0,0,38,-17.024664748012178,240.001,5.298821106180239e-08,5.298821106180239e-08,25.733542676792148,25.733542676792148,22.483759358948994,22.483759358948994
1,0,0,1,1,1,0,0,0,0,0,0,0,1,0,1,0,0,0,0,0,1,1,1,0,0,1,0,1,0,0,1,1,0,1,0,1,1,1,1,0,1,0,0,0,0,1,0,1,1,0,0,0,1,0,1,0,0,0,0,0,0,1,0,0,0,1,0,0,1,0,0,0,0,0,0,0,0,0,0,39,-17.024568672906643,240.001,5.3002703546595836e-08,5.3002703546595836e-08,25.73245110176044,25.73245110176044,22.500910133323426,22.500910133323426
1,0,0,1,1,1,0,0,0,0,0,0,0,1,0,1,0,0,0,0,0,1,1,1,0,0,1,0,1,0,0,1,1,0,1,0,1,1,1,1,0,1,0,0,0,0,1,0,1,1,0,0,0,1,0,1,0,0,0,0,0,0,1,0,0,0,1,0,0,1,0,0,0,0,0,0,0,0,0,0,40,-17.023474576278343,240.001,5.302529570500397e-08,5.302529570500397e-08,25.731694432562975,25.731694432562975,22.70112633021716,22.70112633021716
1,0,0,1,1,1,0,0,0,0,0,0,0,1,0,1,0,0,0,0,0,1,1,1,0,0,1,0,1,0,0,1,1,0,1,0,1,1,1,1,0,1,0,0,0,0,1,0,1,1,0,0,0,1,0,1,0,0,0,0,0,0,1,0,0,0,1,0,0,1,0,0,0,0,0,0,0,0,0,0,42,-17.021449812814854,240.001,5.306917242129962e-08,5.306917242129962e-08,25.730127035719875,25.730127035719875,23.097762232790274,23.097762232790274
1,0,0,1,1,1,0,0,0,0,0,0,0,1,0,1,0,0,0,0,0,1,1,1,0,0,1,0,1,0,0,1,1,0,1,0,1,1,1,1,0,1,0,0,0,0,1,0,1,1,0,0,0,1,0,1,0,0,0,0,0,0,1,0,0,0,1,0,0,1,0,0,0,0,0,0,0,0,0,0,47,-17.020845993522897,240.001,5.31426834823834e-08,5.31426834823834e-08,25.724719199718997,25.724719199718997,23.223377264270933,23.223377264270933
1,0,0,1,1,1,0,0,0,0,0,0,0,1,0,1,0,0,0,0,0,1,1,1,0,0,1,0,1,0,0,1,1,0,1,0,1,1,1,1,0,1,0,0,0,0,1,0,1,1,0,0,0,1,0,1,0,0,0,0,0,0,1,0,0,0,1,0,0,1,0,0,0,0,0,0,0,0,0,0,49,-17.02194061964444,240.001,5.3161215460386495e-08,5.3161215460386495e-08,25.72211036086452,25.72211036086452,22.998256170640403,22.998256170640403
1,0,0,1,1,1,0,0,0,0,0,0,0,1,0,1,0,0,0,0,0,1,1,1,0,0,1,0,1,0,0,1,1,0,1,0,1,1,1,1,0,1,0,0,0,0,1,0,1,1,0,0,0,1,0,1,0,0,0,0,0,0,1,0,0,0,1,0,0,1,0,0,0,0,0,0,0,0,0,0,50,-17.021648671744835,240.001,5.3177311324711057e-08,5.3177311324711057e-08,25.72108757452389,25.72108757452389,23.05717185009638,23.05717185009638
1,0,0,1,1,1,0,0,0,0,0,0,0,1,0,1,0,0,0,0,0,1,1,1,0,0,1,0,1,0,0,1,1,0,1,0,1,1,1,1,0,1,0,0,0,0,1,0,1,1,0,0,0,1,0,1,0,0,0,0,0,0,1,0,0,0,1,0,0,1,0,0,0,0,0,0,0,0,0,0,54,-17.02013973773096,240.001,5.324448849786076e-08,5.324448849786076e-08,25.717113669583263,25.717113669583263,23.375043276455187,23.375043276455187
1,0,0,1,1,1,0,0,0,0,0,0,0,1,0,1,0,0,0,0,0,1,1,1,0,0,1,0,1,0,0,1,1,0,1,0,1,1,1,1,0,1,0,0,0,0,1,0,1,1,0,0,0,1,0,1,0,0,0,0,0,0,1,0,0,0,1,0,0,1,0,0,0,0,0,0,0,0,0,0,56,-17.019795062247475,240.001,5.327474549975267e-08,5.327474549975267e-08,25.714991100641342,25.714991100641342,23.451020387968818,23.451020387968818
1,0,0,1,1,1,0,0,0,0,0,0,0,1,0,1,0,0,0,0,0,1,1,1,0,0,1,0,1,0,0,1,1,0,1,0,1,1,1,1,0,1,0,0,0,0,1,0,1,1,0,0,0,1,0,1,0,0,0,0,0,0,1,0,0,0,1,0,0,1,0,0,0,0,0,0,0,0,0,0,63,-17.018820320601552,240.001,5.337877635604711e-08,5.337877635604711e-08,25.70749354050507,25.70749354050507,23.673335334092446,23.673335334092446
1,0,0,1,1,1,0,0,0,0,0,0,0,1,0,1,0,0,0,0,0,1,1,1,0,0,1,0,1,0,0,1,1,0,1,0,1,1,1,1,0,1,0,0,0,0,1,0,1,1,0,0,0,1,0,1,0,0,0,0,0,0,1,0,0,0,1,0,0,1,0,0,0,0,0,0,0,0,0,0,67,-17.018824288110824,240.001,5.343364564746483e-08,5.343364564746483e-08,25.70302765140694,25.70302765140694,23.672407083358593,23.672407083358593
1,0,0,1,1,1,0,0,0,0,0,0,0,1,0,1,0,0,0,0,0,1,1,1,0,0,1,0,1,0,0,1,1,0,1,0,1,1,1,1,0,1,0,0,0,0,1,0,1,1,0,0,0,1,0,1,0,0,0,0,0,0,1,0,0,0,1,0,0,1,0,0,0,0,0,0,0,0,0,0,70,-17.018458295053414,240.001,5.347781967852311e-08,5.347781967852311e-08,25.699804779796708,25.699804779796708,23.758878401048786,23.758878401048786
1,0,0,1,1,1,0,0,0,0,0,0,0,1,0,1,0,0,0,0,0,1,1,1,0,0,1,0,1,0,0,1,1,0,1,0,1,1,1,1,0,1,0,0,0,0,1,0,1,1,0,0,0,1,0,1,0,0,1,0,0,0,1,0,0,0,1,0,0,1,0,0,0,0,0,0,0,0,0,0,1,-17.018844925604387,240.001,5.252759564681342e-08,5.252759564681342e-08,25.777279852052555,25.777279852052555,23.667581855394797,23.667581855394797
1,0,0,1,1,1,0,0,0,0,0,0,0,1,0,1,0,0,0,0,0,1,1,1,0,0,1,0,1,0,0,1,1,0,1,0,1,1,1,1,0,1,0,0,0,0,1,0,1,1,0,0,0,1,0,1,0,0,1,0,0,0,1,0,0,0,1,0,0,1,0,0,0,0,0,0,0,0,0,0,4,-17.02102818891438,240.001,5.255120118210133e-08,5.255120118210133e-08,25.7731453380241,25.7731453380241,23.185092043494834,23.185092043494834
1,0,0,1,1,1,0,0,0,0,0,0,0,1,0,1,0,0,0,0,0,1,1,1,0,0,1,0,1,0,0,1,1,0,1,0,1,1,1,1,0,1,0,0,0,0,1,0,1,1,0,0,0,1,0,1,0,0,1,0,0,0,1,0,0,0,1,0,0,1,0,0,0,0,0,0,0,0,0,0,5,-17.021915599674813,240.001,5.255778027918189e-08,5.255778027918189e-08,25.771714250496565,25.771714250496565,23.00327421023756,23.00327421023756
1,0,0,1,1,1,0,0,0,0,0,0,0,1,0,1,0,0,0,0,0,1,1,1,0,0,1,0,1,0,0,1,1,0,1,0,1,1,1,1,0,1,0,0,0,0,1,0,1,1,0,0,0,1,0,1,0,0,1,0,0,0,1,0,0,0,1,0,0,1,0,0,0,0,0,0,0,0,0,0,6,-17.020954953349722,240.001,5.257923281272826e-08,5.257923281272826e-08,25.770902596696832,25.770902596696832,23.20044088536796,23.20044088536796
1,0,0,1,1,1,0,0,0,0,0,0,0,1,0,1,0,0,0,0,0,1,1,1,0,0,1,0,1,0,0,1,1,0,1,0,1,1,1,1,0,1,0,0,0,0,1,0,1,1,0,0,0,1,0,1,0,0,1,0,0,0,1,0,0,0,1,0,0,1,0,0,0,0,0,0,0,0,0,0,14,-17.019696687160316,240.001,5.2699153027708744e-08,5.2699153027708744e-08,25.762266959262284,25.762266959262284,23.472950244367876,23.472950244367876
1,0,0,1,1,1,0,0,0,0,0,0,0,1,0,1,0,0,0,0,0,1,1,1,0,0,1,0,1,0,0,1,1,0,1,0,1,1,1,1,0,1,0,0,0,0,1,0,1,1,0,0,0,1,0,1,0,0,1,0,0,0,1,0,0,0,1,0,0,1,0,0,0,0,0,0,0,0,0,0,16,-17.019882444111655,240.001,5.272510082947178e-08,5.272510082947178e-08,25.759943366483142,25.759943366483142,23.431633169771562,23.431633169771562
1,0,0,1,1,1,0,0,0,0,0,0,0,1,0,1,0,0,0,0,0,1,1,1,0,0,1,0,1,0,0,1,1,0,1,0,1,1,1,1,0,1,0,0,0,0,1,0,1,1,0,0,0,1,0,1,0,0,1,0,0,0,1,0,0,0,1,0,0,1,0,0,0,0,0,0,0,0,0,0,22,-17.022027587565006,240.001,5.279010177440439e-08,5.279010177440439e-08,25.752447419623813,25.752447419623813,22.980858506607884,22.980858506607884
1,0,0,1,1,1,0,0,0,0,0,0,0,1,0,1,0,0,0,0,0,1,1,1,0,0,1,0,1,0,0,1,1,0,1,0,1,1,1,1,0,1,0,0,0,0,1,0,1,1,0,0,0,1,0,1,0,0,1,0,0,0,1,0,0,0,1,0,0,1,0,0,0,0,0,0,0,0,0,0,23,-17.0231352386647,240.001,5.279486723966796e-08,5.279486723966796e-08,25.7509477401344,25.7509477401344,22.765136607445417,22.765136607445417
1,0,0,1,1,1,0,0,0,0,0,0,0,1,0,1,0,0,0,0,0,1,1,1,0,0,1,0,1,0,0,1,1,0,1,0,1,1,1,1,0,1,0,0,0,0,1,0,1,1,0,0,0,1,0,1,0,0,1,0,0,0,1,0,0,0,1,0,0,1,0,0,0,0,0,0,0,0,0,0,24,-17.02243689052385,240.001,5.281422997955633e-08,5.281422997955633e-08,25.75005358698441,25.75005358698441,22.89989718219337,22.89989718219337
1,0,0,1,1,1,0,0,0,0,0,0,0,1,0,1,0,0,0,0,0,1,1,1,0,0,1,0,1,0,0,1,1,0,1,0,1,1,1,1,0,1,0,0,0,0,1,0,1,1,0,0,0,1,0,1,0,0,1,0,0,0,1,0,0,0,1,0,0,1,0,0,0,0,0,0,0,0,0,0,27,-17.021384432305982,240.001,5.286390036471948e-08,5.286390036471948e-08,25.7470235400125,25.7470235400125,23.111190360573556,23.111190360573556
1,0,0,1,1,1,0,0,0,0,0,0,0,1,0,1,0,0,0,0,0,1,1,1,0,0,1,0,1,0,0,1,1,0,1,0,1,1,1,1,0,1,0,0,0,0,1,0,1,1,0,0,0,1,0,1,0,0,1,0,0,0,1,0,0,0,1,0,0,1,0,0,0,0,0,0,0,0,0,0,29,-17.02149782052571,240.001,5.28904226916708e-08,5.28904226916708e-08,25.744731801035886,25.744731801035886,23.087928445254736,23.087928445254736
1,0,0,1,1,1,0,0,0,0,0,0,0,1,0,1,0,0,0,0,0,1,1,1,0,0,1,0,1,0,0,1,1,0,1,0,1,1,1,1,0,1,0,0,0,0,1,0,1,1,0,0,0,1,0,1,0,0,1,0,0,0,1,0,0,0,1,0,0,1,0,0,0,0,0,0,0,0,0,0,32,-17.02279986675289,240.001,5.292103366425703e-08,5.292103366425703e-08,25.740916949993682,25.740916949993682,22.829334540461737,22.829334540461737
1,0,0,1,1,1,0,0,0,0,0,0,0,1,0,1,0,0,0,0,0,1,1,1,0,0,1,0,1,0,0,1,1,0,1,0,1,1,1,1,0,1,0,0,0,0,1,0,1,1,0,0,0,1,0,1,0,0,1,0,0,0,1,0,0,0,1,0,0,1,0,0,0,0,0,0,0,0,0,0,33,-17.02310191362891,240.001,5.2932303460146276e-08,5.2932303460146276e-08,25.73969014999824,25.73969014999824,22.771473713271963,22.771473713271963
1,0,0,1,1,1,0,0,0,0,0,0,0,1,0,1,0,0,0,0,0,1,1,1,0,0,1,0,1,0,0,1,1,0,1,0,1,1,1,1,0,1,0,0,0,0,1,0,1,1,0,0,0,1,0,1,0,0,1,0,0,0,1,0,0,0,1,0,0,1,0,0,0,0,0,0,0,0,0,0,35,-17.022592312003045,240.001,5.2963868724846156e-08,5.2963868724846156e-08,25.73761068340717,25.73761068340717,22.869543481503488,22.869543481503488
1,0,0,1,1,1,0,0,0,0,0,0,0,1,0,1,0,0,0,0,0,1,1,1,0,0,1,0,1,0,0,1,1,0,1,0,1,1,1,1,0,1,0,0,0,0,1,0,1,1,0,0,0,1,0,1,0,0,1,0,0,0,1,0,0,0,1,0,0,1,0,0,0,0,0,0,0,0,0,0,37,-17.023865316404574,240.001,5.298098017891422e-08,5.298098017891422e-08,25.734934796237745,25.734934796237745,22.628563792671347,22.628563792671347
1,0,0,1,1,1,0,0,0,0,0,0,0,1,0,1,0,0,0,0,0,1,1,1,0,0,1,0,1,0,0,1,1,0,1,0,1,1,1,1,0,1,0,0,0,0,1,0,1,1,0,0,0,1,0,1,0,0,1,0,0,0,1,0,0,0,1,0,0,1,0,0,0,0,0,0,0,0,0,0,38,-17.02475258192714,240.001,5.2987499003155555e-08,5.2987499003155555e-08,25.733513204013143,25.733513204013143,22.468138469296484,22.468138469296484
1,0,0,1,1,1,0,0,0,0,0,0,0,1,0,1,0,0,0,0,0,1,1,1,0,0,1,0,1,0,0,1,1,0,1,0,1,1,1,1,0,1,0,0,0,0,1,0,1,1,0,0,0,1,0,1,0,0,1,0,0,0,1,0,0,0,1,0,0,1,0,0,0,0,0,0,0,0,0,0,39,-17.024660905197543,240.001,5.3001955609738106e-08,5.3001955609738106e-08,25.732420154483368,25.732420154483368,22.484444064563647,22.484444064563647
1,0,0,1,1,1,0,0,0,0,0,0,0,1,0,1,0,0,0,0,0,1,1,1,0,0,1,0,1,0,0,1,1,0,1,0,1,1,1,1,0,1,0,0,0,0,1,0,1,1,0,0,0,1,0,1,0,0,1,0,0,0,1,0,0,0,1,0,0,1,0,0,0,0,0,0,0,0,0,0,40,-17.02357170739871,240.001,5.3024507587115956e-08,5.3024507587115956e-08,25.731661851350154,25.731661851350154,22.682975625396622,22.682975625396622
1,0,0,1,1,1,0,0,0,0,0,0,0,1,0,1,0,0,0,0,0,1,1,1,0,0,1,0,1,0,0,1,1,0,1,0,1,1,1,1,0,1,0,0,0,0,1,0,1,1,0,0,0,1,0,1,0,0,1,0,0,0,1,0,0,0,1,0,0,1,0,0,0,0,0,0,0,0,0,0,42,-17.021558461245224,240.001,5.306828988266213e-08,5.306828988266213e-08,25.730090610923277,25.730090610923277,23.075538529277715,23.075538529277715
1,0,0,1,1,1,0,0,0,0,0,0,0,1,0,1,0,0,0,0,0,1,1,1,0,0,1,0,1,0,0,1,1,0,1,0,1,1,1,1,0,1,0,0,0,0,1,0,1,1,0,0,0,1,0,1,0,0,1,0,0,0,1,0,0,0,1,0,0,1,0,0,0,0,0,0,0,0,0,0,47,-17.020999968766773,240.001,5.3141430909940474e-08,5.3141430909940474e-08,25.724667588841292,25.724667588841292,23.191000081244905,23.191000081244905
1,0,0,1,1,1,0,0,0,0,0,0,0,1,0,1,0,0,0,0,0,1,1,1,0,0,1,0,1,0,0,1,1,0,1,0,1,1,1,1,0,1,0,0,0,0,1,0,1,1,0,0,0,1,0,1,0,0,1,0,0,0,1,0,0,0,1,0,0,1,0,0,0,0,0,0,0,0,0,0,49,-17.022125336283235,240.001,5.3159712470991157e-08,5.3159712470991157e-08,25.722048430964605,25.722048430964605,22.961386594135487,22.961386594135487
1,0,0,1,1,1,0,0,0,0,0,0,0,1,0,1,0,0,0,0,0,1,1,1,0,0,1,0,1,0,0,1,1,0,1,0,1,1,1,1,0,1,0,0,0,0,1,0,1,1,0,0,0,1,0,1,0,0,1,0,0,0,1,0,0,0,1,0,0,1,0,0,0,0,0,0,0,0,0,0,50,-17.02185395996966,240.001,5.3175640346907926e-08,5.3175640346907926e-08,25.721018755748748,25.721018755748748,23.015661424942028,23.015661424942028
1,0,0,1,1,1,0,0,0,0,0,0,0,1,0,1,0,0,0,0,0,1,1,1,0,0,1,0,1,0,0,1,1,0,1,0,1,1,1,1,0,1,0,0,0,0,1,0,1,1,0,0,0,1,0,1,0,0,1,0,0,0,1,0,0,0,1,0,0,1,0,0,0,0,0,0,0,0,0,0,54,-17.020509743575133,240.001,5.324147231167644e-08,5.324147231167644e-08,25.71698968922577,25.71698968922577,23.294928707695544,23.294928707695544
1,0,0,1,1,1,0,0,0,0,0,0,0,1,0,1,0,0,0,0,0,1,1,1,0,0,1,0,1,0,0,1,1,0,1,0,1,1,1,1,0,1,0,0,0,0,1,0,1,1,0,0,0,1,0,1,0,0,1,0,0,0,1,0,0,0,1,0,0,1,0,0,0,0,0,0,0,0,0,0,56,-17.020412915712193,240.001,5.326970567204417e-08,5.326970567204417e-08,25.71478411218951,25.71478411218951,23.315752418320912,23.315752418320912
1,0,0,1,1,1,0,0,0,0,0,0,0,1,0,1,0,0,0,0,0,1,1,1,0,0,1,0,1,0,0,1,1,0,1,0,1,1,1,1,0,1,0,0,0,0,1,0,1,1,0,0,0,1,0,1,0,0,1,0,0,0,1,0,0,0,1,0,0,1,0,0,0,0,0,0,0,0,0,0,59,-17.019771046416018,240.001,5.3316111899747856e-08,5.3316111899747856e-08,25.711644245725655,25.711644245725655,23.45636385479139,23.45636385479139
1,0,0,1,1,1,0,0,0,0,0,0,0,1,0,1,0,0,0,0,0,1,1,1,0,0,1,0,1,0,0,1,1,0,1,0,1,1,1,1,0,1,0,0,0,0,1,0,1,1,0,0,0,1,0,1,0,0,1,0,0,0,1,0,0,0,1,0,0,1,0,0,0,0,0,0,0,0,0,0,63,-17.01928331784368,240.001,5.3374991944142575e-08,5.3374991944142575e-08,25.70733845730368,25.70733845730368,23.566323078022453,23.566323078022453
1,0,0,1,1,1,0,0,0,0,0,0,0,1,0,1,0,0,0,0,0,1,1,1,0,0,1,0,1,0,0,1,1,0,1,0,1,1,1,1,0,1,0,0,0,0,1,0,1,1,0,0,0,1,0,1,0,0,1,0,0,0,1,0,0,0,1,0,0,1,0,0,0,0,0,0,0,0,0,0,67,-17.01905549574203,240.001,5.343175396473159e-08,5.343175396473159e-08,25.702950197446363,25.702950197446363,23.618651410067287,23.618651410067287
1,0,0,1,1,1,0,0,0,0,0,0,0,1,0,1,0,0,0,0,0,1,1,1,0,0,1,0,1,0,0,1,1,0,1,0,1,1,1,1,0,1,0,0,0,0,1,0,1,1,0,0,0,1,0,1,0,0,1,0,0,0,1,0,0,0,1,0,0,1,0,0,0,0,0,0,0,0,0,0,70,-17.018626423584852,240.001,5.347644293361188e-08,5.347644293361188e-08,25.69974845844403,25.69974845844403,23.7189425290334,23.7189425290334
1,0,0,1,1,1,0,0,0,0,0,0,0,1,0,1,0,0,0,0,0,1,1,1,0,0,1,0,1,0,0,1,1,0,1,0,1,1,1,1,0,1,0,0,0,0,1,0,1,1,0,0,0,1,1,1,0,0,1,0,0,0,1,0,0,0,1,0,0,1,0,0,0,0,0,0,0,0,0,0,1,-17.018879111728317,240.001,5.2527320831361727e-08,5.2527320831361727e-08,25.777268387537134,25.777268387537134,23.65960056478331,23.65960056478331
1,0,0,1,1,1,0,0,0,0,0,0,0,1,0,1,0,0,0,0,0,1,1,1,0,0,1,0,1,0,0,1,1,0,1,0,1,1,1,1,0,1,0,0,0,0,1,0,1,1,0,0,0,1,1,1,0,0,1,0,0,0,1,0,0,0,1,0,0,1,0,0,0,0,0,0,0,0,0,0,4,-17.021064356232507,240.001,5.255091039002687e-08,5.255091039002687e-08,25.77313320245785,25.77313320245785,23.17753189935339,23.17753189935339
1,0,0,1,1,1,0,0,0,0,0,0,0,1,0,1,0,0,0,0,0,1,1,1,0,0,1,0,1,0,0,1,1,0,1,0,1,1,1,1,0,1,0,0,0,0,1,0,1,1,0,0,0,1,1,1,0,0,1,0,0,0,1,0,0,0,1,0,0,1,0,0,0,0,0,0,0,0,0,0,5,-17.021952478255265,240.001,5.255748376400207e-08,5.255748376400207e-08,25.77170187357295,25.77170187357295,22.99587980499727,22.99587980499727
1,0,0,1,1,1,0,0,0,0,0,0,0,1,0,1,0,0,0,0,0,1,1,1,0,0,1,0,1,0,0,1,1,0,1,0,1,1,1,1,0,1,0,0,0,0,1,0,1,1,0,0,0,1,1,1,0,0,1,0,0,0,1,0,0,0,1,0,0,1,0,0,0,0,0,0,0,0,0,0,6,-17.020992598952013,240.001,5.25789299680331e-08,5.25789299680331e-08,25.770889965563505,25.770889965563505,23.192544309225713,23.192544309225713
1,0,0,1,1,1,0,0,0,0,0,0,0,1,0,1,0,0,0,0,0,1,1,1,0,0,1,0,1,0,0,1,1,0,1,0,1,1,1,1,0,1,0,0,0,0,1,0,1,1,0,0,0,1,1,1,0,0,1,0,0,0,1,0,0,0,1,0,0,1,0,0,0,0,0,0,0,0,0,0,14,-17.019741701321877,240.001,5.269879001800105e-08,5.269879001800105e-08,25.76225186088624,25.76225186088624,23.462901967372737,23.462901967372737
1,0,0,1,1,1,0,0,0,0,0,0,0,1,0,1,0,0,0,0,0,1,1,1,0,0,1,0,1,0,0,1,1,0,1,0,1,1,1,1,0,1,0,0,0,0,1,0,1,1,0,0,0,1,1,1,0,0,1,0,0,0,1,0,0,0,1,0,0,1,0,0,0,0,0,0,0,0,0,0,16,-17.0199297642364,240.001,5.2724719042687917e-08,5.2724719042687917e-08,25.759927494092246,25.759927494092246,23.421170210007123,23.421170210007123
1,0,0,1,1,1,0,0,0,0,0,0,0,1,0,1,0,0,0,0,0,1,1,1,0,0,1,0,1,0,0,1,1,0,1,0,1,1,1,1,0,1,0,0,0,0,1,0,1,1,0,0,0,1,1,1,0,0,1,0,0,0,1,0,0,0,1,0,0,1,0,0,0,0,0,0,0,0,0,0,22,-17.022083467213392,240.001,5.278965049299981e-08,5.278965049299981e-08,25.752428666227306,25.752428666227306,22.96971643755752,22.96971643755752
1,0,0,1,1,1,0,0,0,0,0,0,0,1,0,1,0,0,0,0,0,1,1,1,0,0,1,0,1,0,0,1,1,0,1,0,1,1,1,1,0,1,0,0,0,0,1,0,1,1,0,0,0,1,1,1,0,0,1,0,0,0,1,0,0,0,1,0,0,1,0,0,0,0,0,0,0,0,0,0,23,-17.02319284127213,240.001,5.279440206518522e-08,5.279440206518522e-08,25.750928403292477,25.750928403292477,22.754204510161667,22.754204510161667
1,0,0,1,1,1,0,0,0,0,0,0,0,1,0,1,0,0,0,0,0,1,1,1,0,0,1,0,1,0,0,1,1,0,1,0,1,1,1,1,0,1,0,0,0,0,1,0,1,1,0,0,0,1,1,1,0,0,1,0,0,0,1,0,0,0,1,0,0,1,0,0,0,0,0,0,0,0,0,0,24,-17.022496368551717,240.001,5.2813749437190426e-08,5.2813749437190426e-08,25.750033624414286,25.750033624414286,22.88825622309703,22.88825622309703
1,0,0,1,1,1,0,0,0,0,0,0,0,1,0,1,0,0,0,0,0,1,1,1,0,0,1,0,1,0,0,1,1,0,1,0,1,1,1,1,0,1,0,0,0,0,1,0,1,1,0,0,0,1,1,1,0,0,1,0,0,0,1,0,0,0,1,0,0,1,0,0,0,0,0,0,0,0,0,0,27,-17.021450311718713,240.001,5.286336752600216e-08,5.286336752600216e-08,25.74700143528898,25.74700143528898,23.097659924463976,23.097659924463976
1,0,0,1,1,1,0,0,0,0,0,0,0,1,0,1,0,0,0,0,0,1,1,1,0,0,1,0,1,0,0,1,1,0,1,0,1,1,1,1,0,1,0,0,0,0,1,0,1,1,0,0,0,1,1,1,0,0,1,0,0,0,1,0,0,0,1,0,0,1,0,0,0,0,0,0,0,0,0,0,29,-17.021568766737605,240.001,5.288984858774243e-08,5.288984858774243e-08,25.74470799597141,25.74470799597141,23.073436436636253,23.073436436636253
1,0,0,1,1,1,0,0,0,0,0,0,0,1,0,1,0,0,0,0,0,1,1,1,0,0,1,0,1,0,0,1,1,0,1,0,1,1,1,1,0,1,0,0,0,0,1,0,1,1,0,0,0,1,1,1,0,0,1,0,0,0,1,0,0,0,1,0,0,1,0,0,0,0,0,0,0,0,0,0,32,-17.022880030110855,240.001,5.292038470113274e-08,5.292038470113274e-08,25.74089004387815,25.74089004387815,22.813903345376897,22.813903345376897
1,0,0,1,1,1,0,0,0,0,0,0,0,1,0,1,0,0,0,0,0,1,1,1,0,0,1,0,1,0,0,1,1,0,1,0,1,1,1,1,0,1,0,0,0,0,1,0,1,1,0,0,0,1,1,1,0,0,1,0,0,0,1,0,0,0,1,0,0,1,0,0,0,0,0,0,0,0,0,0,33,-17.023185713854843,240.001,5.2931624930184934e-08,5.2931624930184934e-08,25.73966202158092,25.73966202158092,22.75555570234068,22.75555570234068
1,0,0,1,1,1,0,0,0,0,0,0,0,1,0,1,0,0,0,0,0,1,1,1,0,0,1,0,1,0,0,1,1,0,1,0,1,1,1,1,0,1,0,0,0,0,1,0,1,1,0,0,0,1,1,1,0,0,1,0,0,0,1,0,0,0,1,0,0,1,0,0,0,0,0,0,0,0,0,0,35,-17.022684514419964,240.001,5.296312165976083e-08,5.296312165976083e-08,25.737579739455725,25.737579739455725,22.85163565838384,22.85163565838384
1,0,0,1,1,1,0,0,0,0,0,0,0,1,0,1,0,0,0,0,0,1,1,1,0,0,1,0,1,0,0,1,1,0,1,0,1,1,1,1,0,1,0,0,0,0,1,0,1,1,0,0,0,1,1,1,0,0,1,0,0,0,1,0,0,0,1,0,0,1,0,0,0,0,0,0,0,0,0,0,37,-17.023967718794623,240.001,5.298015032722325e-08,5.298015032722325e-08,25.734900418793917,25.734900418793917,22.609744866519467,22.609744866519467
1,0,0,1,1,1,0,0,0,0,0,0,0,1,0,1,0,0,0,0,0,1,1,1,0,0,1,0,1,0,0,1,1,0,1,0,1,1,1,1,0,1,0,0,0,0,1,0,1,1,0,0,0,1,1,1,0,0,1,0,0,0,1,0,0,0,1,0,0,1,0,0,0,0,0,0,0,0,0,0,38,-17.02486097606448,240.001,5.2986620577148154e-08,5.2986620577148154e-08,25.73347680775024,25.73347680775024,22.44893773103065,22.44893773103065
1,0,0,1,1,1,0,0,0,0,0,0,0,1,0,1,0,0,0,0,0,1,1,1,0,0,1,0,1,0,0,1,1,0,1,0,1,1,1,1,0,1,0,0,0,0,1,0,1,1,0,0,0,1,1,1,0,0,1,0,0,0,1,0,0,0,1,0,0,1,0,0,0,0,0,0,0,0,0,0,39,-17.024776083797974,240.001,5.300102192465393e-08,5.300102192465393e-08,25.732381482088584,25.732381482088584,22.463968218384053,22.463968218384053
1,0,0,1,1,1,0,0,0,0,0,0,0,1,0,1,0,0,0,0,0,1,1,1,0,0,1,0,1,0,0,1,1,0,1,0,1,1,1,1,0,1,0,0,0,0,1,0,1,1,0,0,0,1,1,1,0,0,1,0,0,0,1,0,0,0,1,0,0,1,0,0,0,0,0,0,0,0,0,0,40,-17.023694622757514,240.001,5.3023510606737596e-08,5.3023510606737596e-08,25.73162059392033,25.73162059392033,22.660114296882163,22.660114296882163
1,0,0,1,1,1,0,0,0,0,0,0,0,1,0,1,0,0,0,0,0,1,1,1,0,0,1,0,1,0,0,1,1,0,1,0,1,1,1,1,0,1,0,0,0,0,1,0,1,1,0,0,0,1,1,1,0,0,1,0,0,0,1,0,0,0,1,0,0,1,0,0,0,0,0,0,0,0,0,0,42,-17.02170040871936,240.001,5.306713726156421e-08,5.306713726156421e-08,25.730042991421623,25.730042991421623,23.04667307522714,23.04667307522714
1,0,0,1,1,1,0,0,0,0,0,0,0,1,0,1,0,0,0,0,0,1,1,1,0,0,1,0,1,0,0,1,1,0,1,0,1,1,1,1,0,1,0,0,0,0,1,0,1,1,0,0,0,1,1,1,0,0,1,0,0,0,1,0,0,0,1,0,0,1,0,0,0,0,0,0,0,0,0,0,47,-17.02123075816673,240.001,5.3139554116168214e-08,5.3139554116168214e-08,25.72459018175687,25.72459018175687,23.14291625787481,23.14291625787481
1,0,0,1,1,1,0,0,0,0,0,0,0,1,0,1,0,0,0,0,0,1,1,1,0,0,1,0,1,0,0,1,1,0,1,0,1,1,1,1,0,1,0,0,0,0,1,0,1,1,0,0,0,1,1,1,0,0,1,0,0,0,1,0,0,0,1,0,0,1,0,0,0,0,0,0,0,0,0,0,49,-17.022433042443232,240.001,5.315720960743368e-08,5.315720960743368e-08,25.721945203980816,25.721945203980816,22.900651393584216,22.900651393584216
1,0,0,1,1,1,0,0,0,0,0,0,0,1,0,1,0,0,0,0,0,1,1,1,0,0,1,0,1,0,0,1,1,0,1,0,1,1,1,1,0,1,0,0,0,0,1,0,1,1,0,0,0,1,1,1,0,0,1,0,0,0,1,0,0,0,1,0,0,1,0,0,0,0,0,0,0,0,0,0,50,-17.022223395324684,240.001,5.317263426266109e-08,5.317263426266109e-08,25.72089483933715,25.72089483933715,22.94193975441481,22.94193975441481
1,0,0,1,1,1,0,0,0,0,0,0,0,1,0,1,0,0,0,0,0,1,1,1,0,0,1,0,1,0,0,1,1,0,1,0,1,1,1,1,0,1,0,0,0,0,1,0,1,1,0,0,0,1,1,1,0,0,1,0,0,0,1,0,0,0,1,0,0,1,0,0,0,0,0,0,0,0,0,0,54,-17.02239886176249,240.001,5.322607832925927e-08,5.322607832925927e-08,25.71635645071717,25.71635645071717,22.907356422431846,22.907356422431846
1,0,0,1,1,1,0,0,0,0,0,0,0,1,0,1,0,0,0,0,0,1,1,1,0,0,1,0,1,0,0,1,1,0,1,0,1,1,1,1,0,1,0,0,0,0,1,0,1,1,0,0,0,1,1,1,0,0,1,0,0,0,1,0,0,0,1,0,0,1,0,0,0,0,0,0,0,0,0,0,55,-17.023243008687242,240.001,5.323291636833255e-08,5.323291636833255e-08,25.714954394590084,25.714954394590084,22.744705749534372,22.744705749534372
1,0,0,1,1,1,0,0,0,0,0,0,0,1,0,1,0,0,0,0,0,1,1,1,0,0,1,0,1,0,0,1,1,0,1,0,1,1,1,1,0,1,0,0,0,0,1,0,1,1,0,0,0,1,1,1,0,0,1,0,0,0,1,0,0,0,1,0,0,1,0,0,0,0,0,0,0,0,0,0,56,-17.022302074117345,240.001,5.325430308870232e-08,5.325430308870232e-08,25.71415086915533,25.71415086915533,22.926398765354527,22.926398765354527
1,0,0,1,1,1,0,0,0,0,0,0,0,1,0,1,0,0,0,0,0,1,1,1,0,0,1,0,1,0,0,1,1,0,1,0,1,1,1,1,0,1,0,0,0,0,1,0,1,1,0,0,0,1,1,1,0,0,1,0,0,0,1,0,0,0,1,0,0,1,0,0,0,0,0,0,0,0,0,0,59,-17.02023342326924,240.001,5.3312338693315304e-08,5.3312338693315304e-08,25.71148923200569,25.71148923200569,23.35461875378186,23.35461875378186
1,0,0,1,1,1,0,0,0,0,0,0,0,1,0,1,0,0,0,0,0,1,1,1,0,0,1,0,1,0,0,1,1,0,1,0,1,1,1,1,0,1,0,0,0,0,1,0,1,1,0,0,0,1,1,1,0,0,1,0,0,0,1,0,0,0,1,0,0,1,0,0,0,0,0,0,0,0,0,0,63,-17.019514251435417,240.001,5.337310532862365e-08,5.337310532862365e-08,25.707261034028352,25.707261034028352,23.51391307783591,23.51391307783591
1,0,0,1,1,1,0,0,0,0,0,0,0,1,0,1,0,0,0,0,0,1,1,1,0,0,1,0,1,0,0,1,1,0,1,0,1,1,1,1,0,1,0,0,0,0,1,0,1,1,0,0,0,1,1,1,0,0,1,0,0,0,1,0,0,0,1,0,0,1,0,0,0,0,0,0,0,0,0,0,67,-17.019209414577027,240.001,5.3430495195555256e-08,5.3430495195555256e-08,25.70289859285453,25.70289859285453,23.583229184929007,23.583229184929007
1,0,0,1,1,1,0,0,0,0,0,0,0,1,0,1,0,0,0,0,0,1,1,1,0,0,1,0,1,0,0,1,1,0,1,0,1,1,1,1,0,1,0,0,0,0,1,0,1,1,0,0,0,1,1,1,0,0,1,0,0,0,1,0,0,0,1,0,0,1,0,0,0,0,0,0,0,0,0,0,70,-17.018749562040178,240.001,5.347543501738342e-08,5.347543501738342e-08,25.699707175953208,25.699707175953208,23.689923492192115,23.689923492192115
1,0,0,1,1,1,0,0,0,0,0,0,0,1,0,1,0,0,0,0,0,1,1,1,0,0,1,0,1,0,0,1,1,0,1,0,1,1,1,1,0,1,0,0,0,0,1,0,1,1,0,0,0,1,1,1,0,0,1,0,0,0,1,0,0,0,1,0,0,1,0,0,0,1,0,0,0,0,0,0,1,-17.01890443541089,240.001,5.252711716456468e-08,5.252711716456468e-08,25.777259903003443,25.777259903003443,23.653697753199406,23.653697753199406
1,0,0,1,1,1,0,0,0,0,0,0,0,1,0,1,0,0,0,0,0,1,1,1,0,0,1,0,1,0,0,1,1,0,1,0,1,1,1,1,0,1,0,0,0,0,1,0,1,1,0,0,0,1,1,1,0,0,1,0,0,0,1,0,0,0,1,0,0,1,0,0,0,1,0,0,0,0,0,0,4,-17.021090743344804,240.001,5.255069813427099e-08,5.255069813427099e-08,25.77312435675235,25.77312435675235,23.172024387944028,23.172024387944028
1,0,0,1,1,1,0,0,0,0,0,0,0,1,0,1,0,0,0,0,0,1,1,1,0,0,1,0,1,0,0,1,1,0,1,0,1,1,1,1,0,1,0,0,0,0,1,0,1,1,0,0,0,1,1,1,0,0,1,0,0,0,1,0,0,0,1,0,0,1,0,0,0,1,0,0,0,0,0,0,5,-17.02197923890546,240.001,5.255726850060623e-08,5.255726850060623e-08,25.77169290066481,25.77169290066481,22.990521945668185,22.990521945668185
1,0,0,1,1,1,0,0,0,0,0,0,0,1,0,1,0,0,0,0,0,1,1,1,0,0,1,0,1,0,0,1,1,0,1,0,1,1,1,1,0,1,0,0,0,0,1,0,1,1,0,0,0,1,1,1,0,0,1,0,0,0,1,0,0,0,1,0,0,1,0,0,0,1,0,0,0,0,0,0,6,-17.021019763401377,240.001,5.2578711339603257e-08,5.2578711339603257e-08,25.770880859548985,25.770880859548985,23.186855131969793,23.186855131969793
1,0,0,1,1,1,0,0,0,0,0,0,0,1,0,1,0,0,0,0,0,1,1,1,0,0,1,0,1,0,0,1,1,0,1,0,1,1,1,1,0,1,0,0,0,0,1,0,1,1,0,0,0,1,1,1,0,0,1,0,0,0,1,0,0,0,1,0,0,1,0,0,0,1,0,0,0,0,0,0,14,-17.01977250295211,240.001,5.2698541510122956e-08,5.2698541510122956e-08,25.762241539015523,25.762241539015523,23.456039592384663,23.456039592384663
1,0,0,1,1,1,0,0,0,0,0,0,0,1,0,1,0,0,0,0,0,1,1,1,0,0,1,0,1,0,0,1,1,0,1,0,1,1,1,1,0,1,0,0,0,0,1,0,1,1,0,0,0,1,1,1,0,0,1,0,0,0,1,0,0,0,1,0,0,1,0,0,0,1,0,0,0,0,0,0,16,-17.01996162605562,240.001,5.272446186001182e-08,5.272446186001182e-08,25.759916816509097,25.759916816509097,23.41413934808304,23.41413934808304
1,0,0,1,1,1,0,0,0,0,0,0,0,1,0,1,0,0,0,0,0,1,1,1,0,0,1,0,1,0,0,1,1,0,1,0,1,1,1,1,0,1,0,0,0,0,1,0,1,1,0,0,0,1,1,1,0,0,1,0,0,0,1,0,0,0,1,0,0,1,0,0,0,1,0,0,0,0,0,0,22,-17.0221189765898,240.001,5.278936359321588e-08,5.278936359321588e-08,25.752416759835658,25.752416759835658,22.962650830465595,22.962650830465595
1,0,0,1,1,1,0,0,0,0,0,0,0,1,0,1,0,0,0,0,0,1,1,1,0,0,1,0,1,0,0,1,1,0,1,0,1,1,1,1,0,1,0,0,0,0,1,0,1,1,0,0,0,1,1,1,0,0,1,0,0,0,1,0,0,0,1,0,0,1,0,0,0,1,0,0,0,0,0,0,23,-17.023229031931017,240.001,5.279410967529072e-08,5.279410967529072e-08,25.750916265121052,25.750916265121052,22.74735004984455,22.74735004984455
1,0,0,1,1,1,0,0,0,0,0,0,0,1,0,1,0,0,0,0,0,1,1,1,0,0,1,0,1,0,0,1,1,0,1,0,1,1,1,1,0,1,0,0,0,0,1,0,1,1,0,0,0,1,1,1,0,0,1,0,0,0,1,0,0,0,1,0,0,1,0,0,0,1,0,0,0,0,0,0,24,-17.02253329335457,240.001,5.281345097872607e-08,5.281345097872607e-08,25.750021242317032,25.750021242317032,22.881044937820203,22.881044937820203
1,0,0,1,1,1,0,0,0,0,0,0,0,1,0,1,0,0,0,0,0,1,1,1,0,0,1,0,1,0,0,1,1,0,1,0,1,1,1,1,0,1,0,0,0,0,1,0,1,1,0,0,0,1,1,1,0,0,1,0,0,0,1,0,0,0,1,0,0,1,0,0,0,1,0,0,0,0,0,0,27,-17.021489609772264,240.001,5.2863049542227374e-08,5.2863049542227374e-08,25.74698826099949,25.74698826099949,23.0896087468495,23.0896087468495
1,0,0,1,1,1,0,0,0,0,0,0,0,1,0,1,0,0,0,0,0,1,1,1,0,0,1,0,1,0,0,1,1,0,1,0,1,1,1,1,0,1,0,0,0,0,1,0,1,1,0,0,0,1,1,1,0,0,1,0,0,0,1,0,0,0,1,0,0,1,0,0,0,1,0,0,0,0,0,0,29,-17.021609810101687,240.001,5.288951631885959e-08,5.288951631885959e-08,25.74469423629209,25.74469423629209,23.065074529114447,23.065074529114447
1,0,0,1,1,1,0,0,0,0,0,0,0,1,0,1,0,0,0,0,0,1,1,1,0,0,1,0,1,0,0,1,1,0,1,0,1,1,1,1,0,1,0,0,0,0,1,0,1,1,0,0,0,1,1,1,0,0,1,0,0,0,1,0,0,0,1,0,0,1,0,0,0,1,0,0,0,0,0,0,32,-17.022923983734625,240.001,5.292002872508201e-08,5.292002872508201e-08,25.740875303752233,25.740875303752233,22.805465505853793,22.805465505853793
1,0,0,1,1,1,0,0,0,0,0,0,0,1,0,1,0,0,0,0,0,1,1,1,0,0,1,0,1,0,0,1,1,0,1,0,1,1,1,1,0,1,0,0,0,0,1,0,1,1,0,0,0,1,1,1,0,0,1,0,0,0,1,0,0,0,1,0,0,1,0,0,0,1,0,0,0,0,0,0,33,-17.023230734917874,240.001,5.293126024421674e-08,5.293126024421674e-08,25.739646922450085,25.739646922450085,22.7470277714611,22.7470277714611
1,0,0,1,1,1,0,0,0,0,0,0,0,1,0,1,0,0,0,0,0,1,1,1,0,0,1,0,1,0,0,1,1,0,1,0,1,1,1,1,0,1,0,0,0,0,1,0,1,1,0,0,0,1,1,1,0,0,1,0,0,0,1,0,0,0,1,0,0,1,0,0,0,1,0,0,0,0,0,0,35,-17.02273185415428,240.001,5.296273793689502e-08,5.296273793689502e-08,25.737563864884656,25.737563864884656,22.842469659080102,22.842469659080102
1,0,0,1,1,1,0,0,0,0,0,0,0,1,0,1,0,0,0,0,0,1,1,1,0,0,1,0,1,0,0,1,1,0,1,0,1,1,1,1,0,1,0,0,0,0,1,0,1,1,0,0,0,1,1,1,0,0,1,0,0,0,1,0,0,0,1,0,0,1,0,0,0,1,0,0,0,0,0,0,37,-17.024017593738147,240.001,5.2979745989430346e-08,5.2979745989430346e-08,25.734883688781327,25.734883688781327,22.60060842104231,22.60060842104231
1,0,0,1,1,1,0,0,0,0,0,0,0,1,0,1,0,0,0,0,0,1,1,1,0,0,1,0,1,0,0,1,1,0,1,0,1,1,1,1,0,1,0,0,0,0,1,0,1,1,0,0,0,1,1,1,0,0,1,0,0,0,1,0,0,0,1,0,0,1,0,0,0,1,0,0,0,0,0,0,38,-17.024912219726602,240.001,5.2986205137991214e-08,5.2986205137991214e-08,25.73345961488033,25.73345961488033,22.43988982423943,22.43988982423943
1,0,0,1,1,1,0,0,0,0,0,0,0,1,0,1,0,0,0,0,0,1,1,1,0,0,1,0,1,0,0,1,1,0,1,0,1,1,1,1,0,1,0,0,0,0,1,0,1,1,0,0,0,1,1,1,0,0,1,0,0,0,1,0,0,0,1,0,0,1,0,0,0,1,0,0,0,0,0,0,39,-17.024828794210528,240.001,5.300059447119928e-08,5.300059447119928e-08,25.732363797684673,25.732363797684673,22.454629560522086,22.454629560522086
1,0,0,1,1,1,0,0,0,0,0,0,0,1,0,1,0,0,0,0,0,1,1,1,0,0,1,0,1,0,0,1,1,0,1,0,1,1,1,1,0,1,0,0,0,0,1,0,1,1,0,0,0,1,1,1,0,0,1,0,0,0,1,0,0,0,1,0,0,1,0,0,0,1,0,0,0,0,0,0,40,-17.023748907001714,240.001,5.302307013967503e-08,5.302307013967503e-08,25.731602386730827,25.731602386730827,22.65005581632841,22.65005581632841
1,0,0,1,1,1,0,0,0,0,0,0,0,1,0,1,0,0,0,0,0,1,1,1,0,0,1,0,1,0,0,1,1,0,1,0,1,1,1,1,0,1,0,0,0,0,1,0,1,1,0,0,0,1,1,1,0,0,1,0,0,0,1,0,0,0,1,0,0,1,0,0,0,1,0,0,0,0,0,0,42,-17.021758131083114,240.001,5.3066668388815726e-08,5.3066668388815726e-08,25.73002364115734,25.73002364115734,23.034989438935977,23.034989438935977
1,0,0,1,1,1,0,0,0,0,0,0,0,1,0,1,0,0,0,0,0,1,1,1,0,0,1,0,1,0,0,1,1,0,1,0,1,1,1,1,0,1,0,0,0,0,1,0,1,1,0,0,0,1,1,1,0,0,1,0,0,0,1,0,0,0,1,0,0,1,0,0,0,1,0,0,0,0,0,0,47,-17.021299184265985,240.001,5.313899750243867e-08,5.313899750243867e-08,25.724567246354965,25.724567246354965,23.128761254946646,23.128761254946646
1,0,0,1,1,1,0,0,0,0,0,0,0,1,0,1,0,0,0,0,0,1,1,1,0,0,1,0,1,0,0,1,1,0,1,0,1,1,1,1,0,1,0,0,0,0,1,0,1,1,0,0,0,1,1,1,0,0,1,0,0,0,1,0,0,0,1,0,0,1,0,0,0,1,0,0,0,0,0,0,49,-17.022506910577878,240.001,5.315660861446617e-08,5.315660861446617e-08,25.721920437258163,25.721920437258163,22.886196186811432,22.886196186811432
1,0,0,1,1,1,0,0,0,0,0,0,0,1,0,1,0,0,0,0,0,1,1,1,0,0,1,0,1,0,0,1,1,0,1,0,1,1,1,1,0,1,0,0,0,0,1,0,1,1,0,0,0,1,1,1,0,0,1,0,0,0,1,0,0,0,1,0,0,1,0,0,0,1,0,0,0,0,0,0,50,-17.022300349579954,240.001,5.317200795743996e-08,5.317200795743996e-08,25.720869039685603,25.720869039685603,22.926738811311544,22.926738811311544
1,0,0,1,1,1,0,0,0,0,0,0,0,1,0,1,0,0,0,0,0,1,1,1,0,0,1,0,1,0,0,1,1,0,1,0,1,1,1,1,0,1,0,0,0,0,1,0,1,1,0,0,0,1,1,1,0,0,1,0,0,0,1,0,0,0,1,0,0,1,0,0,0,1,0,0,0,0,0,0,54,-17.022491204694155,240.001,5.322532603652148e-08,5.322532603652148e-08,25.71632549102169,25.71632549102169,22.889265656624936,22.889265656624936
1,0,0,1,1,1,0,0,0,0,0,0,0,1,0,1,0,0,0,0,0,1,1,1,0,0,1,0,1,0,0,1,1,0,1,0,1,1,1,1,0,1,0,0,0,0,1,0,1,1,0,0,0,1,1,1,0,0,1,0,0,0,1,0,0,0,1,0,0,1,0,0,0,1,0,0,0,0,0,0,55,-17.02334018375315,240.001,5.323212468632946e-08,5.323212468632946e-08,25.714921808448764,25.714921808448764,22.72636507846221,22.72636507846221
1,0,0,1,1,1,0,0,0,0,0,0,0,1,0,1,0,0,0,0,0,1,1,1,0,0,1,0,1,0,0,1,1,0,1,0,1,1,1,1,0,1,0,0,0,0,1,0,1,1,0,0,0,1,1,1,0,0,1,0,0,0,1,0,0,0,1,0,0,1,0,0,0,1,0,0,0,0,0,0,56,-17.02240468880396,240.001,5.3253466644610446e-08,5.3253466644610446e-08,25.714116467905995,25.714116467905995,22.906212636533844,22.906212636533844
1,0,0,1,1,1,0,0,0,0,0,0,0,1,0,1,0,0,0,0,0,1,1,1,0,0,1,0,1,0,0,1,1,0,1,0,1,1,1,1,0,1,0,0,0,0,1,0,1,1,0,0,0,1,1,1,0,0,1,0,0,0,1,0,0,0,1,0,0,1,0,0,0,1,0,0,0,0,0,0,59,-17.02035666670133,240.001,5.331133272546877e-08,5.331133272546877e-08,25.711447937784108,25.711447937784108,23.327895071812044,23.327895071812044
1,0,0,1,1,1,0,0,0,0,0,0,0,1,0,1,0,0,0,0,0,1,1,1,0,0,1,0,1,0,0,1,1,0,1,0,1,1,1,1,0,1,0,0,0,0,1,0,1,1,0,0,0,1,1,1,0,0,1,0,0,0,1,0,0,0,1,0,0,1,0,0,0,1,0,0,0,0,0,0,63,-17.019682378788733,240.001,5.337173129214805e-08,5.337173129214805e-08,25.70720471282477,25.70720471282477,23.476149081434148,23.476149081434148
1,0,0,1,1,1,0,0,0,0,0,0,0,1,0,1,0,0,0,0,0,1,1,1,0,0,1,0,1,0,0,1,1,0,1,0,1,1,1,1,0,1,0,0,0,0,1,0,1,1,0,0,0,1,1,1,0,0,1,0,0,0,1,0,0,0,1,0,0,1,0,0,0,1,0,0,0,0,0,0,67,-17.019473734077973,240.001,5.3428332586076245e-08,5.3428332586076245e-08,25.70281005843057,25.70281005843057,23.523062996541356,23.523062996541356
1,0,0,1,1,1,0,0,0,0,0,0,0,1,0,1,0,0,0,0,0,1,1,1,0,0,1,0,1,0,0,1,1,0,1,0,1,1,1,1,0,1,0,0,0,0,1,0,1,1,0,0,0,1,1,1,0,0,1,0,0,0,1,0,0,0,1,0,0,1,0,0,0,1,0,0,0,0,0,0,70,-17.019212688710045,240.001,5.3471642337390186e-08,5.3471642337390186e-08,25.699552078270035,25.699552078270035,23.582478805666515,23.582478805666515
1,0,0,1,1,1,0,0,0,0,0,0,0,1,0,1,0,0,0,0,0,1,1,1,0,0,1,0,1,0,0,1,1,0,1,0,1,1,1,1,0,1,0,0,0,0,1,0,1,1,0,0,0,1,1,1,0,0,1,0,0,0,1,0,0,0,1,0,0,1,0,0,0,1,0,0,0,0,0,0,74,-17.018532279331584,240.001,5.3532118916249314e-08,5.3532118916249314e-08,25.695323380347634,25.695323380347634,23.741259712537683,23.741259712537683
1,0,0,1,1,1,0,0,0,0,0,0,0,1,0,1,0,0,0,0,0,1,1,1,0,0,1,0,1,0,0,1,1,0,1,0,1,1,1,1,0,1,0,0,0,0,1,0,1,1,0,0,0,1,1,1,0,0,1,0,0,0,1,0,0,0,1,0,0,1,0,0,0,1,0,1,0,0,0,0,1,-17.018929078985106,240.001,5.2526918981294206e-08,5.2526918981294206e-08,25.7772516452634,25.7772516452634,23.647961130527882,23.647961130527882
1,0,0,1,1,1,0,0,0,0,0,0,0,1,0,1,0,0,0,0,0,1,1,1,0,0,1,0,1,0,0,1,1,0,1,0,1,1,1,1,0,1,0,0,0,0,1,0,1,1,0,0,0,1,1,1,0,0,1,0,0,0,1,0,0,0,1,0,0,1,0,0,0,1,0,1,0,0,0,0,4,-17.0211163924577,240.001,5.255049182929976e-08,5.255049182929976e-08,25.77311575732474,25.77311575732474,23.166677565330417,23.166677565330417
1,0,0,1,1,1,0,0,0,0,0,0,0,1,0,1,0,0,0,0,0,1,1,1,0,0,1,0,1,0,0,1,1,0,1,0,1,1,1,1,0,1,0,0,0,0,1,0,1,1,0,0,0,1,1,1,0,0,1,0,0,0,1,0,0,0,1,0,0,1,0,0,0,1,0,1,0,0,0,0,5,-17.02200524063098,240.001,5.255705935664085e-08,5.255705935664085e-08,25.771684181087583,25.771684181087583,22.985322325960848,22.985322325960848
1,0,0,1,1,1,0,0,0,0,0,0,0,1,0,1,0,0,0,0,0,1,1,1,0,0,1,0,1,0,0,1,1,0,1,0,1,1,1,1,0,1,0,0,0,0,1,0,1,1,0,0,0,1,1,1,0,0,1,0,0,0,1,0,0,0,1,0,0,1,0,0,0,1,0,1,0,0,0,0,6,-17.021046146535085,240.001,5.2578499014334954e-08,5.2578499014334954e-08,25.770872014288727,25.770872014288727,23.181336680401717,23.181336680401717
1,0,0,1,1,1,0,0,0,0,0,0,0,1,0,1,0,0,0,0,0,1,1,1,0,0,1,0,1,0,0,1,1,0,1,0,1,1,1,1,0,1,0,0,0,0,1,0,1,1,0,0,0,1,1,1,0,0,1,0,0,0,1,0,0,0,1,0,0,1,0,0,0,1,0,1,0,0,0,0,14,-17.01980230506863,240.001,5.2698301083428967e-08,5.2698301083428967e-08,25.76223155077273,25.76223155077273,23.449410160782026,23.449410160782026
1,0,0,1,1,1,0,0,0,0,0,0,0,1,0,1,0,0,0,0,0,1,1,1,0,0,1,0,1,0,0,1,1,0,1,0,1,1,1,1,0,1,0,0,0,0,1,0,1,1,0,0,0,1,1,1,0,0,1,0,0,0,1,0,0,0,1,0,0,1,0,0,0,1,0,1,0,0,0,0,16,-17.01999241968125,240.001,5.272421331736964e-08,5.272421331736964e-08,25.75990649553479,25.75990649553479,23.40735495193622,23.40735495193622
1,0,0,1,1,1,0,0,0,0,0,0,0,1,0,1,0,0,0,0,0,1,1,1,0,0,1,0,1,0,0,1,1,0,1,0,1,1,1,1,0,1,0,0,0,0,1,0,1,1,0,0,0,1,1,1,0,0,1,0,0,0,1,0,0,0,1,0,0,1,0,0,0,1,0,1,0,0,0,0,22,-17.02215316392891,240.001,5.278908739497886e-08,5.278908739497886e-08,25.75240529519595,25.75240529519595,22.955859070047865,22.955859070047865
1,0,0,1,1,1,0,0,0,0,0,0,0,1,0,1,0,0,0,0,0,1,1,1,0,0,1,0,1,0,0,1,1,0,1,0,1,1,1,1,0,1,0,0,0,0,1,0,1,1,0,0,0,1,1,1,0,0,1,0,0,0,1,0,0,0,1,0,0,1,0,0,0,1,0,1,0,0,0,0,23,-17.023263849877168,240.001,5.2793828396304985e-08,5.2793828396304985e-08,25.750904585785925,25.750904585785925,22.740765720584765,22.740765720584765
1,0,0,1,1,1,0,0,0,0,0,0,0,1,0,1,0,0,0,0,0,1,1,1,0,0,1,0,1,0,0,1,1,0,1,0,1,1,1,1,0,1,0,0,0,0,1,0,1,1,0,0,0,1,1,1,0,0,1,0,0,0,1,0,0,0,1,0,0,1,0,0,0,1,0,1,0,0,0,0,24,-17.022568790781982,240.001,5.2813164078609995e-08,5.2813164078609995e-08,25.750009337264927,25.750009337264927,22.874123626785476,22.874123626785476
1,0,0,1,1,1,0,0,0,0,0,0,0,1,0,1,0,0,0,0,0,1,1,1,0,0,1,0,1,0,0,1,1,0,1,0,1,1,1,1,0,1,0,0,0,0,1,0,1,1,0,0,0,1,1,1,0,0,1,0,0,0,1,0,0,0,1,0,0,1,0,0,0,1,0,1,0,0,0,0,27,-17.02152729613427,240.001,5.286274462221228e-08,5.286274462221228e-08,25.74697562530389,25.74697562530389,23.08190169065304,23.08190169065304
1,0,0,1,1,1,0,0,0,0,0,0,0,1,0,1,0,0,0,0,0,1,1,1,0,0,1,0,1,0,0,1,1,0,1,0,1,1,1,1,0,1,0,0,0,0,1,0,1,1,0,0,0,1,1,1,0,0,1,0,0,0,1,0,0,0,1,0,0,1,0,0,0,1,0,1,0,0,0,0,29,-17.02164909887284,240.001,5.288919827817459e-08,5.288919827817459e-08,25.744681063042396,25.744681063042396,23.057085071268585,23.057085071268585
1,0,0,1,1,1,0,0,0,0,0,0,0,1,0,1,0,0,0,0,0,1,1,1,0,0,1,0,1,0,0,1,1,0,1,0,1,1,1,1,0,1,0,0,0,0,1,0,1,1,0,0,0,1,1,1,0,0,1,0,0,0,1,0,0,0,1,0,0,1,0,0,0,1,0,1,0,0,0,0,32,-17.022965930774387,240.001,5.291968902591623e-08,5.291968902591623e-08,25.740861234616222,25.740861234616222,22.79742805316745,22.79742805316745
1,0,0,1,1,1,0,0,0,0,0,0,0,1,0,1,0,0,0,0,0,1,1,1,0,0,1,0,1,0,0,1,1,0,1,0,1,1,1,1,0,1,0,0,0,0,1,0,1,1,0,0,0,1,1,1,0,0,1,0,0,0,1,0,0,0,1,0,0,1,0,0,0,1,0,1,0,0,0,0,33,-17.023273653036213,240.001,5.293091261935741e-08,5.293091261935741e-08,25.73963252661768,25.73963252661768,22.738913661277905,22.738913661277905
1,0,0,1,1,1,0,0,0,0,0,0,0,1,0,1,0,0,0,0,0,1,1,1,0,0,1,0,1,0,0,1,1,0,1,0,1,1,1,1,0,1,0,0,0,0,1,0,1,1,0,0,0,1,1,1,0,0,1,0,0,0,1,0,0,0,1,0,0,1,0,0,0,1,0,1,0,0,0,0,35,-17.02277687517587,240.001,5.296237303704037e-08,5.296237303704037e-08,25.737548765756348,25.737548765756348,22.833770431072576,22.833770431072576
1,0,0,1,1,1,0,0,0,0,0,0,0,1,0,1,0,0,0,0,0,1,1,1,0,0,1,0,1,0,0,1,1,0,1,0,1,1,1,1,0,1,0,0,0,0,1,0,1,1,0,0,0,1,1,1,0,0,1,0,0,0,1,0,0,0,1,0,0,1,0,0,0,1,0,1,0,0,0,0,37,-17.024064900962436,240.001,5.297936249819419e-08,5.297936249819419e-08,25.734867817859232,25.734867817859232,22.5919599777944,22.5919599777944
1,0,0,1,1,1,0,0,0,0,0,0,0,1,0,1,0,0,0,0,0,1,1,1,0,0,1,0,1,0,0,1,1,0,1,0,1,1,1,1,0,1,0,0,0,0,1,0,1,1,0,0,0,1,1,1,0,0,1,0,0,0,1,0,0,0,1,0,0,1,0,0,0,1,0,1,0,0,0,0,38,-17.024960755991508,240.001,5.298581167907934e-08,5.298581167907934e-08,25.73344332807889,25.73344332807889,22.43133720215466,22.43133720215466
1,0,0,1,1,1,0,0,0,0,0,0,0,1,0,1,0,0,0,0,0,1,1,1,0,0,1,0,1,0,0,1,1,0,1,0,1,1,1,1,0,1,0,0,0,0,1,0,1,1,0,0,0,1,1,1,0,0,1,0,0,0,1,0,0,0,1,0,0,1,0,0,0,1,0,1,0,0,0,0,39,-17.02487864469112,240.001,5.300019024241515e-08,5.300019024241515e-08,25.732347070417436,25.732347070417436,22.44581592835607,22.44581592835607
1,0,0,1,1,1,0,0,0,0,0,0,0,1,0,1,0,0,0,0,0,1,1,1,0,0,1,0,1,0,0,1,1,0,1,0,1,1,1,1,0,1,0,0,0,0,1,0,1,1,0,0,0,1,1,1,0,0,1,0,0,0,1,0,0,0,1,0,0,1,0,0,0,1,0,1,0,0,0,0,40,-17.023800164347087,240.001,5.302265426648684e-08,5.302265426648684e-08,25.73158519232045,25.73158519232045,22.64057941948461,22.64057941948461
1,0,0,1,1,1,0,0,0,0,0,0,0,1,0,1,0,0,0,0,0,1,1,1,0,0,1,0,1,0,0,1,1,0,1,0,1,1,1,1,0,1,0,0,0,0,1,0,1,1,0,0,0,1,1,1,0,0,1,0,0,0,1,0,0,0,1,0,0,1,0,0,0,1,0,1,0,0,0,0,42,-17.02181244610094,240.001,5.3066227229488545e-08,5.3066227229488545e-08,25.730005430508534,25.730005430508534,23.02402397500729,23.02402397500729
1,0,0,1,1,1,0,0,0,0,0,0,0,1,0,1,0,0,0,0,0,1,1,1,0,0,1,0,1,0,0,1,1,0,1,0,1,1,1,1,0,1,0,0,0,0,1,0,1,1,0,0,0,1,1,1,0,0,1,0,0,0,1,0,0,0,1,0,0,1,0,0,0,1,0,1,0,0,0,0,47,-17.02136287692056,240.001,5.313847943688224e-08,5.313847943688224e-08,25.724545894376682,25.724545894376682,23.115626569443364,23.115626569443364
1,0,0,1,1,1,0,0,0,0,0,0,0,1,0,1,0,0,0,0,0,1,1,1,0,0,1,0,1,0,0,1,1,0,1,0,1,1,1,1,0,1,0,0,0,0,1,0,1,1,0,0,0,1,1,1,0,0,1,0,0,0,1,0,0,0,1,0,0,1,0,0,0,1,0,1,0,0,0,0,49,-17.02257529121905,240.001,5.3156052316091546e-08,5.3156052316091546e-08,25.72189750695419,25.72189750695419,22.872857355351893,22.872857355351893
1,0,0,1,1,1,0,0,0,0,0,0,0,1,0,1,0,0,0,0,0,1,1,1,0,0,1,0,1,0,0,1,1,0,1,0,1,1,1,1,0,1,0,0,0,0,1,0,1,1,0,0,0,1,1,1,0,0,1,0,0,0,1,0,0,0,1,0,0,1,0,0,0,1,0,1,0,0,0,0,50,-17.02237136763522,240.001,5.317143001588745e-08,5.317143001588745e-08,25.720845226579115,25.720845226579115,22.912757272324455,22.912757272324455
1,0,0,1,1,1,0,0,0,0,0,0,0,1,0,1,0,0,0,0,0,1,1,1,0,0,1,0,1,0,0,1,1,0,1,0,1,1,1,1,0,1,0,0,0,0,1,0,1,1,0,0,0,1,1,1,0,0,1,0,0,0,1,0,0,0,1,0,0,1,0,0,0,1,0,1,0,0,0,0,54,-17.02257513215526,240.001,5.322464236581258e-08,5.322464236581258e-08,25.716297348343005,25.716297348343005,22.872888336259123,22.872888336259123
1,0,0,1,1,1,0,0,0,0,0,0,0,1,0,1,0,0,0,0,0,1,1,1,0,0,1,0,1,0,0,1,1,0,1,0,1,1,1,1,0,1,0,0,0,0,1,0,1,1,0,0,0,1,1,1,0,0,1,0,0,0,1,0,0,0,1,0,0,1,0,0,0,1,0,1,0,0,0,0,55,-17.023428081879587,240.001,5.3231408651313034e-08,5.3231408651313034e-08,25.714892328457953,25.714892328457953,22.709841424379235,22.709841424379235
1,0,0,1,1,1,0,0,0,0,0,0,0,1,0,1,0,0,0,0,0,1,1,1,0,0,1,0,1,0,0,1,1,0,1,0,1,1,1,1,0,1,0,0,0,0,1,0,1,1,0,0,0,1,1,1,0,0,1,0,0,0,1,0,0,0,1,0,0,1,0,0,0,1,0,1,0,0,0,0,56,-17.02249701809471,240.001,5.325271411331577e-08,5.325271411331577e-08,25.714085509736883,25.714085509736883,22.888129266624617,22.888129266624617
1,0,0,1,1,1,0,0,0,0,0,0,0,1,0,1,0,0,0,0,0,1,1,1,0,0,1,0,1,0,0,1,1,0,1,0,1,1,1,1,0,1,0,0,0,0,1,0,1,1,0,0,0,1,1,1,0,0,1,0,0,0,1,0,0,0,1,0,0,1,0,0,0,1,0,1,0,0,0,0,59,-17.0204653805325,240.001,5.33104454469679e-08,5.33104454469679e-08,25.71141150565063,25.71141150565063,23.304457048480014,23.304457048480014
1,0,0,1,1,1,0,0,0,0,0,0,0,1,0,1,0,0,0,0,0,1,1,1,0,0,1,0,1,0,0,1,1,0,1,0,1,1,1,1,0,1,0,0,0,0,1,0,1,1,0,0,0,1,1,1,0,0,1,0,0,0,1,0,0,0,1,0,0,1,0,0,0,1,0,1,0,0,0,0,63,-17.01982459309551,240.001,5.33705691688754e-08,5.33705691688754e-08,25.70715706341353,25.70715706341353,23.444458802053624,23.444458802053624
1,0,0,1,1,1,0,0,0,0,0,0,0,1,0,1,0,0,0,0,0,1,1,1,0,0,1,0,1,0,0,1,1,0,1,0,1,1,1,1,0,1,0,0,0,0,1,0,1,1,0,0,0,1,1,1,0,0,1,0,0,0,1,0,0,0,1,0,0,1,0,0,0,1,0,1,0,0,0,0,67,-17.01967921131167,240.001,5.3426651656152846e-08,5.3426651656152846e-08,25.702741218452573,25.702741218452573,23.47685753255073,23.47685753255073
1,0,0,1,1,1,0,0,0,0,0,0,0,1,0,1,0,0,0,0,0,1,1,1,0,0,1,0,1,0,0,1,1,0,1,0,1,1,1,1,0,1,0,0,0,0,1,0,1,1,0,0,0,1,1,1,0,0,1,0,0,0,1,0,0,0,1,0,0,1,0,0,0,1,0,1,0,0,0,0,70,-17.019521065178665,240.001,5.3469117460050727e-08,5.3469117460050727e-08,25.69944877614319,25.69944877614319,23.512376233101126,23.512376233101126
1,0,0,1,1,1,0,0,0,0,0,0,0,1,0,1,0,0,0,0,0,1,1,1,0,0,1,0,1,0,0,1,1,0,1,0,1,1,1,1,0,1,0,0,0,0,1,0,1,1,0,0,0,1,1,1,0,0,1,0,0,0,1,0,0,0,1,0,0,1,0,0,0,1,0,1,0,0,0,0,74,-17.01946244468268,240.001,5.352449382083359e-08,5.352449382083359e-08,25.695011866527537,25.695011866527537,23.525615870809457,23.525615870809457
1,0,0,1,1,1,0,0,0,0,0,0,0,1,0,1,0,0,0,0,0,1,1,1,0,0,1,0,1,0,0,1,1,0,1,0,1,1,1,1,0,1,0,0,0,0,1,0,1,1,0,0,0,1,1,1,0,0,1,0,0,0,1,0,0,0,1,0,0,1,0,0,0,1,0,1,0,0,0,0,76,-17.019137118511587,240.001,5.3554610276721005e-08,5.3554610276721005e-08,25.692894249033476,25.692894249033476,23.599831274307878,23.599831274307878
1,0,0,1,1,1,0,0,0,0,0,0,0,1,0,1,0,1,0,0,0,1,1,1,0,0,1,0,1,0,0,1,1,0,1,0,1,1,1,1,0,1,0,0,0,0,1,0,1,1,0,0,0,1,1,1,0,0,1,0,0,0,1,0,0,0,1,0,0,1,0,0,0,1,0,1,0,0,0,0,1,-17.019037786750513,240.001,5.252604482334457e-08,5.252604482334457e-08,25.777215213797508,25.777215213797508,23.62274539573808,23.62274539573808
1,0,0,1,1,1,0,0,0,0,0,0,0,1,0,1,0,1,0,0,0,1,1,1,0,0,1,0,1,0,0,1,1,0,1,0,1,1,1,1,0,1,0,0,0,0,1,0,1,1,0,0,0,1,1,1,0,0,1,0,0,0,1,0,0,0,1,0,0,1,0,0,0,1,0,1,0,0,0,0,4,-17.02124829840438,240.001,5.2549430925538086e-08,5.2549430925538086e-08,25.773071528825856,25.773071528825856,23.139283408456013,23.139283408456013
1,0,0,1,1,1,0,0,0,0,0,0,0,1,0,1,0,1,0,0,0,1,1,1,0,0,1,0,1,0,0,1,1,0,1,0,1,1,1,1,0,1,0,0,0,0,1,0,1,1,0,0,0,1,1,1,0,0,1,0,0,0,1,0,0,0,1,0,0,1,0,0,0,1,0,1,0,0,0,0,5,-17.022147255332264,240.001,5.255591711681174e-08,5.255591711681174e-08,25.77163655405782,25.77163655405782,22.957032134632595,22.957032134632595
1,0,0,1,1,1,0,0,0,0,0,0,0,1,0,1,0,1,0,0,0,1,1,1,0,0,1,0,1,0,0,1,1,0,1,0,1,1,1,1,0,1,0,0,0,0,1,0,1,1,0,0,0,1,1,1,0,0,1,0,0,0,1,0,0,0,1,0,0,1,0,0,0,1,0,1,0,0,0,0,6,-17.021200065411207,240.001,5.2577260345659374e-08,5.2577260345659374e-08,25.770820409726912,25.770820409726912,23.149280478390185,23.149280478390185
1,0,0,1,1,1,0,0,0,0,0,0,0,1,0,1,0,1,0,0,0,1,1,1,0,0,1,0,1,0,0,1,1,0,1,0,1,1,1,1,0,1,0,0,0,0,1,0,1,1,0,0,0,1,1,1,0,0,1,0,0,0,1,0,0,0,1,0,0,1,0,0,0,1,0,1,0,0,0,0,14,-17.020264988127355,240.001,5.269456830027669e-08,5.269456830027669e-08,25.762076502781788,25.762076502781788,23.34775873047512,23.34775873047512
1,0,0,1,1,1,0,0,0,0,0,0,0,1,0,1,0,1,0,0,0,1,1,1,0,0,1,0,1,0,0,1,1,0,1,0,1,1,1,1,0,1,0,0,0,0,1,0,1,1,0,0,0,1,1,1,0,0,1,0,0,0,1,0,0,0,1,0,0,1,0,0,0,1,0,1,0,0,0,0,16,-17.02092190681331,240.001,5.271671060934257e-08,5.271671060934257e-08,25.759595057748218,25.759595057748218,23.207384554474146,23.207384554474146
1,0,0,1,1,1,0,0,0,0,0,0,0,1,0,1,0,1,0,0,0,1,1,1,0,0,1,0,1,0,0,1,1,0,1,0,1,1,1,1,0,1,0,0,0,0,1,0,1,1,0,0,0,1,1,1,0,0,1,0,0,0,1,0,0,0,1,0,0,1,0,0,0,1,0,1,0,0,0,0,18,-17.02087683377566,240.001,5.2744517403619506e-08,5.2744517403619506e-08,25.757349936024955,25.757349936024955,23.216873054409874,23.216873054409874
1,0,0,1,1,1,0,0,0,0,0,0,0,1,0,1,0,1,0,0,0,1,1,1,0,0,1,0,1,0,0,1,1,0,1,0,1,1,1,1,0,1,0,0,0,0,1,0,1,1,0,0,0,1,1,1,0,0,1,0,0,0,1,0,0,0,1,0,0,1,0,0,0,1,0,1,0,0,0,0,22,-17.022615544918086,240.001,5.2785351440135977e-08,5.2785351440135977e-08,25.75225028113981,25.75225028113981,22.865024188898335,22.865024188898335
1,0,0,1,1,1,0,0,0,0,0,0,0,1,0,1,0,1,0,0,0,1,1,1,0,0,1,0,1,0,0,1,1,0,1,0,1,1,1,1,0,1,0,0,0,0,1,0,1,1,0,0,0,1,1,1,0,0,1,0,0,0,1,0,0,0,1,0,0,1,0,0,0,1,0,1,0,0,0,0,23,-17.02363335321079,240.001,5.279084316181362e-08,5.279084316181362e-08,25.750780661824383,25.750780661824383,22.67149500819926,22.67149500819926
1,0,0,1,1,1,0,0,0,0,0,0,0,1,0,1,0,1,0,0,0,1,1,1,0,0,1,0,1,0,0,1,1,0,1,0,1,1,1,1,0,1,0,0,0,0,1,0,1,1,0,0,0,1,1,1,0,0,1,0,0,0,1,0,0,0,1,0,0,1,0,0,0,1,0,1,0,0,0,0,24,-17.02287666963627,240.001,5.281067566615138e-08,5.281067566615138e-08,25.74990609096373,25.74990609096373,22.814549132043563,22.814549132043563
1,0,0,1,1,1,0,0,0,0,0,0,0,1,0,1,0,1,0,0,0,1,1,1,0,0,1,0,1,0,0,1,1,0,1,0,1,1,1,1,0,1,0,0,0,0,1,0,1,1,0,0,0,1,1,1,0,0,1,0,0,0,1,0,0,0,1,0,0,1,0,0,0,1,0,1,0,0,0,0,27,-17.02173253572946,240.001,5.286108405451958e-08,5.286108405451958e-08,25.746906811979837,25.746906811979837,23.040166358678444,23.040166358678444
1,0,0,1,1,1,0,0,0,0,0,0,0,1,0,1,0,1,0,0,0,1,1,1,0,0,1,0,1,0,0,1,1,0,1,0,1,1,1,1,0,1,0,0,0,0,1,0,1,1,0,0,0,1,1,1,0,0,1,0,0,0,1,0,0,0,1,0,0,1,0,0,0,1,0,1,0,0,0,0,29,-17.021816986327572,240.001,5.288783929330491e-08,5.288783929330491e-08,25.744624768735562,25.744624768735562,23.023108611420863,23.023108611420863
1,0,0,1,1,1,0,0,0,0,0,0,0,1,0,1,0,1,0,0,0,1,1,1,0,0,1,0,1,0,0,1,1,0,1,0,1,1,1,1,0,1,0,0,0,0,1,0,1,1,0,0,0,1,1,1,0,0,1,0,0,0,1,0,0,0,1,0,0,1,0,0,0,1,0,1,0,0,0,0,32,-17.023097757771783,240.001,5.291862152257677e-08,5.291862152257677e-08,25.74081701499036,25.74081701499036,22.772264638646377,22.772264638646377
1,0,0,1,1,1,0,0,0,0,0,0,0,1,0,1,0,1,0,0,0,1,1,1,0,0,1,0,1,0,0,1,1,0,1,0,1,1,1,1,0,1,0,0,0,0,1,0,1,1,0,0,0,1,1,1,0,0,1,0,0,0,1,0,0,0,1,0,0,1,0,0,0,1,0,1,0,0,0,0,33,-17.023396669660446,240.001,5.292991630293325e-08,5.292991630293325e-08,25.739591257837226,25.739591257837226,22.715739316978834,22.715739316978834
1,0,0,1,1,1,0,0,0,0,0,0,0,1,0,1,0,1,0,0,0,1,1,1,0,0,1,0,1,0,0,1,1,0,1,0,1,1,1,1,0,1,0,0,0,0,1,0,1,1,0,0,0,1,1,1,0,0,1,0,0,0,1,0,0,0,1,0,0,1,0,0,0,1,0,1,0,0,0,0,35,-17.02288543278158,240.001,5.296149325778813e-08,5.296149325778813e-08,25.737512351150684,25.737512351150684,22.812865307491627,22.812865307491627
1,0,0,1,1,1,0,0,0,0,0,0,0,1,0,1,0,1,0,0,0,1,1,1,0,0,1,0,1,0,0,1,1,0,1,0,1,1,1,1,0,1,0,0,0,0,1,0,1,1,0,0,0,1,1,1,0,0,1,0,0,0,1,0,0,0,1,0,0,1,0,0,0,1,0,1,0,0,0,0,37,-17.024161978187387,240.001,5.2978575646690684e-08,5.2978575646690684e-08,25.734835242694633,25.734835242694633,22.574266316419177,22.574266316419177
1,0,0,1,1,1,0,0,0,0,0,0,0,1,0,1,0,1,0,0,0,1,1,1,0,0,1,0,1,0,0,1,1,0,1,0,1,1,1,1,0,1,0,0,0,0,1,0,1,1,0,0,0,1,1,1,0,0,1,0,0,0,1,0,0,0,1,0,0,1,0,0,0,1,0,1,0,0,0,0,38,-17.02505294406795,240.001,5.298506445947575e-08,5.298506445947575e-08,25.733412385764012,25.733412385764012,22.415138620938954,22.415138620938954
1,0,0,1,1,1,0,0,0,0,0,0,0,1,0,1,0,1,0,0,0,1,1,1,0,0,1,0,1,0,0,1,1,0,1,0,1,1,1,1,0,1,0,0,0,0,1,0,1,1,0,0,0,1,1,1,0,0,1,0,0,0,1,0,0,0,1,0,0,1,0,0,0,1,0,1,0,0,0,0,39,-17.024966442469903,240.001,5.299947841430419e-08,5.299947841430419e-08,25.732317601692802,25.732317601692802,22.43033627740866,22.43033627740866
1,0,0,1,1,1,0,0,0,0,0,0,0,1,0,1,0,1,0,0,0,1,1,1,0,0,1,0,1,0,0,1,1,0,1,0,1,1,1,1,0,1,0,0,0,0,1,0,1,1,0,0,0,1,1,1,0,0,1,0,0,0,1,0,0,0,1,0,0,1,0,0,0,1,0,1,0,0,0,0,40,-17.02388400319069,240.001,5.302197415956084e-08,5.302197415956084e-08,25.73155705958651,25.73155705958651,22.625123586755173,22.625123586755173
1,0,0,1,1,1,0,0,0,0,0,0,0,1,0,1,0,1,0,0,0,1,1,1,0,0,1,0,1,0,0,1,1,0,1,0,1,1,1,1,0,1,0,0,0,0,1,0,1,1,0,0,0,1,1,1,0,0,1,0,0,0,1,0,0,0,1,0,0,1,0,0,0,1,0,1,0,0,0,0,42,-17.021889354222946,240.001,5.306560267817055e-08,5.306560267817055e-08,25.72997963602347,25.72997963602347,23.008544241578672,23.008544241578672
1,0,0,1,1,1,0,0,0,0,0,0,0,1,0,1,0,1,0,0,0,1,1,1,0,0,1,0,1,0,0,1,1,0,1,0,1,1,1,1,0,1,0,0,0,0,1,0,1,1,0,0,0,1,1,1,0,0,1,0,0,0,1,0,0,0,1,0,0,1,0,0,0,1,0,1,0,0,0,0,47,-17.021426533289112,240.001,5.313796177061108e-08,5.313796177061108e-08,25.72452454646379,25.72452454646379,23.102538745886292,23.102538745886292
1,0,0,1,1,1,0,0,0,0,0,0,0,1,0,1,0,1,0,0,0,1,1,1,0,0,1,0,1,0,0,1,1,0,1,0,1,1,1,1,0,1,0,0,0,0,1,0,1,1,0,0,0,1,1,1,0,0,1,0,0,0,1,0,0,0,1,0,0,1,0,0,0,1,0,1,0,0,0,0,49,-17.02263481152915,240.001,5.315556820402505e-08,5.315556820402505e-08,25.72187753964837,25.72187753964837,22.861279971621865,22.861279971621865
1,0,0,1,1,1,0,0,0,0,0,0,0,1,0,1,0,1,0,0,0,1,1,1,0,0,1,0,1,0,0,1,1,0,1,0,1,1,1,1,0,1,0,0,0,0,1,0,1,1,0,0,0,1,1,1,0,0,1,0,0,0,1,0,0,0,1,0,0,1,0,0,0,1,0,1,0,0,0,0,50,-17.022429031238055,240.001,5.317096086046301e-08,5.317096086046301e-08,25.720825882899373,25.720825882899373,22.901437715600487,22.901437715600487
1,0,0,1,1,1,0,0,0,0,0,0,0,1,0,1,0,1,0,0,0,1,1,1,0,0,1,0,1,0,0,1,1,0,1,0,1,1,1,1,0,1,0,0,0,0,1,0,1,1,0,0,0,1,1,1,0,0,1,0,0,0,1,0,0,0,1,0,0,1,0,0,0,1,0,1,0,0,0,0,54,-17.02262638340869,240.001,5.322422497802979e-08,5.322422497802979e-08,25.716280154607603,25.716280154607603,22.862917472960685,22.862917472960685
1,0,0,1,1,1,0,0,0,0,0,0,0,1,0,1,0,1,0,0,0,1,1,1,0,0,1,0,1,0,0,1,1,0,1,0,1,1,1,1,0,1,0,0,0,0,1,0,1,1,0,0,0,1,1,1,0,0,1,0,0,0,1,0,0,0,1,0,0,1,0,0,0,1,0,1,0,0,0,0,55,-17.023477930758073,240.001,5.3231002679695496e-08,5.3231002679695496e-08,25.7148756013604,25.7148756013604,22.700498225545047,22.700498225545047
1,0,0,1,1,1,0,0,0,0,0,0,0,1,0,1,0,1,0,0,0,1,1,1,0,0,1,0,1,0,0,1,1,0,1,0,1,1,1,1,0,1,0,0,0,0,1,0,1,1,0,0,0,1,1,1,0,0,1,0,0,0,1,0,0,0,1,0,0,1,0,0,0,1,0,1,0,0,0,0,56,-17.022545571695428,240.001,5.325231848682203e-08,5.325231848682203e-08,25.714069220978292,25.714069220978292,22.878649657462297,22.878649657462297
1,0,0,1,1,1,0,0,0,0,0,0,0,1,0,1,0,1,0,0,0,1,1,1,0,0,1,0,1,0,0,1,1,0,1,0,1,1,1,1,0,1,0,0,0,0,1,0,1,1,0,0,0,1,1,1,0,0,1,0,0,0,1,0,0,0,1,0,0,1,0,0,0,1,0,1,0,0,0,0,59,-17.02051041571576,240.001,5.331007799727027e-08,5.331007799727027e-08,25.71139640492481,25.71139640492481,23.2947845045236,23.2947845045236
1,0,0,1,1,1,0,0,0,0,0,0,0,1,0,1,0,1,0,0,0,1,1,1,0,0,1,0,1,0,0,1,1,0,1,0,1,1,1,1,0,1,0,0,0,0,1,0,1,1,0,0,0,1,1,1,0,0,1,0,0,0,1,0,0,0,1,0,0,1,0,0,0,1,0,1,0,0,0,0,63,-17.019865634532035,240.001,5.337023390110222e-08,5.337023390110222e-08,25.707143303942225,25.707143303942225,23.435355986879095,23.435355986879095
1,0,0,1,1,1,0,0,0,0,0,0,0,1,0,1,0,1,0,0,0,1,1,1,0,0,1,0,1,0,0,1,1,0,1,0,1,1,1,1,0,1,0,0,0,0,1,0,1,1,0,0,0,1,1,1,0,0,1,0,0,0,1,0,0,0,1,0,0,1,0,0,0,1,0,1,0,0,0,0,67,-17.019716903961882,240.001,5.342634341661253e-08,5.342634341661253e-08,25.70272858204554,25.70272858204554,23.468434489641837,23.468434489641837
1,0,0,1,1,1,0,0,0,0,0,0,0,1,0,1,0,1,0,0,0,1,1,1,0,0,1,0,1,0,0,1,1,0,1,0,1,1,1,1,0,1,0,0,0,0,1,0,1,1,0,0,0,1,1,1,0,0,1,0,0,0,1,0,0,0,1,0,0,1,0,0,0,1,0,1,0,0,0,0,70,-17.019556584950827,240.001,5.3468826753985304e-08,5.3468826753985304e-08,25.699436868577337,25.699436868577337,23.504373478899943,23.504373478899943
1,0,0,1,1,1,0,0,0,0,0,0,0,1,0,1,0,1,0,0,0,1,1,1,0,0,1,0,1,0,0,1,1,0,1,0,1,1,1,1,0,1,0,0,0,0,1,0,1,1,0,0,0,1,1,1,0,0,1,0,0,0,1,0,0,0,1,0,0,1,0,0,0,1,0,1,0,0,0,0,74,-17.019495427672794,240.001,5.3524223595992934e-08,5.3524223595992934e-08,25.695000809471704,25.695000809471704,23.518161607338563,23.518161607338563
1,0,0,1,1,1,0,0,0,0,0,0,0,1,0,1,0,1,0,0,0,1,1,1,0,0,1,0,1,0,0,1,1,0,1,0,1,1,1,1,0,1,0,0,0,0,1,0,1,1,0,0,0,1,1,1,0,0,1,0,0,0,1,0,0,0,1,0,0,1,0,0,0,1,0,1,0,0,0,0,76,-17.019168967798326,240.001,5.3554349183245996e-08,5.3554349183245996e-08,25.692883572850466,25.692883572850466,23.592509606715232,23.592509606715232
1,0,0,1,1,1,0,0,0,0,0,0,0,1,0,1,0,1,0,0,0,1,1,1,0,0,1,0,1,0,0,1,1,0,1,0,1,1,1,1,0,1,0,0,0,0,1,0,1,1,0,0,0,1,1,1,0,0,1,0,0,0,1,0,0,1,1,0,0,1,0,0,0,1,0,1,0,0,0,0,1,-17.019066198855004,240.001,5.252581639994048e-08,5.252581639994048e-08,25.777205688178753,25.777205688178753,23.61617891345857,23.61617891345857
1,0,0,1,1,1,0,0,0,0,0,0,0,1,0,1,0,1,0,0,0,1,1,1,0,0,1,0,1,0,0,1,1,0,1,0,1,1,1,1,0,1,0,0,0,0,1,0,1,1,0,0,0,1,1,1,0,0,1,0,0,0,1,0,0,1,1,0,0,1,0,0,0,1,0,1,0,0,0,0,4,-17.0212780604011,240.001,5.254919161016772e-08,5.254919161016772e-08,25.773061545079745,25.773061545079745,23.133126157931198,23.133126157931198
1,0,0,1,1,1,0,0,0,0,0,0,0,1,0,1,0,1,0,0,0,1,1,1,0,0,1,0,1,0,0,1,1,0,1,0,1,1,1,1,0,1,0,0,0,0,1,0,1,1,0,0,0,1,1,1,0,0,1,0,0,0,1,0,0,1,1,0,0,1,0,0,0,1,0,1,0,0,0,0,5,-17.022177495112743,240.001,5.255567395693425e-08,5.255567395693425e-08,25.77162640777834,25.77162640777834,22.951031792230758,22.951031792230758
1,0,0,1,1,1,0,0,0,0,0,0,0,1,0,1,0,1,0,0,0,1,1,1,0,0,1,0,1,0,0,1,1,0,1,0,1,1,1,1,0,1,0,0,0,0,1,0,1,1,0,0,0,1,1,1,0,0,1,0,0,0,1,0,0,1,1,0,0,1,0,0,0,1,0,1,0,0,0,0,6,-17.021230820709775,240.001,5.2577012908920224e-08,5.2577012908920224e-08,25.770810093048123,25.770810093048123,23.142903298886672,23.142903298886672
1,0,0,1,1,1,0,0,0,0,0,0,0,1,0,1,0,1,0,0,0,1,1,1,0,0,1,0,1,0,0,1,1,0,1,0,1,1,1,1,0,1,0,0,0,0,1,0,1,1,0,0,0,1,1,1,0,0,1,0,0,0,1,0,0,1,1,0,0,1,0,0,0,1,0,1,0,0,0,0,14,-17.020300488532214,240.001,5.269428201399908e-08,5.269428201399908e-08,25.762064597387266,25.762064597387266,23.340056255923265,23.340056255923265
1,0,0,1,1,1,0,0,0,0,0,0,0,1,0,1,0,1,0,0,0,1,1,1,0,0,1,0,1,0,0,1,1,0,1,0,1,1,1,1,0,1,0,0,0,0,1,0,1,1,0,0,0,1,1,1,0,0,1,0,0,0,1,0,0,1,1,0,0,1,0,0,0,1,0,1,0,0,0,0,16,-17.020958818460254,240.001,5.271641284115355e-08,5.271641284115355e-08,25.759582677117166,25.759582677117166,23.199629477668367,23.199629477668367
1,0,0,1,1,1,0,0,0,0,0,0,0,1,0,1,0,1,0,0,0,1,1,1,0,0,1,0,1,0,0,1,1,0,1,0,1,1,1,1,0,1,0,0,0,0,1,0,1,1,0,0,0,1,1,1,0,0,1,0,0,0,1,0,0,1,1,0,0,1,0,0,0,1,0,1,0,0,0,0,18,-17.020915284658862,240.001,5.2744207051437176e-08,5.2744207051437176e-08,25.75733703938765,25.75733703938765,23.208777317588947,23.208777317588947
1,0,0,1,1,1,0,0,0,0,0,0,0,1,0,1,0,1,0,0,0,1,1,1,0,0,1,0,1,0,0,1,1,0,1,0,1,1,1,1,0,1,0,0,0,0,1,0,1,1,0,0,0,1,1,1,0,0,1,0,0,0,1,0,0,1,1,0,0,1,0,0,0,1,0,1,0,0,0,0,22,-17.02265746418337,240.001,5.278501290525719e-08,5.278501290525719e-08,25.752236215113584,25.752236215113584,22.856881824216963,22.856881824216963
1,0,0,1,1,1,0,0,0,0,0,0,0,1,0,1,0,1,0,0,0,1,1,1,0,0,1,0,1,0,0,1,1,0,1,0,1,1,1,1,0,1,0,0,0,0,1,0,1,1,0,0,0,1,1,1,0,0,1,0,0,0,1,0,0,1,1,0,0,1,0,0,0,1,0,1,0,0,0,0,23,-17.023676231236212,240.001,5.2790496891869046e-08,5.2790496891869046e-08,25.750766270485357,25.750766270485357,22.663527375323433,22.663527375323433
1,0,0,1,1,1,0,0,0,0,0,0,0,1,0,1,0,1,0,0,0,1,1,1,0,0,1,0,1,0,0,1,1,0,1,0,1,1,1,1,0,1,0,0,0,0,1,0,1,1,0,0,0,1,1,1,0,0,1,0,0,0,1,0,0,1,1,0,0,1,0,0,0,1,0,1,0,0,0,0,24,-17.02292058201829,240.001,5.281032087340151e-08,5.281032087340151e-08,25.74989135545724,25.74989135545724,22.806117956246446,22.806117956246446
1,0,0,1,1,1,0,0,0,0,0,0,0,1,0,1,0,1,0,0,0,1,1,1,0,0,1,0,1,0,0,1,1,0,1,0,1,1,1,1,0,1,0,0,0,0,1,0,1,1,0,0,0,1,1,1,0,0,1,0,0,0,1,0,0,1,1,0,0,1,0,0,0,1,0,1,0,0,0,0,27,-17.021779847752892,240.001,5.286070137050946e-08,5.286070137050946e-08,25.746890940506372,25.746890940506372,23.03060183243197,23.03060183243197
1,0,0,1,1,1,0,0,0,0,0,0,0,1,0,1,0,1,0,0,0,1,1,1,0,0,1,0,1,0,0,1,1,0,1,0,1,1,1,1,0,1,0,0,0,0,1,0,1,1,0,0,0,1,1,1,0,0,1,0,0,0,1,0,0,1,1,0,0,1,0,0,0,1,0,1,0,0,0,0,29,-17.0218668551492,240.001,5.2887435726388065e-08,5.2887435726388065e-08,25.74460803939479,25.74460803939479,23.01306707920208,23.01306707920208
1,0,0,1,1,1,0,0,0,0,0,0,0,1,0,1,0,1,0,0,0,1,1,1,0,0,1,0,1,0,0,1,1,0,1,0,1,1,1,1,0,1,0,0,0,0,1,0,1,1,0,0,0,1,1,1,0,0,1,0,0,0,1,0,0,1,1,0,0,1,0,0,0,1,0,1,0,0,0,0,32,-17.023152001440174,240.001,5.291818236591127e-08,5.291818236591127e-08,25.740798812341637,25.740798812341637,22.761952463198657,22.761952463198657
1,0,0,1,1,1,0,0,0,0,0,0,0,1,0,1,0,1,0,0,0,1,1,1,0,0,1,0,1,0,0,1,1,0,1,0,1,1,1,1,0,1,0,0,0,0,1,0,1,1,0,0,0,1,1,1,0,0,1,0,0,0,1,0,0,1,1,0,0,1,0,0,0,1,0,1,0,0,0,0,33,-17.02345255181035,240.001,5.292946379912343e-08,5.292946379912343e-08,25.739572504169924,25.739572504169924,22.705252515342146,22.705252515342146
1,0,0,1,1,1,0,0,0,0,0,0,0,1,0,1,0,1,0,0,0,1,1,1,0,0,1,0,1,0,0,1,1,0,1,0,1,1,1,1,0,1,0,0,0,0,1,0,1,1,0,0,0,1,1,1,0,0,1,0,0,0,1,0,0,1,1,0,0,1,0,0,0,1,0,1,0,0,0,0,35,-17.022944933383833,240.001,5.2961011131014736e-08,5.2961011131014736e-08,25.737492386055727,25.737492386055727,22.801449503708664,22.801449503708664
1,0,0,1,1,1,0,0,0,0,0,0,0,1,0,1,0,1,0,0,0,1,1,1,0,0,1,0,1,0,0,1,1,0,1,0,1,1,1,1,0,1,0,0,0,0,1,0,1,1,0,0,0,1,1,1,0,0,1,0,0,0,1,0,0,1,1,0,0,1,0,0,0,1,0,1,0,0,0,0,37,-17.024225552815032,240.001,5.297806042333509e-08,5.297806042333509e-08,25.734813903960575,25.734813903960575,22.562717691558262,22.562717691558262
1,0,0,1,1,1,0,0,0,0,0,0,0,1,0,1,0,1,0,0,0,1,1,1,0,0,1,0,1,0,0,1,1,0,1,0,1,1,1,1,0,1,0,0,0,0,1,0,1,1,0,0,0,1,1,1,0,0,1,0,0,0,1,0,0,1,1,0,0,1,0,0,0,1,0,1,0,0,0,0,38,-17.02511876830855,240.001,5.29845309967925e-08,5.29845309967925e-08,25.73339028725411,25.73339028725411,22.40360914138094,22.40360914138094
1,0,0,1,1,1,0,0,0,0,0,0,0,1,0,1,0,1,0,0,0,1,1,1,0,0,1,0,1,0,0,1,1,0,1,0,1,1,1,1,0,1,0,0,0,0,1,0,1,1,0,0,0,1,1,1,0,0,1,0,0,0,1,0,0,1,1,0,0,1,0,0,0,1,0,1,0,0,0,0,39,-17.02503470865333,240.001,5.2998925000341165e-08,5.2998925000341165e-08,25.73229468423589,25.73229468423589,22.418338045308886,22.418338045308886
1,0,0,1,1,1,0,0,0,0,0,0,0,1,0,1,0,1,0,0,0,1,1,1,0,0,1,0,1,0,0,1,1,0,1,0,1,1,1,1,0,1,0,0,0,0,1,0,1,1,0,0,0,1,1,1,0,0,1,0,0,0,1,0,0,1,1,0,0,1,0,0,0,1,0,1,0,0,0,0,40,-17.023954926371662,240.001,5.302139887710416e-08,5.302139887710416e-08,25.731533257124042,25.731533257124042,22.61209135673864,22.61209135673864
1,0,0,1,1,1,0,0,0,0,0,0,0,1,0,1,0,1,0,0,0,1,1,1,0,0,1,0,1,0,0,1,1,0,1,0,1,1,1,1,0,1,0,0,0,0,1,0,1,1,0,0,0,1,1,1,0,0,1,0,0,0,1,0,0,1,1,0,0,1,0,0,0,1,0,1,0,0,0,0,42,-17.021966249156463,240.001,5.306497827731452e-08,5.306497827731452e-08,25.72995384301436,25.72995384301436,22.993121855085,22.993121855085
1,0,0,1,1,1,0,0,0,0,0,0,0,1,0,1,0,1,0,0,0,1,1,1,0,0,1,0,1,0,0,1,1,0,1,0,1,1,1,1,0,1,0,0,0,0,1,0,1,1,0,0,0,1,1,1,0,0,1,0,0,0,1,0,0,1,1,0,0,1,0,0,0,1,0,1,0,0,0,0,47,-17.021523687548417,240.001,5.3137171727055375e-08,5.3137171727055375e-08,25.724491962635106,25.724491962635106,23.082639076213887,23.082639076213887
1,0,0,1,1,1,0,0,0,0,0,0,0,1,0,1,0,1,0,0,0,1,1,1,0,0,1,0,1,0,0,1,1,0,1,0,1,1,1,1,0,1,0,0,0,0,1,0,1,1,0,0,0,1,1,1,0,0,1,0,0,0,1,0,0,1,1,0,0,1,0,0,0,1,0,1,0,0,0,0,49,-17.022743351412398,240.001,5.3154685408232794e-08,5.3154685408232794e-08,25.721841127020628,25.721841127020628,22.840246442144316,22.840246442144316
1,0,0,1,1,1,0,0,0,0,0,0,0,1,0,1,0,1,0,0,0,1,1,1,0,0,1,0,1,0,0,1,1,0,1,0,1,1,1,1,0,1,0,0,0,0,1,0,1,1,0,0,0,1,1,1,0,0,1,0,0,0,1,0,0,1,1,0,0,1,0,0,0,1,0,1,0,0,0,0,50,-17.02254436977774,240.001,5.3170022459906544e-08,5.3170022459906544e-08,25.72078719254758,25.72078719254758,22.87888407165925,22.87888407165925
1,0,0,1,1,1,0,0,0,0,0,0,0,1,0,1,0,1,0,0,0,1,1,1,0,0,1,0,1,0,0,1,1,0,1,0,1,1,1,1,0,1,0,0,0,0,1,0,1,1,0,0,0,1,1,1,0,0,1,0,0,0,1,0,0,1,1,0,0,1,0,0,0,1,0,1,0,0,0,0,54,-17.022780177120534,240.001,5.322297245883172e-08,5.322297245883172e-08,25.716228564089324,25.716228564089324,22.833133091596164,22.833133091596164
1,0,0,1,1,1,0,0,0,0,0,0,0,1,0,1,0,1,0,0,0,1,1,1,0,0,1,0,1,0,0,1,1,0,1,0,1,1,1,1,0,1,0,0,0,0,1,0,1,1,0,0,0,1,1,1,0,0,1,0,0,0,1,0,0,1,1,0,0,1,0,0,0,1,0,1,0,0,0,0,55,-17.023645665635975,240.001,5.322963657244277e-08,5.322963657244277e-08,25.714819324171604,25.714819324171604,22.6692056139818,22.6692056139818
1,0,0,1,1,1,0,0,0,0,0,0,0,1,0,1,0,1,0,0,0,1,1,1,0,0,1,0,1,0,0,1,1,0,1,0,1,1,1,1,0,1,0,0,0,0,1,0,1,1,0,0,0,1,1,1,0,0,1,0,0,0,1,0,0,1,1,0,0,1,0,0,0,1,0,1,0,0,0,0,56,-17.022730165227095,240.001,5.325081426196542e-08,5.325081426196542e-08,25.71400730488117,25.71400730488117,22.842796341172313,22.842796341172313
1,0,0,1,1,1,0,0,0,0,0,0,0,1,0,1,0,1,0,0,0,1,1,1,0,0,1,0,1,0,0,1,1,0,1,0,1,1,1,1,0,1,0,0,0,0,1,0,1,1,0,0,0,1,1,1,0,0,1,0,0,0,1,0,0,1,1,0,0,1,0,0,0,1,0,1,0,0,0,0,59,-17.020774416753945,240.001,5.330792373276466e-08,5.330792373276466e-08,25.711307906179353,25.711307906179353,23.238510272480397,23.238510272480397
1,0,0,1,1,1,0,0,0,0,0,0,0,1,0,1,0,1,0,0,0,1,1,1,0,0,1,0,1,0,0,1,1,0,1,0,1,1,1,1,0,1,0,0,0,0,1,0,1,1,0,0,0,1,1,1,0,0,1,0,0,0,1,0,0,1,1,0,0,1,0,0,0,1,0,1,0,0,0,0,63,-17.020483200624376,240.001,5.336518817599763e-08,5.336518817599763e-08,25.706936347660406,25.706936347660406,23.300627129711685,23.300627129711685
1,0,0,1,1,1,0,0,0,0,0,0,0,1,0,1,0,1,0,0,0,1,1,1,0,0,1,0,1,0,0,1,1,0,1,0,1,1,1,1,0,1,0,0,0,0,1,0,1,1,0,0,0,1,1,1,0,0,1,0,0,0,1,0,0,1,1,0,0,1,0,0,0,1,0,1,0,0,0,0,66,-17.021671019876216,240.001,5.339664212363419e-08,5.339664212363419e-08,25.703189509656355,25.703189509656355,23.052633735485347,23.052633735485347
1,0,0,1,1,1,0,0,0,0,0,0,0,1,0,1,0,1,0,0,0,1,1,1,0,0,1,0,1,0,0,1,1,0,1,0,1,1,1,1,0,1,0,0,0,0,1,0,1,1,0,0,0,1,1,1,0,0,1,0,0,0,1,0,0,1,1,0,0,1,0,0,0,1,0,1,0,0,0,0,67,-17.021607074175563,240.001,5.341088449379084e-08,5.341088449379084e-08,25.702095225595336,25.702095225595336,23.065631430768757,23.065631430768757
1,0,0,1,1,1,0,0,0,0,0,0,0,1,0,1,0,1,0,0,0,1,1,1,0,0,1,0,1,0,0,1,1,0,1,0,1,1,1,1,0,1,0,0,0,0,1,0,1,1,0,0,0,1,1,1,0,0,1,0,0,0,1,0,0,1,1,0,0,1,0,0,0,1,0,1,0,0,0,0,70,-17.020019193492452,240.001,5.3465040207085827e-08,5.3465040207085827e-08,25.69928182890446,25.69928182890446,23.40146475616832,23.40146475616832
1,0,0,1,1,1,0,0,0,0,0,0,0,1,0,1,0,1,0,0,0,1,1,1,0,0,1,0,1,0,0,1,1,0,1,0,1,1,1,1,0,1,0,0,0,0,1,0,1,1,0,0,0,1,1,1,0,0,1,0,0,0,1,0,0,1,1,0,0,1,0,0,0,1,0,1,0,0,0,0,74,-17.01972644877626,240.001,5.352233074790322e-08,5.352233074790322e-08,25.694923376400205,25.694923376400205,23.46630412188366,23.46630412188366
1,0,0,1,1,1,0,0,0,0,0,0,0,1,0,1,0,1,0,0,0,1,1,1,0,0,1,0,1,0,0,1,1,0,1,0,1,1,1,1,0,1,0,0,0,0,1,0,1,1,0,0,0,1,1,1,0,0,1,0,0,0,1,0,0,1,1,0,0,1,0,0,0,1,0,1,0,0,0,0,76,-17.019353766766887,240.001,5.355283417816077e-08,5.355283417816077e-08,25.692821633680467,25.692821633680467,23.550267959416523,23.550267959416523
1,0,0,1,1,1,0,0,0,0,0,0,0,1,0,1,0,1,0,0,0,1,1,1,0,0,1,0,1,0,0,1,1,0,1,0,1,1,1,1,0,1,0,0,0,0,1,0,1,1,0,0,0,1,1,1,0,0,1,0,0,0,1,0,0,1,1,0,1,1,0,0,0,1,0,1,0,0,0,0,1,-17.019093351225646,240.001,5.2525598122149894e-08,5.2525598122149894e-08,25.777196583511785,25.777196583511785,23.609912799646303,23.609912799646303
1,0,0,1,1,1,0,0,0,0,0,0,0,1,0,1,0,1,0,0,0,1,1,1,0,0,1,0,1,0,0,1,1,0,1,0,1,1,1,1,0,1,0,0,0,0,1,0,1,1,0,0,0,1,1,1,0,0,1,0,0,0,1,0,0,1,1,0,1,1,0,0,0,1,0,1,0,0,0,0,4,-17.02130644218443,240.001,5.2548963411820776e-08,5.2548963411820776e-08,25.773052022863048,25.773052022863048,23.127262531324053,23.127262531324053
1,0,0,1,1,1,0,0,0,0,0,0,0,1,0,1,0,1,0,0,0,1,1,1,0,0,1,0,1,0,0,1,1,0,1,0,1,1,1,1,0,1,0,0,0,0,1,0,1,1,0,0,0,1,1,1,0,0,1,0,0,0,1,0,0,1,1,0,1,1,0,0,0,1,0,1,0,0,0,0,5,-17.02220631069689,240.001,5.255544226824132e-08,5.255544226824132e-08,25.77161673786108,25.77161673786108,22.945321711320453,22.945321711320453
1,0,0,1,1,1,0,0,0,0,0,0,0,1,0,1,0,1,0,0,0,1,1,1,0,0,1,0,1,0,0,1,1,0,1,0,1,1,1,1,0,1,0,0,0,0,1,0,1,1,0,0,0,1,1,1,0,0,1,0,0,0,1,0,0,1,1,0,1,1,0,0,0,1,0,1,0,0,0,0,6,-17.021260104631285,240.001,5.257677732943523e-08,5.257677732943523e-08,25.770800268410035,25.770800268410035,23.136839861417844,23.136839861417844
1,0,0,1,1,1,0,0,0,0,0,0,0,1,0,1,0,1,0,0,0,1,1,1,0,0,1,0,1,0,0,1,1,0,1,0,1,1,1,1,0,1,0,0,0,0,1,0,1,1,0,0,0,1,1,1,0,0,1,0,0,0,1,0,0,1,1,0,1,1,0,0,0,1,0,1,0,0,0,0,14,-17.020334044581094,240.001,5.269401143055525e-08,5.269401143055525e-08,25.76205334227765,25.76205334227765,23.332788125475258,23.332788125475258
1,0,0,1,1,1,0,0,0,0,0,0,0,1,0,1,0,1,0,0,0,1,1,1,0,0,1,0,1,0,0,1,1,0,1,0,1,1,1,1,0,1,0,0,0,0,1,0,1,1,0,0,0,1,1,1,0,0,1,0,0,0,1,0,0,1,1,0,1,1,0,0,0,1,0,1,0,0,0,0,16,-17.020993632440753,240.001,5.271613201897403e-08,5.271613201897403e-08,25.75957099821761,25.75957099821761,23.19232772508009,23.19232772508009
1,0,0,1,1,1,0,0,0,0,0,0,0,1,0,1,0,1,0,0,0,1,1,1,0,0,1,0,1,0,0,1,1,0,1,0,1,1,1,1,0,1,0,0,0,0,1,0,1,1,0,0,0,1,1,1,0,0,1,0,0,0,1,0,0,1,1,0,1,1,0,0,0,1,0,1,0,0,0,0,18,-17.020951465004593,240.001,5.2743915050866196e-08,5.2743915050866196e-08,25.757324902362466,25.757324902362466,23.201173327768664,23.201173327768664
1,0,0,1,1,1,0,0,0,0,0,0,0,1,0,1,0,1,0,0,0,1,1,1,0,0,1,0,1,0,0,1,1,0,1,0,1,1,1,1,0,1,0,0,0,0,1,0,1,1,0,0,0,1,1,1,0,0,1,0,0,0,1,0,0,1,1,0,1,1,0,0,0,1,0,1,0,0,0,0,22,-17.0226966981593,240.001,5.2784696084308586e-08,5.2784696084308586e-08,25.752223048006844,25.752223048006844,22.84927478238897,22.84927478238897
1,0,0,1,1,1,0,0,0,0,0,0,0,1,0,1,0,1,0,0,0,1,1,1,0,0,1,0,1,0,0,1,1,0,1,0,1,1,1,1,0,1,0,0,0,0,1,0,1,1,0,0,0,1,1,1,0,0,1,0,0,0,1,0,0,1,1,0,1,1,0,0,0,1,0,1,0,0,0,0,23,-17.023716303007323,240.001,5.2790173313059126e-08,5.2790173313059126e-08,25.750752818831614,25.750752818831614,22.656094322884826,22.656094322884826
1,0,0,1,1,1,0,0,0,0,0,0,0,1,0,1,0,1,0,0,0,1,1,1,0,0,1,0,1,0,0,1,1,0,1,0,1,1,1,1,0,1,0,0,0,0,1,0,1,1,0,0,0,1,1,1,0,0,1,0,0,0,1,0,0,1,1,0,1,1,0,0,0,1,0,1,0,0,0,0,24,-17.022961556756236,240.001,5.280998984507404e-08,5.280998984507404e-08,25.749877603471244,25.749877603471244,22.79826546603629,22.79826546603629
1,0,0,1,1,1,0,0,0,0,0,0,0,1,0,1,0,1,0,0,0,1,1,1,0,0,1,0,1,0,0,1,1,0,1,0,1,1,1,1,0,1,0,0,0,0,1,0,1,1,0,0,0,1,1,1,0,0,1,0,0,0,1,0,0,1,1,0,1,1,0,0,0,1,0,1,0,0,0,0,27,-17.02182376930684,240.001,5.286034614261017e-08,5.286034614261017e-08,25.74687620396716,25.74687620396716,23.021741439820303,23.021741439820303
1,0,0,1,1,1,0,0,0,0,0,0,0,1,0,1,0,1,0,0,0,1,1,1,0,0,1,0,1,0,0,1,1,0,1,0,1,1,1,1,0,1,0,0,0,0,1,0,1,1,0,0,0,1,1,1,0,0,1,0,0,0,1,0,0,1,1,0,1,1,0,0,0,1,0,1,0,0,0,0,29,-17.02191297207373,240.001,5.288706255632284e-08,5.288706255632284e-08,25.74459256609472,25.74459256609472,23.003801540442797,23.003801540442797
1,0,0,1,1,1,0,0,0,0,0,0,0,1,0,1,0,1,0,0,0,1,1,1,0,0,1,0,1,0,0,1,1,0,1,0,1,1,1,1,0,1,0,0,0,0,1,0,1,1,0,0,0,1,1,1,0,0,1,0,0,0,1,0,0,1,1,0,1,1,0,0,0,1,0,1,0,0,0,0,32,-17.02320183405189,240.001,5.291777895913175e-08,5.291777895913175e-08,25.740782087066236,25.740782087066236,22.752500285176453,22.752500285176453
1,0,0,1,1,1,0,0,0,0,0,0,0,1,0,1,0,1,0,0,0,1,1,1,0,0,1,0,1,0,0,1,1,0,1,0,1,1,1,1,0,1,0,0,0,0,1,0,1,1,0,0,0,1,1,1,0,0,1,0,0,0,1,0,0,1,1,0,1,1,0,0,0,1,0,1,0,0,0,0,33,-17.02350376369281,240.001,5.2929049152129846e-08,5.2929049152129846e-08,25.739555314851405,25.739555314851405,22.695664200119605,22.695664200119605
1,0,0,1,1,1,0,0,0,0,0,0,0,1,0,1,0,1,0,0,0,1,1,1,0,0,1,0,1,0,0,1,1,0,1,0,1,1,1,1,0,1,0,0,0,0,1,0,1,1,0,0,0,1,1,1,0,0,1,0,0,0,1,0,0,1,1,0,1,1,0,0,0,1,0,1,0,0,0,0,35,-17.02299916947307,240.001,5.296057170463628e-08,5.296057170463628e-08,25.737474184256435,25.737474184256435,22.7910696931266,22.7910696931266
1,0,0,1,1,1,0,0,0,0,0,0,0,1,0,1,0,1,0,0,0,1,1,1,0,0,1,0,1,0,0,1,1,0,1,0,1,1,1,1,0,1,0,0,0,0,1,0,1,1,0,0,0,1,1,1,0,0,1,0,0,0,1,0,0,1,1,0,1,1,0,0,0,1,0,1,0,0,0,0,37,-17.024283151662274,240.001,5.297759367533231e-08,5.297759367533231e-08,25.734794567551287,25.734794567551287,22.55228089898835,22.55228089898835
1,0,0,1,1,1,0,0,0,0,0,0,0,1,0,1,0,1,0,0,0,1,1,1,0,0,1,0,1,0,0,1,1,0,1,0,1,1,1,1,0,1,0,0,0,0,1,0,1,1,0,0,0,1,1,1,0,0,1,0,0,0,1,0,0,1,1,0,1,1,0,0,0,1,0,1,0,0,0,0,38,-17.02517820606901,240.001,5.298404934083331e-08,5.298404934083331e-08,25.733370329219547,25.733370329219547,22.39322437195376,22.39322437195376
1,0,0,1,1,1,0,0,0,0,0,0,0,1,0,1,0,1,0,0,0,1,1,1,0,0,1,0,1,0,0,1,1,0,1,0,1,1,1,1,0,1,0,0,0,0,1,0,1,1,0,0,0,1,1,1,0,0,1,0,0,0,1,0,0,1,1,0,1,1,0,0,0,1,0,1,0,0,0,0,39,-17.025096131019872,240.001,5.299842711805809e-08,5.299842711805809e-08,25.732274060535325,25.732274060535325,22.407570755162347,22.407570755162347
1,0,0,1,1,1,0,0,0,0,0,0,0,1,0,1,0,1,0,0,0,1,1,1,0,0,1,0,1,0,0,1,1,0,1,0,1,1,1,1,0,1,0,0,0,0,1,0,1,1,0,0,0,1,1,1,0,0,1,0,0,0,1,0,0,1,1,0,1,1,0,0,0,1,0,1,0,0,0,0,40,-17.024018494581934,240.001,5.302088330686995e-08,5.302088330686995e-08,25.731511919107824,25.731511919107824,22.60044357372219,22.60044357372219
1,0,0,1,1,1,0,0,0,0,0,0,0,1,0,1,0,1,0,0,0,1,1,1,0,0,1,0,1,0,0,1,1,0,1,0,1,1,1,1,0,1,0,0,0,0,1,0,1,1,0,0,0,1,1,1,0,0,1,0,0,0,1,0,0,1,1,0,1,1,0,0,0,1,0,1,0,0,0,0,42,-17.022034580222368,240.001,5.306442347577959e-08,5.306442347577959e-08,25.72993091826211,25.72993091826211,22.97946265448021,22.97946265448021
1,0,0,1,1,1,0,0,0,0,0,0,0,1,0,1,0,1,0,0,0,1,1,1,0,0,1,0,1,0,0,1,1,0,1,0,1,1,1,1,0,1,0,0,0,0,1,0,1,1,0,0,0,1,1,1,0,0,1,0,0,0,1,0,0,1,1,0,1,1,0,0,0,1,0,1,0,0,0,0,47,-17.021607566951616,240.001,5.313648971089997e-08,5.313648971089997e-08,25.72446382533185,25.72446382533185,23.065531120255322,23.065531120255322
1,0,0,1,1,1,0,0,0,0,0,0,0,1,0,1,0,1,0,0,0,1,1,1,0,0,1,0,1,0,0,1,1,0,1,0,1,1,1,1,0,1,0,0,0,0,1,0,1,1,0,0,0,1,1,1,0,0,1,0,0,0,1,0,0,1,1,0,1,1,0,0,0,1,0,1,0,0,0,0,49,-17.022835579500203,240.001,5.31539353726622e-08,5.31539353726622e-08,25.721810180192453,25.721810180192453,22.82245321061948,22.82245321061948
1,0,0,1,1,1,0,0,0,0,0,0,0,1,0,1,0,1,0,0,0,1,1,1,0,0,1,0,1,0,0,1,1,0,1,0,1,1,1,1,0,1,0,0,0,0,1,0,1,1,0,0,0,1,1,1,0,0,1,0,0,0,1,0,0,1,1,0,1,1,0,0,0,1,0,1,0,0,0,0,50,-17.022641463201502,240.001,5.316923260088879e-08,5.316923260088879e-08,25.720754615545847,25.720754615545847,22.859988050312783,22.859988050312783
1,0,0,1,1,1,0,0,0,0,0,0,0,1,0,1,0,1,0,0,0,1,1,1,0,0,1,0,1,0,0,1,1,0,1,0,1,1,1,1,0,1,0,0,0,0,1,0,1,1,0,0,0,1,1,1,0,0,1,0,0,0,1,0,0,1,1,0,1,1,0,0,0,1,0,1,0,0,0,0,54,-17.0229031616774,240.001,5.322197099404471e-08,5.322197099404471e-08,25.7161872988921,25.7161872988921,22.809460712878415,22.809460712878415
1,0,0,1,1,1,0,0,0,0,0,0,0,1,0,1,0,1,0,0,0,1,1,1,0,0,1,0,1,0,0,1,1,0,1,0,1,1,1,1,0,1,0,0,0,0,1,0,1,1,0,0,0,1,1,1,0,0,1,0,0,0,1,0,0,1,1,0,1,1,0,0,0,1,0,1,0,0,0,0,55,-17.023777398853245,240.001,5.322856383734826e-08,5.322856383734826e-08,25.71477511505869,25.71477511505869,22.64478573837782,22.64478573837782
1,0,0,1,1,1,0,0,0,0,0,0,0,1,0,1,0,1,0,0,0,1,1,1,0,0,1,0,1,0,0,1,1,0,1,0,1,1,1,1,0,1,0,0,0,0,1,0,1,1,0,0,0,1,1,1,0,0,1,0,0,0,1,0,0,1,1,0,1,1,0,0,0,1,0,1,0,0,0,0,56,-17.02287209111047,240.001,5.3249657911376723e-08,5.3249657911376723e-08,25.71395968781532,25.71395968781532,22.81542914692495,22.81542914692495
1,0,0,1,1,1,0,0,0,0,0,0,0,1,0,1,0,1,0,0,0,1,1,1,0,0,1,0,1,0,0,1,1,0,1,0,1,1,1,1,0,1,0,0,0,0,1,0,1,1,0,0,0,1,1,1,0,0,1,0,0,0,1,0,0,1,1,0,1,1,0,0,0,1,0,1,0,0,0,0,59,-17.020959088986352,240.001,5.330641707982994e-08,5.330641707982994e-08,25.71124598123417,25.71124598123417,23.199572691420833,23.199572691420833
1,0,0,1,1,1,0,0,0,0,0,0,0,1,0,1,0,1,0,0,0,1,1,1,0,0,1,0,1,0,0,1,1,0,1,0,1,1,1,1,0,1,0,0,0,0,1,0,1,1,0,0,0,1,1,1,0,0,1,0,0,0,1,0,0,1,1,0,1,1,0,0,0,1,0,1,0,0,0,0,63,-17.020791183134016,240.001,5.336267262358569e-08,5.336267262358569e-08,25.706833089676017,25.706833089676017,23.2349607565768,23.2349607565768
1,0,0,1,1,1,0,0,0,0,0,0,0,1,0,1,0,1,0,0,0,1,1,1,0,0,1,0,1,0,0,1,1,0,1,0,1,1,1,1,0,1,0,0,0,0,1,0,1,1,0,0,0,1,1,1,0,0,1,0,0,0,1,0,0,1,1,0,1,1,0,0,0,1,0,1,0,0,0,0,66,-17.02228799628795,240.001,5.3391600338269666e-08,5.3391600338269666e-08,25.702982619507658,25.702982619507658,22.929175420235893,22.929175420235893
1,0,0,1,1,1,0,0,0,0,0,0,0,1,0,1,0,1,0,0,0,1,1,1,0,0,1,0,1,0,0,1,1,0,1,0,1,1,1,1,0,1,0,0,0,0,1,0,1,1,0,0,0,1,1,1,0,0,1,0,0,0,1,0,0,1,1,0,1,1,0,0,0,1,0,1,0,0,0,0,67,-17.022535735449015,240.001,5.340329308845292e-08,5.340329308845292e-08,25.7017838803989,25.7017838803989,22.88056842501615,22.88056842501615
1,0,0,1,1,1,0,0,0,0,0,0,0,1,0,1,0,1,0,0,0,1,1,1,0,0,1,0,1,0,0,1,1,0,1,0,1,1,1,1,0,1,0,0,0,0,1,0,1,1,0,0,0,1,1,1,0,0,1,0,0,0,1,0,0,1,1,0,1,1,0,0,0,1,0,1,0,0,0,0,69,-17.022359055061024,240.001,5.343217346780138e-08,5.343217346780138e-08,25.699612540958615,25.699612540958615,22.915178079197464,22.915178079197464
1,0,0,1,1,1,0,0,0,0,0,0,0,1,0,1,0,1,0,0,0,1,1,1,0,0,1,0,1,0,0,1,1,0,1,0,1,1,1,1,0,1,0,0,0,0,1,0,1,1,0,0,0,1,1,1,0,0,1,0,0,0,1,0,0,1,1,0,1,1,0,0,0,1,0,1,0,0,0,0,70,-17.02190896497466,240.001,5.344957444442504e-08,5.344957444442504e-08,25.69864851715898,25.69864851715898,23.00460584317713,23.00460584317713
1,0,0,1,1,1,0,0,0,0,0,0,0,1,0,1,0,1,0,0,0,1,1,1,0,0,1,0,1,0,0,1,1,0,1,0,1,1,1,1,0,1,0,0,0,0,1,0,1,1,0,0,0,1,1,1,0,0,1,0,0,0,1,0,0,1,1,0,1,1,0,0,0,1,0,1,0,0,0,0,74,-17.020096244557706,240.001,5.3519301121604925e-08,5.3519301121604925e-08,25.69479941954347,25.69479941954347,23.384557883687958,23.384557883687958
1,0,0,1,1,1,0,0,0,0,0,0,0,1,0,1,0,1,0,0,0,1,1,1,0,0,1,0,1,0,0,1,1,0,1,0,1,1,1,1,0,1,0,0,0,0,1,0,1,1,0,0,0,1,1,1,0,0,1,0,0,0,1,0,0,1,1,0,1,1,0,0,0,1,0,1,0,0,0,0,76,-17.01961778611441,240.001,5.3550669903757855e-08,5.3550669903757855e-08,25.692733132853782,25.692733132853782,23.490618946283654,23.490618946283654
1,0,0,1,1,1,0,0,0,0,0,0,0,1,0,1,0,1,0,0,0,1,1,1,0,0,1,0,1,0,0,1,1,0,1,0,1,1,1,1,0,1,0,0,0,0,1,0,1,1,0,0,0,1,1,1,0,0,1,0,0,0,1,0,0,1,1,0,1,1,0,0,0,1,0,1,0,1,0,0,1,-17.019117348212752,240.001,5.2525405161799845e-08,5.2525405161799845e-08,25.777188540987297,25.777188540987297,23.604382355868854,23.604382355868854
1,0,0,1,1,1,0,0,0,0,0,0,0,1,0,1,0,1,0,0,0,1,1,1,0,0,1,0,1,0,0,1,1,0,1,0,1,1,1,1,0,1,0,0,0,0,1,0,1,1,0,0,0,1,1,1,0,0,1,0,0,0,1,0,0,1,1,0,1,1,0,0,0,1,0,1,0,1,0,0,4,-17.021331391062887,240.001,5.254876276462414e-08,5.254876276462414e-08,25.773043656640272,25.773043656640272,23.122114635474233,23.122114635474233
1,0,0,1,1,1,0,0,0,0,0,0,0,1,0,1,0,1,0,0,0,1,1,1,0,0,1,0,1,0,0,1,1,0,1,0,1,1,1,1,0,1,0,0,0,0,1,0,1,1,0,0,0,1,1,1,0,0,1,0,0,0,1,0,0,1,1,0,1,1,0,0,0,1,0,1,0,1,0,0,5,-17.022231592820837,240.001,5.2555238938919815e-08,5.2555238938919815e-08,25.77160825798812,25.77160825798812,22.94031796353377,22.94031796353377
1,0,0,1,1,1,0,0,0,0,0,0,0,1,0,1,0,1,0,0,0,1,1,1,0,0,1,0,1,0,0,1,1,0,1,0,1,1,1,1,0,1,0,0,0,0,1,0,1,1,0,0,0,1,1,1,0,0,1,0,0,0,1,0,0,1,1,0,1,1,0,0,0,1,0,1,0,1,0,0,6,-17.02128574743551,240.001,5.257657098989103e-08,5.257657098989103e-08,25.770791669689885,25.770791669689885,23.13153725201112,23.13153725201112
1,0,0,1,1,1,0,0,0,0,0,0,0,1,0,1,0,1,0,0,0,1,1,1,0,0,1,0,1,0,0,1,1,0,1,0,1,1,1,1,0,1,0,0,0,0,1,0,1,1,0,0,0,1,1,1,0,0,1,0,0,0,1,0,0,1,1,0,1,1,0,0,0,1,0,1,0,1,0,0,14,-17.02036290341304,240.001,5.269377866610472e-08,5.269377866610472e-08,25.762043667511776,25.762043667511776,23.32654706603674,23.32654706603674
1,0,0,1,1,1,0,0,0,0,0,0,0,1,0,1,0,1,0,0,0,1,1,1,0,0,1,0,1,0,0,1,1,0,1,0,1,1,1,1,0,1,0,0,0,0,1,0,1,1,0,0,0,1,1,1,0,0,1,0,0,0,1,0,0,1,1,0,1,1,0,0,0,1,0,1,0,1,0,0,16,-17.021023414979418,240.001,5.271589172301408e-08,5.271589172301408e-08,25.7595610121707,25.7595610121707,23.18609093018319,23.18609093018319
1,0,0,1,1,1,0,0,0,0,0,0,0,1,0,1,0,1,0,0,0,1,1,1,0,0,1,0,1,0,0,1,1,0,1,0,1,1,1,1,0,1,0,0,0,0,1,0,1,1,0,0,0,1,1,1,0,0,1,0,0,0,1,0,0,1,1,0,1,1,0,0,0,1,0,1,0,1,0,0,18,-17.020982241133645,240.001,5.2743666605177564e-08,5.2743666605177564e-08,25.757314583350727,25.757314583350727,23.194715550177804,23.194715550177804
1,0,0,1,1,1,0,0,0,0,0,0,0,1,0,1,0,1,0,0,0,1,1,1,0,0,1,0,1,0,0,1,1,0,1,0,1,1,1,1,0,1,0,0,0,0,1,0,1,1,0,0,0,1,1,1,0,0,1,0,0,0,1,0,0,1,1,0,1,1,0,0,0,1,0,1,0,1,0,0,22,-17.02272965093503,240.001,5.278442992037618e-08,5.278442992037618e-08,25.75221199434717,25.75221199434717,22.84289582338141,22.84289582338141
1,0,0,1,1,1,0,0,0,0,0,0,0,1,0,1,0,1,0,0,0,1,1,1,0,0,1,0,1,0,0,1,1,0,1,0,1,1,1,1,0,1,0,0,0,0,1,0,1,1,0,0,0,1,1,1,0,0,1,0,0,0,1,0,0,1,1,0,1,1,0,0,0,1,0,1,0,1,0,0,23,-17.023749842168034,240.001,5.2789902419342137e-08,5.2789902419342137e-08,25.750741565626967,25.750741565626967,22.64988273958203,22.64988273958203
1,0,0,1,1,1,0,0,0,0,0,0,0,1,0,1,0,1,0,0,0,1,1,1,0,0,1,0,1,0,0,1,1,0,1,0,1,1,1,1,0,1,0,0,0,0,1,0,1,1,0,0,0,1,1,1,0,0,1,0,0,0,1,0,0,1,1,0,1,1,0,0,0,1,0,1,0,1,0,0,24,-17.022995727307514,240.001,5.280971372014453e-08,5.280971372014453e-08,25.749866140715795,25.749866140715795,22.791727728696927,22.791727728696927
1,0,0,1,1,1,0,0,0,0,0,0,0,1,0,1,0,1,0,0,0,1,1,1,0,0,1,0,1,0,0,1,1,0,1,0,1,1,1,1,0,1,0,0,0,0,1,0,1,1,0,0,0,1,1,1,0,0,1,0,0,0,1,0,0,1,1,0,1,1,0,0,0,1,0,1,0,1,0,0,27,-17.02185996618465,240.001,5.2860053320339707e-08,5.2860053320339707e-08,25.746864065094602,25.746864065094602,23.014452859192232,23.014452859192232
1,0,0,1,1,1,0,0,0,0,0,0,0,1,0,1,0,1,0,0,0,1,1,1,0,0,1,0,1,0,0,1,1,0,1,0,1,1,1,1,0,1,0,0,0,0,1,0,1,1,0,0,0,1,1,1,0,0,1,0,0,0,1,0,0,1,1,0,1,1,0,0,0,1,0,1,0,1,0,0,29,-17.02195064558849,240.001,5.2886757636696e-08,5.2886757636696e-08,25.744579931840363,25.744579931840363,22.996246971456213,22.996246971456213
1,0,0,1,1,1,0,0,0,0,0,0,0,1,0,1,0,1,0,0,0,1,1,1,0,0,1,0,1,0,0,1,1,0,1,0,1,1,1,1,0,1,0,0,0,0,1,0,1,1,0,0,0,1,1,1,0,0,1,0,0,0,1,0,0,1,1,0,1,1,0,0,0,1,0,1,0,1,0,0,32,-17.023241945283086,240.001,5.2917454173227564e-08,5.2917454173227564e-08,25.74076863098982,25.74076863098982,22.744906881563132,22.744906881563132
1,0,0,1,1,1,0,0,0,0,0,0,0,1,0,1,0,1,0,0,0,1,1,1,0,0,1,0,1,0,0,1,1,0,1,0,1,1,1,1,0,1,0,0,0,0,1,0,1,1,0,0,0,1,1,1,0,0,1,0,0,0,1,0,0,1,1,0,1,1,0,0,0,1,0,1,0,1,0,0,33,-17.023544762098176,240.001,5.2928717123418275e-08,5.2928717123418275e-08,25.73954156021706,25.73954156021706,22.688003283961322,22.688003283961322
1,0,0,1,1,1,0,0,0,0,0,0,0,1,0,1,0,1,0,0,0,1,1,1,0,0,1,0,1,0,0,1,1,0,1,0,1,1,1,1,0,1,0,0,0,0,1,0,1,1,0,0,0,1,1,1,0,0,1,0,0,0,1,0,0,1,1,0,1,1,0,0,0,1,0,1,0,1,0,0,35,-17.023042083743086,240.001,5.296022392894292e-08,5.296022392894292e-08,25.737459788855386,25.737459788855386,22.782874127756866,22.782874127756866
1,0,0,1,1,1,0,0,0,0,0,0,0,1,0,1,0,1,0,0,0,1,1,1,0,0,1,0,1,0,0,1,1,0,1,0,1,1,1,1,0,1,0,0,0,0,1,0,1,1,0,0,0,1,1,1,0,0,1,0,0,0,1,0,0,1,1,0,1,1,0,0,0,1,0,1,0,1,0,0,37,-17.024328137842154,240.001,5.297722905040957e-08,5.297722905040957e-08,25.734779472335845,25.734779472335845,22.544146808454435,22.544146808454435
1,0,0,1,1,1,0,0,0,0,0,0,0,1,0,1,0,1,0,0,0,1,1,1,0,0,1,0,1,0,0,1,1,0,1,0,1,1,1,1,0,1,0,0,0,0,1,0,1,1,0,0,0,1,1,1,0,0,1,0,0,0,1,0,0,1,1,0,1,1,0,0,0,1,0,1,0,1,0,0,38,-17.025224301768837,240.001,5.2983675718750964e-08,5.2983675718750964e-08,25.73335485831771,25.73335485831771,22.38518764752157,22.38518764752157
1,0,0,1,1,1,0,0,0,0,0,0,0,1,0,1,0,1,0,0,0,1,1,1,0,0,1,0,1,0,0,1,1,0,1,0,1,1,1,1,0,1,0,0,0,0,1,0,1,1,0,0,0,1,1,1,0,0,1,0,0,0,1,0,0,1,1,0,1,1,0,0,0,1,0,1,0,1,0,0,39,-17.025143410894422,240.001,5.299804378787044e-08,5.299804378787044e-08,25.73225819268493,25.73225819268493,22.399300673490544,22.399300673490544
1,0,0,1,1,1,0,0,0,0,0,0,0,1,0,1,0,1,0,0,0,1,1,1,0,0,1,0,1,0,0,1,1,0,1,0,1,1,1,1,0,1,0,0,0,0,1,0,1,1,0,0,0,1,1,1,0,0,1,0,0,0,1,0,0,1,1,0,1,1,0,0,0,1,0,1,0,1,0,0,40,-17.024067039535662,240.001,5.302048949631211e-08,5.302048949631211e-08,25.73149563132838,25.73149563132838,22.591569420105753,22.591569420105753
1,0,0,1,1,1,0,0,0,0,0,0,0,1,0,1,0,1,0,0,0,1,1,1,0,0,1,0,1,0,0,1,1,0,1,0,1,1,1,1,0,1,0,0,0,0,1,0,1,1,0,0,0,1,1,1,0,0,1,0,0,0,1,0,0,1,1,0,1,1,0,0,0,1,0,1,0,1,0,0,42,-17.022085862085138,240.001,5.30640070123531e-08,5.30640070123531e-08,25.729913721096,25.729913721096,22.969239549412638,22.969239549412638
1,0,0,1,1,1,0,0,0,0,0,0,0,1,0,1,0,1,0,0,0,1,1,1,0,0,1,0,1,0,0,1,1,0,1,0,1,1,1,1,0,1,0,0,0,0,1,0,1,1,0,0,0,1,1,1,0,0,1,0,0,0,1,0,0,1,1,0,1,1,0,0,0,1,0,1,0,1,0,0,47,-17.02166713135907,240.001,5.313600529796669e-08,5.313600529796669e-08,25.72444385308112,25.72444385308112,23.053423016693564,23.053423016693564
1,0,0,1,1,1,0,0,0,0,0,0,0,1,0,1,0,1,0,0,0,1,1,1,0,0,1,0,1,0,0,1,1,0,1,0,1,1,1,1,0,1,0,0,0,0,1,0,1,1,0,0,0,1,1,1,0,0,1,0,0,0,1,0,0,1,1,0,1,1,0,0,0,1,0,1,0,1,0,0,49,-17.022899223258726,240.001,5.315341769275764e-08,5.315341769275764e-08,25.721788833701137,25.721788833701137,22.810216803544158,22.810216803544158
1,0,0,1,1,1,0,0,0,0,0,0,0,1,0,1,0,1,0,0,0,1,1,1,0,0,1,0,1,0,0,1,1,0,1,0,1,1,1,1,0,1,0,0,0,0,1,0,1,1,0,0,0,1,1,1,0,0,1,0,0,0,1,0,0,1,1,0,1,1,0,0,0,1,0,1,0,1,0,0,50,-17.022707386365905,240.001,5.316869620884083e-08,5.316869620884083e-08,25.720732505931167,25.720732505931167,22.847204750590517,22.847204750590517
1,0,0,1,1,1,0,0,0,0,0,0,0,1,0,1,0,1,0,0,0,1,1,1,0,0,1,0,1,0,0,1,1,0,1,0,1,1,1,1,0,1,0,0,0,0,1,0,1,1,0,0,0,1,1,1,0,0,1,0,0,0,1,0,0,1,1,0,1,1,0,0,0,1,0,1,0,1,0,0,54,-17.02298006688212,240.001,5.3221344641391117e-08,5.3221344641391117e-08,25.716161504741102,25.716161504741102,22.794722770311516,22.794722770311516
1,0,0,1,1,1,0,0,0,0,0,0,0,1,0,1,0,1,0,0,0,1,1,1,0,0,1,0,1,0,0,1,1,0,1,0,1,1,1,1,0,1,0,0,0,0,1,0,1,1,0,0,0,1,1,1,0,0,1,0,0,0,1,0,0,1,1,0,1,1,0,0,0,1,0,1,0,1,0,0,55,-17.023857623098287,240.001,5.322791044028894e-08,5.322791044028894e-08,25.714748202129712,25.714748202129712,22.629980905413113,22.629980905413113
1,0,0,1,1,1,0,0,0,0,0,0,0,1,0,1,0,1,0,0,0,1,1,1,0,0,1,0,1,0,0,1,1,0,1,0,1,1,1,1,0,1,0,0,0,0,1,0,1,1,0,0,0,1,1,1,0,0,1,0,0,0,1,0,0,1,1,0,1,1,0,0,0,1,0,1,0,1,0,0,56,-17.022955993580172,240.001,5.3248974200166506e-08,5.3248974200166506e-08,25.713931547940867,25.713931547940867,22.7993307772374,22.7993307772374
1,0,0,1,1,1,0,0,0,0,0,0,0,1,0,1,0,1,0,0,0,1,1,1,0,0,1,0,1,0,0,1,1,0,1,0,1,1,1,1,0,1,0,0,0,0,1,0,1,1,0,0,0,1,1,1,0,0,1,0,0,0,1,0,0,1,1,0,1,1,0,0,0,1,0,1,0,1,0,0,59,-17.021056314865206,240.001,5.3305623751145095e-08,5.3305623751145095e-08,25.71121338938117,25.71121338938117,23.179211674337594,23.179211674337594
1,0,0,1,1,1,0,0,0,0,0,0,0,1,0,1,0,1,0,0,0,1,1,1,0,0,1,0,1,0,0,1,1,0,1,0,1,1,1,1,0,1,0,0,0,0,1,0,1,1,0,0,0,1,1,1,0,0,1,0,0,0,1,0,0,1,1,0,1,1,0,0,0,1,0,1,0,1,0,0,63,-17.020914352678275,240.001,5.3361666512107316e-08,5.3361666512107316e-08,25.70679180373334,25.70679180373334,23.208973366251413,23.208973366251413
1,0,0,1,1,1,0,0,0,0,0,0,0,1,0,1,0,1,0,0,0,1,1,1,0,0,1,0,1,0,0,1,1,0,1,0,1,1,1,1,0,1,0,0,0,0,1,0,1,1,0,0,0,1,1,1,0,0,1,0,0,0,1,0,0,1,1,0,1,1,0,0,0,1,0,1,0,1,0,0,66,-17.022441884794336,240.001,5.339034284549041e-08,5.339034284549041e-08,25.702931018365373,25.702931018365373,22.898918515559483,22.898918515559483
1,0,0,1,1,1,0,0,0,0,0,0,0,1,0,1,0,1,0,0,0,1,1,1,0,0,1,0,1,0,0,1,1,0,1,0,1,1,1,1,0,1,0,0,0,0,1,0,1,1,0,0,0,1,1,1,0,0,1,0,0,0,1,0,0,1,1,0,1,1,0,0,0,1,0,1,0,1,0,0,67,-17.022703611220887,240.001,5.3401921021386016e-08,5.3401921021386016e-08,25.701727587410872,25.701727587410872,22.847935787349574,22.847935787349574
1,0,0,1,1,1,0,0,0,0,0,0,0,1,0,1,0,1,0,0,0,1,1,1,0,0,1,0,1,0,0,1,1,0,1,0,1,1,1,1,0,1,0,0,0,0,1,0,1,1,0,0,0,1,1,1,0,0,1,0,0,0,1,0,0,1,1,0,1,1,0,0,0,1,0,1,0,1,0,0,69,-17.022564280543676,240.001,5.343049516679384e-08,5.343049516679384e-08,25.699543729225674,25.699543729225674,22.875002427588832,22.875002427588832
1,0,0,1,1,1,0,0,0,0,0,0,0,1,0,1,0,1,0,0,0,1,1,1,0,0,1,0,1,0,0,1,1,0,1,0,1,1,1,1,0,1,0,0,0,0,1,0,1,1,0,0,0,1,1,1,0,0,1,0,0,0,1,0,0,1,1,0,1,1,0,0,0,1,0,1,0,1,0,0,70,-17.022139916085088,240.001,5.344768500045035e-08,5.344768500045035e-08,25.698571091984842,25.698571091984842,22.958489672884834,22.958489672884834
1,0,0,1,1,1,0,0,0,0,0,0,0,1,0,1,0,1,0,0,0,1,1,1,0,0,1,0,1,0,0,1,1,0,1,0,1,1,1,1,0,1,0,0,0,0,1,0,1,1,0,0,0,1,1,1,0,0,1,0,0,0,1,0,0,1,1,0,1,1,0,0,0,1,0,1,0,1,0,0,74,-17.020558999462285,240.001,5.351550939821566e-08,5.351550939821566e-08,25.694644363515096,25.694644363515096,23.284373796078466,23.284373796078466
1,0,0,1,1,1,0,0,0,0,0,0,0,1,0,1,0,1,0,0,0,1,1,1,0,0,1,0,1,0,0,1,1,0,1,0,1,1,1,1,0,1,0,0,0,0,1,0,1,1,0,0,0,1,1,1,0,0,1,0,0,0,1,0,0,1,1,0,1,1,0,0,0,1,0,1,0,1,0,0,76,-17.020547565080296,240.001,5.354304639543245e-08,5.354304639543245e-08,25.69242166235985,25.69242166235985,23.286821764420257,23.286821764420257
1,0,0,1,1,1,0,0,0,0,0,0,0,1,0,1,0,1,0,0,0,1,1,1,0,0,1,0,1,0,0,1,1,0,1,0,1,1,1,1,0,1,0,0,0,0,1,0,1,1,0,0,0,1,1,1,0,0,1,0,0,0,1,0,0,1,1,0,1,1,0,0,0,1,0,1,0,1,0,0,78,-17.019783591729475,240.001,5.3576757393584496e-08,5.3576757393584496e-08,25.690452154049513,25.690452154049513,23.453571735167657,23.453571735167657
1,0,0,1,1,1,1,0,0,0,0,0,0,1,0,1,0,1,0,0,0,1,1,1,0,0,1,0,1,0,0,1,1,0,1,0,1,1,1,1,0,1,0,0,0,0,1,0,1,1,0,0,0,1,1,1,0,0,1,0,0,0,1,0,0,1,1,0,1,1,0,0,0,1,0,1,0,1,0,0,1,-17.019425441920347,240.001,5.2522928001577424e-08,5.2522928001577424e-08,25.777085270523095,25.777085270523095,23.53399380524065,23.53399380524065
1,0,0,1,1,1,1,0,0,0,0,0,0,1,0,1,0,1,0,0,0,1,1,1,0,0,1,0,1,0,0,1,1,0,1,0,1,1,1,1,0,1,0,0,0,0,1,0,1,1,0,0,0,1,1,1,0,0,1,0,0,0,1,0,0,1,1,0,1,1,0,0,0,1,0,1,0,1,0,0,4,-17.02194832878297,240.001,5.254380145290007e-08,5.254380145290007e-08,25.772836770824895,25.772836770824895,22.996711177120453,22.996711177120453
1,0,0,1,1,1,1,0,0,0,0,0,0,1,0,1,0,1,0,0,0,1,1,1,0,0,1,0,1,0,0,1,1,0,1,0,1,1,1,1,0,1,0,0,0,0,1,0,1,1,0,0,0,1,1,1,0,0,1,0,0,0,1,0,0,1,1,0,1,1,0,0,0,1,0,1,0,1,0,0,5,-17.023159812394397,240.001,5.254777389324404e-08,5.254777389324404e-08,25.771296962337527,25.771296962337527,22.760469539583276,22.760469539583276
1,0,0,1,1,1,1,0,0,0,0,0,0,1,0,1,0,1,0,0,0,1,1,1,0,0,1,0,1,0,0,1,1,0,1,0,1,1,1,1,0,1,0,0,0,0,1,0,1,1,0,0,0,1,1,1,0,0,1,0,0,0,1,0,0,1,1,0,1,1,0,0,0,1,0,1,0,1,0,0,6,-17.023174850158632,240.001,5.2561369417782496e-08,5.2561369417782496e-08,25.77015843309908,25.77015843309908,22.75761601068912,22.75761601068912
1,0,0,1,1,1,1,0,0,0,0,0,0,1,0,1,0,1,0,0,0,1,1,1,0,0,1,0,1,0,0,1,1,0,1,0,1,1,1,1,0,1,0,0,0,0,1,0,1,1,0,0,0,1,1,1,0,0,1,0,0,0,1,0,0,1,1,0,1,1,0,0,0,1,0,1,0,1,0,0,7,-17.0219664202573,240.001,5.2584813042359476e-08,5.2584813042359476e-08,25.769430237871454,25.769430237871454,22.993087599039267,22.993087599039267
1,0,0,1,1,1,1,0,0,0,0,0,0,1,0,1,0,1,0,0,0,1,1,1,0,0,1,0,1,0,0,1,1,0,1,0,1,1,1,1,0,1,0,0,0,0,1,0,1,1,0,0,0,1,1,1,0,0,1,0,0,0,1,0,0,1,1,0,1,1,0,0,0,1,0,1,0,1,0,0,14,-17.02062690017513,240.001,5.2691649352313174e-08,5.2691649352313174e-08,25.761955169250275,25.761955169250275,23.269865267153328,23.269865267153328
1,0,0,1,1,1,1,0,0,0,0,0,0,1,0,1,0,1,0,0,0,1,1,1,0,0,1,0,1,0,0,1,1,0,1,0,1,1,1,1,0,1,0,0,0,0,1,0,1,1,0,0,0,1,1,1,0,0,1,0,0,0,1,0,0,1,1,0,1,1,0,0,0,1,0,1,0,1,0,0,16,-17.021228634336158,240.001,5.2714235986676146e-08,5.2714235986676146e-08,25.759492201100805,25.759492201100805,23.14335634074802,23.14335634074802
1,0,0,1,1,1,1,0,0,0,0,0,0,1,0,1,0,1,0,0,0,1,1,1,0,0,1,0,1,0,0,1,1,0,1,0,1,1,1,1,0,1,0,0,0,0,1,0,1,1,0,0,0,1,1,1,0,0,1,0,0,0,1,0,0,1,1,0,1,1,0,0,0,1,0,1,0,1,0,0,18,-17.021150121368706,240.001,5.2742311437740354e-08,5.2742311437740354e-08,25.757258289840458,25.757258289840458,23.159656382286542,23.159656382286542
1,0,0,1,1,1,1,0,0,0,0,0,0,1,0,1,0,1,0,0,0,1,1,1,0,0,1,0,1,0,0,1,1,0,1,0,1,1,1,1,0,1,0,0,0,0,1,0,1,1,0,0,0,1,1,1,0,0,1,0,0,0,1,0,0,1,1,0,1,1,0,0,0,1,0,1,0,1,0,0,22,-17.02285266075069,240.001,5.2783436434752866e-08,5.2783436434752866e-08,25.75217072632264,25.75217072632264,22.819165731446617,22.819165731446617
1,0,0,1,1,1,1,0,0,0,0,0,0,1,0,1,0,1,0,0,0,1,1,1,0,0,1,0,1,0,0,1,1,0,1,0,1,1,1,1,0,1,0,0,0,0,1,0,1,1,0,0,0,1,1,1,0,0,1,0,0,0,1,0,0,1,1,0,1,1,0,0,0,1,0,1,0,1,0,0,23,-17.023865112379504,240.001,5.278897148121626e-08,5.278897148121626e-08,25.75070288295165,25.75070288295165,22.628601368306,22.628601368306
1,0,0,1,1,1,1,0,0,0,0,0,0,1,0,1,0,1,0,0,0,1,1,1,0,0,1,0,1,0,0,1,1,0,1,0,1,1,1,1,0,1,0,0,0,0,1,0,1,1,0,0,0,1,1,1,0,0,1,0,0,0,1,0,0,1,1,0,1,1,0,0,0,1,0,1,0,1,0,0,24,-17.023104242941322,240.001,5.2808836929941055e-08,5.2808836929941055e-08,25.749829730814326,25.749829730814326,22.771030470911818,22.771030470911818
1,0,0,1,1,1,1,0,0,0,0,0,0,1,0,1,0,1,0,0,0,1,1,1,0,0,1,0,1,0,0,1,1,0,1,0,1,1,1,1,0,1,0,0,0,0,1,0,1,1,0,0,0,1,1,1,0,0,1,0,0,0,1,0,0,1,1,0,1,1,0,0,0,1,0,1,0,1,0,0,27,-17.021952238829382,240.001,5.285930696066667e-08,5.285930696066667e-08,25.74683311326881,25.74683311326881,22.9959277711307,22.9959277711307
1,0,0,1,1,1,1,0,0,0,0,0,0,1,0,1,0,1,0,0,0,1,1,1,0,0,1,0,1,0,0,1,1,0,1,0,1,1,1,1,0,1,0,0,0,0,1,0,1,1,0,0,0,1,1,1,0,0,1,0,0,0,1,0,0,1,1,0,1,1,0,0,0,1,0,1,0,1,0,0,29,-17.022034523298014,240.001,5.288607885284974e-08,5.288607885284974e-08,25.744551794732793,25.744551794732793,22.979474015737456,22.979474015737456
1,0,0,1,1,1,1,0,0,0,0,0,0,1,0,1,0,1,0,0,0,1,1,1,0,0,1,0,1,0,0,1,1,0,1,0,1,1,1,1,0,1,0,0,0,0,1,0,1,1,0,0,0,1,1,1,0,0,1,0,0,0,1,0,0,1,1,0,1,1,0,0,0,1,0,1,0,1,0,0,32,-17.023315718037097,240.001,5.291685692278579e-08,5.291685692278579e-08,25.740743874961765,25.740743874961765,22.730975447946875,22.730975447946875
1,0,0,1,1,1,1,0,0,0,0,0,0,1,0,1,0,1,0,0,0,1,1,1,0,0,1,0,1,0,0,1,1,0,1,0,1,1,1,1,0,1,0,0,0,0,1,0,1,1,0,0,0,1,1,1,0,0,1,0,0,0,1,0,0,1,1,0,1,1,0,0,0,1,0,1,0,1,0,0,33,-17.02361568725224,240.001,5.2928142831462e-08,5.2928142831462e-08,25.739517757531534,25.739517757531534,22.674781946080373,22.674781946080373
1,0,0,1,1,1,1,0,0,0,0,0,0,1,0,1,0,1,0,0,0,1,1,1,0,0,1,0,1,0,0,1,1,0,1,0,1,1,1,1,0,1,0,0,0,0,1,0,1,1,0,0,0,1,1,1,0,0,1,0,0,0,1,0,0,1,1,0,1,1,0,0,0,1,0,1,0,1,0,0,35,-17.02310795364221,240.001,5.2959690222157564e-08,5.2959690222157564e-08,25.737437685213756,25.737437685213756,22.770324458552604,22.770324458552604
1,0,0,1,1,1,1,0,0,0,0,0,0,1,0,1,0,1,0,0,0,1,1,1,0,0,1,0,1,0,0,1,1,0,1,0,1,1,1,1,0,1,0,0,0,0,1,0,1,1,0,0,0,1,1,1,0,0,1,0,0,0,1,0,0,1,1,0,1,1,0,0,0,1,0,1,0,1,0,0,37,-17.0243895844824,240.001,5.297673110907951e-08,5.297673110907951e-08,25.73475884591065,25.73475884591065,22.533060874318945,22.533060874318945
1,0,0,1,1,1,1,0,0,0,0,0,0,1,0,1,0,1,0,0,0,1,1,1,0,0,1,0,1,0,0,1,1,0,1,0,1,1,1,1,0,1,0,0,0,0,1,0,1,1,0,0,0,1,1,1,0,0,1,0,0,0,1,0,0,1,1,0,1,1,0,0,0,1,0,1,0,1,0,0,38,-17.02528374451405,240.001,5.298319401654206e-08,5.298319401654206e-08,25.733334899726703,25.733334899726703,22.374845664432573,22.374845664432573
1,0,0,1,1,1,1,0,0,0,0,0,0,1,0,1,0,1,0,0,0,1,1,1,0,0,1,0,1,0,0,1,1,0,1,0,1,1,1,1,0,1,0,0,0,0,1,0,1,1,0,0,0,1,1,1,0,0,1,0,0,0,1,0,0,1,1,0,1,1,0,0,0,1,0,1,0,1,0,0,39,-17.02520099665524,240.001,5.2997577005505956e-08,5.2997577005505956e-08,25.732238857750637,25.732238857750637,22.389249015182948,22.389249015182948
1,0,0,1,1,1,1,0,0,0,0,0,0,1,0,1,0,1,0,0,0,1,1,1,0,0,1,0,1,0,0,1,1,0,1,0,1,1,1,1,0,1,0,0,0,0,1,0,1,1,0,0,0,1,1,1,0,0,1,0,0,0,1,0,0,1,1,0,1,1,0,0,0,1,0,1,0,1,0,0,40,-17.024122902247015,240.001,5.302003642880549e-08,5.302003642880549e-08,25.731476879847158,25.731476879847158,22.58137982632811,22.58137982632811
1,0,0,1,1,1,1,0,0,0,0,0,0,1,0,1,0,1,0,0,0,1,1,1,0,0,1,0,1,0,0,1,1,0,1,0,1,1,1,1,0,1,0,0,0,0,1,0,1,1,0,0,0,1,1,1,0,0,1,0,0,0,1,0,0,1,1,0,1,1,0,0,0,1,0,1,0,1,0,0,42,-17.022138571637527,240.001,5.306357906044692e-08,5.306357906044692e-08,25.72989603677282,25.72989603677282,22.958756726284083,22.958756726284083
1,0,0,1,1,1,1,0,0,0,0,0,0,1,0,1,0,1,0,0,0,1,1,1,0,0,1,0,1,0,0,1,1,0,1,0,1,1,1,1,0,1,0,0,0,0,1,0,1,1,0,0,0,1,1,1,0,0,1,0,0,0,1,0,0,1,1,0,1,1,0,0,0,1,0,1,0,1,0,0,47,-17.02171325859914,240.001,5.313563026194012e-08,5.313563026194012e-08,25.724428378625497,25.724428378625497,23.044069411662967,23.044069411662967
1,0,0,1,1,1,1,0,0,0,0,0,0,1,0,1,0,1,0,0,0,1,1,1,0,0,1,0,1,0,0,1,1,0,1,0,1,1,1,1,0,1,0,0,0,0,1,0,1,1,0,0,0,1,1,1,0,0,1,0,0,0,1,0,0,1,1,0,1,1,0,0,0,1,0,1,0,1,0,0,49,-17.022943132486656,240.001,5.315306063166163e-08,5.315306063166163e-08,25.72177409854917,25.72177409854917,22.801794586677133,22.801794586677133
1,0,0,1,1,1,1,0,0,0,0,0,0,1,0,1,0,1,0,0,0,1,1,1,0,0,1,0,1,0,0,1,1,0,1,0,1,1,1,1,0,1,0,0,0,0,1,0,1,1,0,0,0,1,1,1,0,0,1,0,0,0,1,0,0,1,1,0,1,1,0,0,0,1,0,1,0,1,0,0,50,-17.022750276985256,240.001,5.316834732358541e-08,5.316834732358541e-08,25.720718113177888,25.720718113177888,22.83890779506747,22.83890779506747
1,0,0,1,1,1,1,0,0,0,0,0,0,1,0,1,0,1,0,0,0,1,1,1,0,0,1,0,1,0,0,1,1,0,1,0,1,1,1,1,0,1,0,0,0,0,1,0,1,1,0,0,0,1,1,1,0,0,1,0,0,0,1,0,0,1,1,0,1,1,0,0,0,1,0,1,0,1,0,0,54,-17.023019302534337,240.001,5.3221025183265976e-08,5.3221025183265976e-08,25.716148337448917,25.716148337448917,22.787222859957303,22.787222859957303
1,0,0,1,1,1,1,0,0,0,0,0,0,1,0,1,0,1,0,0,0,1,1,1,0,0,1,0,1,0,0,1,1,0,1,0,1,1,1,1,0,1,0,0,0,0,1,0,1,1,0,0,0,1,1,1,0,0,1,0,0,0,1,0,0,1,1,0,1,1,0,0,0,1,0,1,0,1,0,0,55,-17.023896027906588,240.001,5.322759774504682e-08,5.322759774504682e-08,25.714735310668818,25.714735310668818,22.622911289070572,22.622911289070572
1,0,0,1,1,1,1,0,0,0,0,0,0,1,0,1,0,1,0,0,0,1,1,1,0,0,1,0,1,0,0,1,1,0,1,0,1,1,1,1,0,1,0,0,0,0,1,0,1,1,0,0,0,1,1,1,0,0,1,0,0,0,1,0,0,1,1,0,1,1,0,0,0,1,0,1,0,1,0,0,56,-17.022993627181705,240.001,5.324866762843631e-08,5.324866762843631e-08,25.713918918162598,25.713918918162598,22.79212925650658,22.79212925650658
1,0,0,1,1,1,1,0,0,0,0,0,0,1,0,1,0,1,0,0,0,1,1,1,0,0,1,0,1,0,0,1,1,0,1,0,1,1,1,1,0,1,0,0,0,0,1,0,1,1,0,0,0,1,1,1,0,0,1,0,0,0,1,0,0,1,1,0,1,1,0,0,0,1,0,1,0,1,0,0,59,-17.021091802734194,240.001,5.330533428162161e-08,5.330533428162161e-08,25.71120148539494,25.71120148539494,23.171803417525126,23.171803417525126
1,0,0,1,1,1,1,0,0,0,0,0,0,1,0,1,0,1,0,0,0,1,1,1,0,0,1,0,1,0,0,1,1,0,1,0,1,1,1,1,0,1,0,0,0,0,1,0,1,1,0,0,0,1,1,1,0,0,1,0,0,0,1,0,0,1,1,0,1,1,0,0,0,1,0,1,0,1,0,0,63,-17.020947307116707,240.001,5.33613974207715e-08,5.33613974207715e-08,25.706780749880963,25.706780749880963,23.202046513650075,23.202046513650075
1,0,0,1,1,1,1,0,0,0,0,0,0,1,0,1,0,1,0,0,0,1,1,1,0,0,1,0,1,0,0,1,1,0,1,0,1,1,1,1,0,1,0,0,0,0,1,0,1,1,0,0,0,1,1,1,0,0,1,0,0,0,1,0,0,1,1,0,1,1,0,0,0,1,0,1,0,1,0,0,66,-17.02247314492654,240.001,5.33900875030177e-08,5.33900875030177e-08,25.70292052867332,25.70292052867332,22.89279782613616,22.89279782613616
1,0,0,1,1,1,1,0,0,0,0,0,0,1,0,1,0,1,0,0,0,1,1,1,0,0,1,0,1,0,0,1,1,0,1,0,1,1,1,1,0,1,0,0,0,0,1,0,1,1,0,0,0,1,1,1,0,0,1,0,0,0,1,0,0,1,1,0,1,1,0,0,0,1,0,1,0,1,0,0,67,-17.022734346959865,240.001,5.340166991715716e-08,5.340166991715716e-08,25.701717272929272,25.701717272929272,22.84198753083171,22.84198753083171
1,0,0,1,1,1,1,0,0,0,0,0,0,1,0,1,0,1,0,0,0,1,1,1,0,0,1,0,1,0,0,1,1,0,1,0,1,1,1,1,0,1,0,0,0,0,1,0,1,1,0,0,0,1,1,1,0,0,1,0,0,0,1,0,0,1,1,0,1,1,0,0,0,1,0,1,0,1,0,0,69,-17.022594026124118,240.001,5.343025201824462e-08,5.343025201824462e-08,25.69953374732385,25.69953374732385,22.869209888849376,22.869209888849376
1,0,0,1,1,1,1,0,0,0,0,0,0,1,0,1,0,1,0,0,0,1,1,1,0,0,1,0,1,0,0,1,1,0,1,0,1,1,1,1,0,1,0,0,0,0,1,0,1,1,0,0,0,1,1,1,0,0,1,0,0,0,1,0,0,1,1,0,1,1,0,0,0,1,0,1,0,1,0,0,70,-17.022169194013276,240.001,5.344744558523596e-08,5.344744558523596e-08,25.698561268021656,25.698561268021656,22.952678120537186,22.952678120537186
1,0,0,1,1,1,1,0,0,0,0,0,0,1,0,1,0,1,0,0,0,1,1,1,0,0,1,0,1,0,0,1,1,0,1,0,1,1,1,1,0,1,0,0,0,0,1,0,1,1,0,0,0,1,1,1,0,0,1,0,0,0,1,0,0,1,1,0,1,1,0,0,0,1,0,1,0,1,0,0,74,-17.02058654593818,240.001,5.351528381038472e-08,5.351528381038472e-08,25.694635124209917,25.694635124209917,23.278482049172787,23.278482049172787
1,0,0,1,1,1,1,0,0,0,0,0,0,1,0,1,0,1,0,0,0,1,1,1,0,0,1,0,1,0,0,1,1,0,1,0,1,1,1,1,0,1,0,0,0,0,1,0,1,1,0,0,0,1,1,1,0,0,1,0,0,0,1,0,0,1,1,0,1,1,0,0,0,1,0,1,0,1,0,0,76,-17.020574313006406,240.001,5.3542827234741344e-08,5.3542827234741344e-08,25.692412690873446,25.692412690873446,23.28109749402518,23.28109749402518
1,0,0,1,1,1,1,0,0,0,0,0,0,1,0,1,0,1,0,0,0,1,1,1,0,0,1,0,1,0,0,1,1,0,1,0,1,1,1,1,0,1,0,0,0,0,1,0,1,1,0,0,0,1,1,1,0,0,1,0,0,0,1,0,0,1,1,0,1,1,0,0,0,1,0,1,0,1,0,0,78,-17.019809593615488,240.001,5.357654419101293e-08,5.357654419101293e-08,25.690443434449534,25.690443434449534,23.447790367591992,23.447790367591992
1,0,0,1,1,1,1,0,0,1,0,0,0,1,0,1,0,1,0,0,0,1,1,1,0,0,1,0,1,0,0,1,1,0,1,0,1,1,1,1,0,1,0,0,0,0,1,0,1,1,0,0,0,1,1,1,0,0,1,0,0,0,1,0,0,1,1,0,1,1,0,0,0,1,0,1,0,1,0,0,1,-17.019630817437537,240.001,5.252127664921615e-08,5.252127664921615e-08,25.77701644194262,25.77701644194262,23.487695839537764,23.487695839537764
1,0,0,1,1,1,1,0,0,1,0,0,0,1,0,1,0,1,0,0,0,1,1,1,0,0,1,0,1,0,0,1,1,0,1,0,1,1,1,1,0,1,0,0,0,0,1,0,1,1,0,0,0,1,1,1,0,0,1,0,0,0,1,0,0,1,1,0,1,1,0,0,0,1,0,1,0,1,0,0,4,-17.022256243619736,240.001,5.254132534569453e-08,5.254132534569453e-08,25.772733520478507,25.772733520478507,22.93544468201711,22.93544468201711
1,0,0,1,1,1,1,0,0,1,0,0,0,1,0,1,0,1,0,0,0,1,1,1,0,0,1,0,1,0,0,1,1,0,1,0,1,1,1,1,0,1,0,0,0,0,1,0,1,1,0,0,0,1,1,1,0,0,1,0,0,0,1,0,0,1,1,0,1,1,0,0,0,1,0,1,0,1,0,0,5,-17.02352928806899,240.001,5.254480286907022e-08,5.254480286907022e-08,25.771173041476487,25.771173041476487,22.690893164755273,22.690893164755273
1,0,0,1,1,1,1,0,0,1,0,0,0,1,0,1,0,1,0,0,0,1,1,1,0,0,1,0,1,0,0,1,1,0,1,0,1,1,1,1,0,1,0,0,0,0,1,0,1,1,0,0,0,1,1,1,0,0,1,0,0,0,1,0,0,1,1,0,1,1,0,0,0,1,0,1,0,1,0,0,6,-17.023636998428927,240.001,5.2557652079126914e-08,5.2557652079126914e-08,25.7700034451587,25.7700034451587,22.670817084769432,22.670817084769432
1,0,0,1,1,1,1,0,0,1,0,0,0,1,0,1,0,1,0,0,0,1,1,1,0,0,1,0,1,0,0,1,1,0,1,0,1,1,1,1,0,1,0,0,0,0,1,0,1,1,0,0,0,1,1,1,0,0,1,0,0,0,1,0,0,1,1,0,1,1,0,0,0,1,0,1,0,1,0,0,7,-17.022583702815353,240.001,5.257984461899925e-08,5.257984461899925e-08,25.76922331348861,25.76922331348861,22.871219339110954,22.871219339110954
1,0,0,1,1,1,1,0,0,1,0,0,0,1,0,1,0,1,0,0,0,1,1,1,0,0,1,0,1,0,0,1,1,0,1,0,1,1,1,1,0,1,0,0,0,0,1,0,1,1,0,0,0,1,1,1,0,0,1,0,0,0,1,0,0,1,1,0,1,1,0,0,0,1,0,1,0,1,0,0,10,-17.02075819301115,240.001,5.2635704835363434e-08,5.2635704835363434e-08,25.766437378286817,25.766437378286817,23.241947660572777,23.241947660572777
1,0,0,1,1,1,1,0,0,1,0,0,0,1,0,1,0,1,0,0,0,1,1,1,0,0,1,0,1,0,0,1,1,0,1,0,1,1,1,1,0,1,0,0,0,0,1,0,1,1,0,0,0,1,1,1,0,0,1,0,0,0,1,0,0,1,1,0,1,1,0,0,0,1,0,1,0,1,0,0,14,-17.021089556039353,240.001,5.2687917332770795e-08,5.2687917332770795e-08,25.761800124348078,25.761800124348078,23.172272052751136,23.172272052751136
1,0,0,1,1,1,1,0,0,1,0,0,0,1,0,1,0,1,0,0,0,1,1,1,0,0,1,0,1,0,0,1,1,0,1,0,1,1,1,1,0,1,0,0,0,0,1,0,1,1,0,0,0,1,1,1,0,0,1,0,0,0,1,0,0,1,1,0,1,1,0,0,0,1,0,1,0,1,0,0,16,-17.021536707620022,240.001,5.2711750140391677e-08,5.2711750140391677e-08,25.759388932981974,25.759388932981974,23.07997911505327,23.07997911505327
1,0,0,1,1,1,1,0,0,1,0,0,0,1,0,1,0,1,0,0,0,1,1,1,0,0,1,0,1,0,0,1,1,0,1,0,1,1,1,1,0,1,0,0,0,0,1,0,1,1,0,0,0,1,1,1,0,0,1,0,0,0,1,0,0,1,1,0,1,1,0,0,0,1,0,1,0,1,0,0,18,-17.021381093226164,240.001,5.2740446771918804e-08,5.2740446771918804e-08,25.757180862332945,25.757180862332945,23.111877265226042,23.111877265226042
1,0,0,1,1,1,1,0,0,1,0,0,0,1,0,1,0,1,0,0,0,1,1,1,0,0,1,0,1,0,0,1,1,0,1,0,1,1,1,1,0,1,0,0,0,0,1,0,1,1,0,0,0,1,1,1,0,0,1,0,0,0,1,0,0,1,1,0,1,1,0,0,0,1,0,1,0,1,0,0,22,-17.023006495879184,240.001,5.278219384147497e-08,5.278219384147497e-08,25.75211913117556,25.75211913117556,22.78966944104685,22.78966944104685
1,0,0,1,1,1,1,0,0,1,0,0,0,1,0,1,0,1,0,0,0,1,1,1,0,0,1,0,1,0,0,1,1,0,1,0,1,1,1,1,0,1,0,0,0,0,1,0,1,1,0,0,0,1,1,1,0,0,1,0,0,0,1,0,0,1,1,0,1,1,0,0,0,1,0,1,0,1,0,0,23,-17.02400704794433,240.001,5.278782505485687e-08,5.278782505485687e-08,25.750655264823635,25.750655264823635,22.602538681258828,22.602538681258828
1,0,0,1,1,1,1,0,0,1,0,0,0,1,0,1,0,1,0,0,0,1,1,1,0,0,1,0,1,0,0,1,1,0,1,0,1,1,1,1,0,1,0,0,0,0,1,0,1,1,0,0,0,1,1,1,0,0,1,0,0,0,1,0,0,1,1,0,1,1,0,0,0,1,0,1,0,1,0,0,24,-17.02323606984982,240.001,5.2807771663638444e-08,5.2807771663638444e-08,25.749785511202287,25.749785511202287,22.746018326771022,22.746018326771022
1,0,0,1,1,1,1,0,0,1,0,0,0,1,0,1,0,1,0,0,0,1,1,1,0,0,1,0,1,0,0,1,1,0,1,0,1,1,1,1,0,1,0,0,0,0,1,0,1,1,0,0,0,1,1,1,0,0,1,0,0,0,1,0,0,1,1,0,1,1,0,0,0,1,0,1,0,1,0,0,27,-17.022060840488226,240.001,5.285842841748925e-08,5.285842841748925e-08,25.746796693718807,25.746796693718807,22.97422464562445,22.97422464562445
1,0,0,1,1,1,1,0,0,1,0,0,0,1,0,1,0,1,0,0,0,1,1,1,0,0,1,0,1,0,0,1,1,0,1,0,1,1,1,1,0,1,0,0,0,0,1,0,1,1,0,0,0,1,1,1,0,0,1,0,0,0,1,0,0,1,1,0,1,1,0,0,0,1,0,1,0,1,0,0,29,-17.022131684749017,240.001,5.288529247634212e-08,5.288529247634212e-08,25.7445192101089,25.7445192101089,22.960124954831876,22.960124954831876
1,0,0,1,1,1,1,0,0,1,0,0,0,1,0,1,0,1,0,0,0,1,1,1,0,0,1,0,1,0,0,1,1,0,1,0,1,1,1,1,0,1,0,0,0,0,1,0,1,1,0,0,0,1,1,1,0,0,1,0,0,0,1,0,0,1,1,0,1,1,0,0,0,1,0,1,0,1,0,0,32,-17.02339958449883,240.001,5.2916177874147864e-08,5.2916177874147864e-08,25.740715739128362,25.740715739128362,22.71519169755656,22.71519169755656
1,0,0,1,1,1,1,0,0,1,0,0,0,1,0,1,0,1,0,0,0,1,1,1,0,0,1,0,1,0,0,1,1,0,1,0,1,1,1,1,0,1,0,0,0,0,1,0,1,1,0,0,0,1,1,1,0,0,1,0,0,0,1,0,0,1,1,0,1,1,0,0,0,1,0,1,0,1,0,0,33,-17.023695895509853,240.001,5.292749329514575e-08,5.292749329514575e-08,25.73949084639597,25.73949084639597,22.65987819956316,22.65987819956316
1,0,0,1,1,1,1,0,0,1,0,0,0,1,0,1,0,1,0,0,0,1,1,1,0,0,1,0,1,0,0,1,1,0,1,0,1,1,1,1,0,1,0,0,0,0,1,0,1,1,0,0,0,1,1,1,0,0,1,0,0,0,1,0,0,1,1,0,1,1,0,0,0,1,0,1,0,1,0,0,35,-17.02318175707193,240.001,5.2959092162859204e-08,5.2959092162859204e-08,25.737412925749098,25.737412925749098,22.756305996699776,22.756305996699776
1,0,0,1,1,1,1,0,0,1,0,0,0,1,0,1,0,1,0,0,0,1,1,1,0,0,1,0,1,0,0,1,1,0,1,0,1,1,1,1,0,1,0,0,0,0,1,0,1,1,0,0,0,1,1,1,0,0,1,0,0,0,1,0,0,1,1,0,1,1,0,0,0,1,0,1,0,1,0,0,37,-17.024457885281414,240.001,5.29761775577379e-08,5.29761775577379e-08,25.734735924572405,25.734735924572405,22.52077127792044,22.52077127792044
1,0,0,1,1,1,1,0,0,1,0,0,0,1,0,1,0,1,0,0,0,1,1,1,0,0,1,0,1,0,0,1,1,0,1,0,1,1,1,1,0,1,0,0,0,0,1,0,1,1,0,0,0,1,1,1,0,0,1,0,0,0,1,0,0,1,1,0,1,1,0,0,0,1,0,1,0,1,0,0,38,-17.025349581757435,240.001,5.2982660431781606e-08,5.2982660431781606e-08,25.733312799764217,25.733312799764217,22.363419658484467,22.363419658484467
1,0,0,1,1,1,1,0,0,1,0,0,0,1,0,1,0,1,0,0,0,1,1,1,0,0,1,0,1,0,0,1,1,0,1,0,1,1,1,1,0,1,0,0,0,0,1,0,1,1,0,0,0,1,1,1,0,0,1,0,0,0,1,0,0,1,1,0,1,1,0,0,0,1,0,1,0,1,0,0,39,-17.02526456417146,240.001,5.299706167428086e-08,5.299706167428086e-08,25.73221751982455,25.73221751982455,22.37818002874757,22.37818002874757
1,0,0,1,1,1,1,0,0,1,0,0,0,1,0,1,0,1,0,0,0,1,1,1,0,0,1,0,1,0,0,1,1,0,1,0,1,1,1,1,0,1,0,0,0,0,1,0,1,1,0,0,0,1,1,1,0,0,1,0,0,0,1,0,0,1,1,0,1,1,0,0,0,1,0,1,0,1,0,0,40,-17.02418437489663,240.001,5.3019537803193065e-08,5.3019537803193065e-08,25.731456250506017,25.731456250506017,22.57019436537549,22.57019436537549
1,0,0,1,1,1,1,0,0,1,0,0,0,1,0,1,0,1,0,0,0,1,1,1,0,0,1,0,1,0,0,1,1,0,1,0,1,1,1,1,0,1,0,0,0,0,1,0,1,1,0,0,0,1,1,1,0,0,1,0,0,0,1,0,0,1,1,0,1,1,0,0,0,1,0,1,0,1,0,0,42,-17.022196244793093,240.001,5.306311075298121e-08,5.306311075298121e-08,25.729876692024284,25.729876692024284,22.94731551668745,22.94731551668745
1,0,0,1,1,1,1,0,0,1,0,0,0,1,0,1,0,1,0,0,0,1,1,1,0,0,1,0,1,0,0,1,1,0,1,0,1,1,1,1,0,1,0,0,0,0,1,0,1,1,0,0,0,1,1,1,0,0,1,0,0,0,1,0,0,1,1,0,1,1,0,0,0,1,0,1,0,1,0,0,47,-17.021763144890876,240.001,5.31352246144058e-08,5.31352246144058e-08,25.724411647329255,25.724411647329255,23.03397606433144,23.03397606433144
1,0,0,1,1,1,1,0,0,1,0,0,0,1,0,1,0,1,0,0,0,1,1,1,0,0,1,0,1,0,0,1,1,0,1,0,1,1,1,1,0,1,0,0,0,0,1,0,1,1,0,0,0,1,1,1,0,0,1,0,0,0,1,0,0,1,1,0,1,1,0,0,0,1,0,1,0,1,0,0,49,-17.022990437314707,240.001,5.3152675912009644e-08,5.3152675912009644e-08,25.721758227889655,25.721758227889655,22.792739205054026,22.792739205054026
1,0,0,1,1,1,1,0,0,1,0,0,0,1,0,1,0,1,0,0,0,1,1,1,0,0,1,0,1,0,0,1,1,0,1,0,1,1,1,1,0,1,0,0,0,0,1,0,1,1,0,0,0,1,1,1,0,0,1,0,0,0,1,0,0,1,1,0,1,1,0,0,0,1,0,1,0,1,0,0,50,-17.022796401869936,240.001,5.316797208482429e-08,5.316797208482429e-08,25.720702638991714,25.720702638991714,22.830002750885598,22.830002750885598
1,0,0,1,1,1,1,0,0,1,0,0,0,1,0,1,0,1,0,0,0,1,1,1,0,0,1,0,1,0,0,1,1,0,1,0,1,1,1,1,0,1,0,0,0,0,1,0,1,1,0,0,0,1,1,1,0,0,1,0,0,0,1,0,0,1,1,0,1,1,0,0,0,1,0,1,0,1,0,0,54,-17.023061229182503,240.001,5.322068377384528e-08,5.322068377384528e-08,25.716134270599117,25.716134270599117,22.779222778828625,22.779222778828625
1,0,0,1,1,1,1,0,0,1,0,0,0,1,0,1,0,1,0,0,0,1,1,1,0,0,1,0,1,0,0,1,1,0,1,0,1,1,1,1,0,1,0,0,0,0,1,0,1,1,0,0,0,1,1,1,0,0,1,0,0,0,1,0,0,1,1,0,1,1,0,0,0,1,0,1,0,1,0,0,55,-17.023937008483585,240.001,5.322726403751164e-08,5.322726403751164e-08,25.714721558034,25.714721558034,22.61538012278187,22.61538012278187
1,0,0,1,1,1,1,0,0,1,0,0,0,1,0,1,0,1,0,0,0,1,1,1,0,0,1,0,1,0,0,1,1,0,1,0,1,1,1,1,0,1,0,0,0,0,1,0,1,1,0,0,0,1,1,1,0,0,1,0,0,0,1,0,0,1,1,0,1,1,0,0,0,1,0,1,0,1,0,0,56,-17.023033730232644,240.001,5.324834090075165e-08,5.324834090075165e-08,25.71390546300205,25.71390546300205,22.784468236436005,22.784468236436005
1,0,0,1,1,1,1,0,0,1,0,0,0,1,0,1,0,1,0,0,0,1,1,1,0,0,1,0,1,0,0,1,1,0,1,0,1,1,1,1,0,1,0,0,0,0,1,0,1,1,0,0,0,1,1,1,0,0,1,0,0,0,1,0,0,1,1,0,1,1,0,0,0,1,0,1,0,1,0,0,59,-17.021129477470662,240.001,5.330502693717458e-08,5.330502693717458e-08,25.71118885100087,25.71118885100087,23.163952380636946,23.163952380636946
1,0,0,1,1,1,1,0,0,1,0,0,0,1,0,1,0,1,0,0,0,1,1,1,0,0,1,0,1,0,0,1,1,0,1,0,1,1,1,1,0,1,0,0,0,0,1,0,1,1,0,0,0,1,1,1,0,0,1,0,0,0,1,0,0,1,1,0,1,1,0,0,0,1,0,1,0,1,0,0,63,-17.020982139953816,240.001,5.336111295698254e-08,5.336111295698254e-08,25.70676906887066,25.70676906887066,23.194736765165086,23.194736765165086
1,0,0,1,1,1,1,0,0,1,0,0,0,1,0,1,0,1,0,0,0,1,1,1,0,0,1,0,1,0,0,1,1,0,1,0,1,1,1,1,0,1,0,0,0,0,1,0,1,1,0,0,0,1,1,1,0,0,1,0,0,0,1,0,0,1,1,0,1,1,0,0,0,1,0,1,0,1,0,0,66,-17.022506092040633,240.001,5.338981834824835e-08,5.338981834824835e-08,25.702909475646916,25.702909475646916,22.88635610383966,22.88635610383966
1,0,0,1,1,1,1,0,0,1,0,0,0,1,0,1,0,1,0,0,0,1,1,1,0,0,1,0,1,0,0,1,1,0,1,0,1,1,1,1,0,1,0,0,0,0,1,0,1,1,0,0,0,1,1,1,0,0,1,0,0,0,1,0,0,1,1,0,1,1,0,0,0,1,0,1,0,1,0,0,67,-17.022766712467657,240.001,5.3401405466153276e-08,5.3401405466153276e-08,25.7017064142201,25.7017064142201,22.835732615318477,22.835732615318477
1,0,0,1,1,1,1,0,0,1,0,0,0,1,0,1,0,1,0,0,0,1,1,1,0,0,1,0,1,0,0,1,1,0,1,0,1,1,1,1,0,1,0,0,0,0,1,0,1,1,0,0,0,1,1,1,0,0,1,0,0,0,1,0,0,1,1,0,1,1,0,0,0,1,0,1,0,1,0,0,69,-17.02262529586628,240.001,5.3429996379914203e-08,5.3429996379914203e-08,25.699523256555707,25.699523256555707,22.863128816560288,22.863128816560288
1,0,0,1,1,1,1,0,0,1,0,0,0,1,0,1,0,1,0,0,0,1,1,1,0,0,1,0,1,0,0,1,1,0,1,0,1,1,1,1,0,1,0,0,0,0,1,0,1,1,0,0,0,1,1,1,0,0,1,0,0,0,1,0,0,1,1,0,1,1,0,0,0,1,0,1,0,1,0,0,70,-17.022199947305186,240.001,5.344719407514658e-08,5.344719407514658e-08,25.698550951571914,25.698550951571914,22.946582035174895,22.946582035174895
1,0,0,1,1,1,1,0,0,1,0,0,0,1,0,1,0,1,0,0,0,1,1,1,0,0,1,0,1,0,0,1,1,0,1,0,1,1,1,1,0,1,0,0,0,0,1,0,1,1,0,0,0,1,1,1,0,0,1,0,0,0,1,0,0,1,1,0,1,1,0,0,0,1,0,1,0,1,0,0,74,-17.020615394399886,240.001,5.3515047531606154e-08,5.3515047531606154e-08,25.69462545060611,25.69462545060611,23.272320345047348,23.272320345047348
1,0,0,1,1,1,1,0,0,1,0,0,0,1,0,1,0,1,0,0,0,1,1,1,0,0,1,0,1,0,0,1,1,0,1,0,1,1,1,1,0,1,0,0,0,0,1,0,1,1,0,0,0,1,1,1,0,0,1,0,0,0,1,0,0,1,1,0,1,1,0,0,0,1,0,1,0,1,0,0,76,-17.020602287156507,240.001,5.354259799923215e-08,5.354259799923215e-08,25.692403310423934,25.692403310423934,23.275118824990656,23.275118824990656
1,0,0,1,1,1,1,0,0,1,0,0,0,1,0,1,0,1,0,0,0,1,1,1,0,0,1,0,1,0,0,1,1,0,1,0,1,1,1,1,0,1,0,0,0,0,1,0,1,1,0,0,0,1,1,1,0,0,1,0,0,0,1,0,0,1,1,0,1,1,0,0,0,1,0,1,0,1,0,0,78,-17.019836752739522,240.001,5.357632147277655e-08,5.357632147277655e-08,25.690434329028584,25.690434329028584,23.441759864388075,23.441759864388075
1,0,0,1,1,1,1,0,0,1,0,0,0,1,0,1,0,1,0,0,0,1,1,1,0,0,1,0,1,0,0,1,1,0,1,0,1,1,1,1,0,1,0,0,0,0,1,0,1,1,0,1,0,1,1,1,0,0,1,0,0,0,1,0,0,1,1,0,1,1,0,0,0,1,0,1,0,1,0,0,1,-17.019667008443584,240.001,5.252098576837527e-08,5.252098576837527e-08,25.777004303720894,25.777004303720894,23.479587952791068,23.479587952791068
1,0,0,1,1,1,1,0,0,1,0,0,0,1,0,1,0,1,0,0,0,1,1,1,0,0,1,0,1,0,0,1,1,0,1,0,1,1,1,1,0,1,0,0,0,0,1,0,1,1,0,1,0,1,1,1,0,0,1,0,0,0,1,0,0,1,1,0,1,1,0,0,0,1,0,1,0,1,0,0,4,-17.022294658581657,240.001,5.254101657489616e-08,5.254101657489616e-08,25.772720627873902,25.772720627873902,22.92786115586443,22.92786115586443
1,0,0,1,1,1,1,0,0,1,0,0,0,1,0,1,0,1,0,0,0,1,1,1,0,0,1,0,1,0,0,1,1,0,1,0,1,1,1,1,0,1,0,0,0,0,1,0,1,1,0,1,0,1,1,1,0,0,1,0,0,0,1,0,0,1,1,0,1,1,0,0,0,1,0,1,0,1,0,0,5,-17.023568501783842,240.001,5.254448770748293e-08,5.254448770748293e-08,25.771159876645875,25.771159876645875,22.683573450032167,22.683573450032167
1,0,0,1,1,1,1,0,0,1,0,0,0,1,0,1,0,1,0,0,0,1,1,1,0,0,1,0,1,0,0,1,1,0,1,0,1,1,1,1,0,1,0,0,0,0,1,0,1,1,0,1,0,1,1,1,0,0,1,0,0,0,1,0,0,1,1,0,1,1,0,0,0,1,0,1,0,1,0,0,6,-17.023677063573206,240.001,5.255732999872356e-08,5.255732999872356e-08,25.76998999424945,25.76998999424945,22.663372853482628,22.663372853482628
1,0,0,1,1,1,1,0,0,1,0,0,0,1,0,1,0,1,0,0,0,1,1,1,0,0,1,0,1,0,0,1,1,0,1,0,1,1,1,1,0,1,0,0,0,0,1,0,1,1,0,1,0,1,1,1,0,0,1,0,0,0,1,0,0,1,1,0,1,1,0,0,0,1,0,1,0,1,0,0,7,-17.02262467551549,240.001,5.2579515057257984e-08,5.2579515057257984e-08,25.769209561731262,25.769209561731262,22.863249374758176,22.863249374758176
1,0,0,1,1,1,1,0,0,1,0,0,0,1,0,1,0,1,0,0,0,1,1,1,0,0,1,0,1,0,0,1,1,0,1,0,1,1,1,1,0,1,0,0,0,0,1,0,1,1,0,1,0,1,1,1,0,0,1,0,0,0,1,0,0,1,1,0,1,1,0,0,0,1,0,1,0,1,0,0,10,-17.020802124122763,240.001,5.26353510166335e-08,5.26353510166335e-08,25.76642264067398,25.76642264067398,23.232646057320526,23.232646057320526
1,0,0,1,1,1,1,0,0,1,0,0,0,1,0,1,0,1,0,0,0,1,1,1,0,0,1,0,1,0,0,1,1,0,1,0,1,1,1,1,0,1,0,0,0,0,1,0,1,1,0,1,0,1,1,1,0,0,1,0,0,0,1,0,0,1,1,0,1,1,0,0,0,1,0,1,0,1,0,0,14,-17.02113810673156,240.001,5.2687525933681995e-08,5.2687525933681995e-08,25.761783835909622,25.761783835909622,23.16215611566701,23.16215611566701
1,0,0,1,1,1,1,0,0,1,0,0,0,1,0,1,0,1,0,0,0,1,1,1,0,0,1,0,1,0,0,1,1,0,1,0,1,1,1,1,0,1,0,0,0,0,1,0,1,1,0,1,0,1,1,1,0,0,1,0,0,0,1,0,0,1,1,0,1,1,0,0,0,1,0,1,0,1,0,0,16,-17.021587948007678,240.001,5.271133689187048e-08,5.271133689187048e-08,25.75937174045945,25.75937174045945,23.0695265755109,23.0695265755109
1,0,0,1,1,1,1,0,0,1,0,0,0,1,0,1,0,1,0,0,0,1,1,1,0,0,1,0,1,0,0,1,1,0,1,0,1,1,1,1,0,1,0,0,0,0,1,0,1,1,0,1,0,1,1,1,0,0,1,0,0,0,1,0,0,1,1,0,1,1,0,0,0,1,0,1,0,1,0,0,18,-17.02143535239697,240.001,5.274000892680858e-08,5.274000892680858e-08,25.757162657939116,25.757162657939116,23.100728618606503,23.100728618606503
1,0,0,1,1,1,1,0,0,1,0,0,0,1,0,1,0,1,0,0,0,1,1,1,0,0,1,0,1,0,0,1,1,0,1,0,1,1,1,1,0,1,0,0,0,0,1,0,1,1,0,1,0,1,1,1,0,0,1,0,0,0,1,0,0,1,1,0,1,1,0,0,0,1,0,1,0,1,0,0,22,-17.02306795367867,240.001,5.2781697613007546e-08,5.2781697613007546e-08,25.752098503489897,25.752098503489897,22.777941031567185,22.777941031567185
1,0,0,1,1,1,1,0,0,1,0,0,0,1,0,1,0,1,0,0,0,1,1,1,0,0,1,0,1,0,0,1,1,0,1,0,1,1,1,1,0,1,0,0,0,0,1,0,1,1,0,1,0,1,1,1,0,0,1,0,0,0,1,0,0,1,1,0,1,1,0,0,0,1,0,1,0,1,0,0,23,-17.02407060219304,240.001,5.278731190651043e-08,5.278731190651043e-08,25.750633928373865,25.750633928373865,22.590918866102207,22.590918866102207
1,0,0,1,1,1,1,0,0,1,0,0,0,1,0,1,0,1,0,0,0,1,1,1,0,0,1,0,1,0,0,1,1,0,1,0,1,1,1,1,0,1,0,0,0,0,1,0,1,1,0,1,0,1,1,1,0,0,1,0,0,0,1,0,0,1,1,0,1,1,0,0,0,1,0,1,0,1,0,0,24,-17.023301915164023,240.001,5.2807239758599774e-08,5.2807239758599774e-08,25.74976341031799,25.74976341031799,22.733578639185698,22.733578639185698
1,0,0,1,1,1,1,0,0,1,0,0,0,1,0,1,0,1,0,0,0,1,1,1,0,0,1,0,1,0,0,1,1,0,1,0,1,1,1,1,0,1,0,0,0,0,1,0,1,1,0,1,0,1,1,1,0,0,1,0,0,0,1,0,0,1,1,0,1,1,0,0,0,1,0,1,0,1,0,0,27,-17.02213462379109,240.001,5.285783171933591e-08,5.285783171933591e-08,25.746771936500487,25.746771936500487,22.959540998440776,22.959540998440776
1,0,0,1,1,1,1,0,0,1,0,0,0,1,0,1,0,1,0,0,0,1,1,1,0,0,1,0,1,0,0,1,1,0,1,0,1,1,1,1,0,1,0,0,0,0,1,0,1,1,0,1,0,1,1,1,0,0,1,0,0,0,1,0,0,1,1,0,1,1,0,0,0,1,0,1,0,1,0,0,29,-17.02221188519745,240.001,5.2884643550476113e-08,5.2884643550476113e-08,25.744492299835983,25.744492299835983,22.944217933013967,22.944217933013967
1,0,0,1,1,1,1,0,0,1,0,0,0,1,0,1,0,1,0,0,0,1,1,1,0,0,1,0,1,0,0,1,1,0,1,0,1,1,1,1,0,1,0,0,0,0,1,0,1,1,0,1,0,1,1,1,0,0,1,0,0,0,1,0,0,1,1,0,1,1,0,0,0,1,0,1,0,1,0,0,32,-17.02349177570449,240.001,5.291543160287564e-08,5.291543160287564e-08,25.740684796447056,25.740684796447056,22.697906804330565,22.697906804330565
1,0,0,1,1,1,1,0,0,1,0,0,0,1,0,1,0,1,0,0,0,1,1,1,0,0,1,0,1,0,0,1,1,0,1,0,1,1,1,1,0,1,0,0,0,0,1,0,1,1,0,1,0,1,1,1,0,0,1,0,0,0,1,0,0,1,1,0,1,1,0,0,0,1,0,1,0,1,0,0,33,-17.023792932070805,240.001,5.2926707654065254e-08,5.2926707654065254e-08,25.739458275785914,25.739458275785914,22.641915268564357,22.641915268564357
1,0,0,1,1,1,1,0,0,1,0,0,0,1,0,1,0,1,0,0,0,1,1,1,0,0,1,0,1,0,0,1,1,0,1,0,1,1,1,1,0,1,0,0,0,0,1,0,1,1,0,1,0,1,1,1,0,0,1,0,0,0,1,0,0,1,1,0,1,1,0,0,0,1,0,1,0,1,0,0,35,-17.023290238074075,240.001,5.295821326744054e-08,5.295821326744054e-08,25.737376519735825,25.737376519735825,22.735782125039556,22.735782125039556
1,0,0,1,1,1,1,0,0,1,0,0,0,1,0,1,0,1,0,0,0,1,1,1,0,0,1,0,1,0,0,1,1,0,1,0,1,1,1,1,0,1,0,0,0,0,1,0,1,1,0,1,0,1,1,1,0,0,1,0,0,0,1,0,0,1,1,0,1,1,0,0,0,1,0,1,0,1,0,0,37,-17.024580779689597,240.001,5.297518171271198e-08,5.297518171271198e-08,25.73469466951318,25.73469466951318,22.498745187709652,22.498745187709652
1,0,0,1,1,1,1,0,0,1,0,0,0,1,0,1,0,1,0,0,0,1,1,1,0,0,1,0,1,0,0,1,1,0,1,0,1,1,1,1,0,1,0,0,0,0,1,0,1,1,0,1,0,1,1,1,0,0,1,0,0,0,1,0,0,1,1,0,1,1,0,0,0,1,0,1,0,1,0,0,38,-17.025481217892164,240.001,5.2981593725094094e-08,5.2981593725094094e-08,25.733268601573897,25.733268601573897,22.340663532775054,22.340663532775054
1,0,0,1,1,1,1,0,0,1,0,0,0,1,0,1,0,1,0,0,0,1,1,1,0,0,1,0,1,0,0,1,1,0,1,0,1,1,1,1,0,1,0,0,0,0,1,0,1,1,0,1,0,1,1,1,0,0,1,0,0,0,1,0,0,1,1,0,1,1,0,0,0,1,0,1,0,1,0,0,39,-17.02540634112707,240.001,5.299591244695431e-08,5.299591244695431e-08,25.732169919504805,25.732169919504805,22.353593044362093,22.353593044362093
1,0,0,1,1,1,1,0,0,1,0,0,0,1,0,1,0,1,0,0,0,1,1,1,0,0,1,0,1,0,0,1,1,0,1,0,1,1,1,1,0,1,0,0,0,0,1,0,1,1,0,1,0,1,1,1,0,0,1,0,0,0,1,0,0,1,1,0,1,1,0,0,0,1,0,1,0,1,0,0,40,-17.0243380430185,240.001,5.301829146176255e-08,5.301829146176255e-08,25.731404674101718,25.731404674101718,22.542357856195174,22.542357856195174
1,0,0,1,1,1,1,0,0,1,0,0,0,1,0,1,0,1,0,0,0,1,1,1,0,0,1,0,1,0,0,1,1,0,1,0,1,1,1,1,0,1,0,0,0,0,1,0,1,1,0,1,0,1,1,1,0,0,1,0,0,0,1,0,0,1,1,0,1,1,0,0,0,1,0,1,0,1,0,0,42,-17.022380815379183,240.001,5.306161212155159e-08,5.306161212155159e-08,25.729814778504846,25.729814778504846,22.9109006369676,22.9109006369676
1,0,0,1,1,1,1,0,0,1,0,0,0,1,0,1,0,1,0,0,0,1,1,1,0,0,1,0,1,0,0,1,1,0,1,0,1,1,1,1,0,1,0,0,0,0,1,0,1,1,0,1,0,1,1,1,0,0,1,0,0,0,1,0,0,1,1,0,1,1,0,0,0,1,0,1,0,1,0,0,47,-17.02213267466577,240.001,5.313221978891741e-08,5.313221978891741e-08,25.72428772036082,25.72428772036082,22.959928260179467,22.959928260179467
1,0,0,1,1,1,1,0,0,1,0,0,0,1,0,1,0,1,0,0,0,1,1,1,0,0,1,0,1,0,0,1,1,0,1,0,1,1,1,1,0,1,0,0,0,0,1,0,1,1,0,1,0,1,1,1,0,0,1,0,0,0,1,0,0,1,1,0,1,1,0,0,0,1,0,1,0,1,0,0,49,-17.023607167338064,240.001,5.314765983828894e-08,5.314765983828894e-08,25.721551365459653,25.721551365459653,22.676368050809906,22.676368050809906
1,0,0,1,1,1,1,0,0,1,0,0,0,1,0,1,0,1,0,0,0,1,1,1,0,0,1,0,1,0,0,1,1,0,1,0,1,1,1,1,0,1,0,0,0,0,1,0,1,1,0,1,0,1,1,1,0,0,1,0,0,0,1,0,0,1,1,0,1,1,0,0,0,1,0,1,0,1,0,0,50,-17.023724752529255,240.001,5.316041857948288e-08,5.316041857948288e-08,25.72039132874349,25.72039132874349,22.654528605642028,22.654528605642028
1,0,0,1,1,1,1,0,0,1,0,0,0,1,0,1,0,1,0,0,0,1,1,1,0,0,1,0,1,0,0,1,1,0,1,0,1,1,1,1,0,1,0,0,0,0,1,0,1,1,0,1,0,1,1,1,0,0,1,0,0,0,1,0,0,1,1,0,1,1,0,0,0,1,0,1,0,1,0,0,52,-17.023006805474424,240.001,5.3193694599288855e-08,5.3193694599288855e-08,25.718391639061746,25.718391639061746,22.78961027985305,22.78961027985305
1,0,0,1,1,1,1,0,0,1,0,0,0,1,0,1,0,1,0,0,0,1,1,1,0,0,1,0,1,0,0,1,1,0,1,0,1,1,1,1,0,1,0,0,0,0,1,0,1,1,0,1,0,1,1,1,0,0,1,0,0,0,1,0,0,1,1,0,1,1,0,0,0,1,0,1,0,1,0,0,54,-17.023989496848316,240.001,5.3213123682426584e-08,5.3213123682426584e-08,25.71582296967908,25.71582296967908,22.60575305703272,22.60575305703272
1,0,0,1,1,1,1,0,0,1,0,0,0,1,0,1,0,1,0,0,0,1,1,1,0,0,1,0,1,0,0,1,1,0,1,0,1,1,1,1,0,1,0,0,0,0,1,0,1,1,0,1,0,1,1,1,0,0,1,0,0,0,1,0,0,1,1,0,1,1,0,0,0,1,0,1,0,1,0,0,55,-17.024553523261993,240.001,5.3222243266283686e-08,5.3222243266283686e-08,25.71451471978601,25.71451471978601,22.503620718703626,22.503620718703626
1,0,0,1,1,1,1,0,0,1,0,0,0,1,0,1,0,1,0,0,0,1,1,1,0,0,1,0,1,0,0,1,1,0,1,0,1,1,1,1,0,1,0,0,0,0,1,0,1,1,0,1,0,1,1,1,0,0,1,0,0,0,1,0,0,1,1,0,1,1,0,0,0,1,0,1,0,1,0,0,56,-17.023495668689247,240.001,5.324457726098036e-08,5.324457726098036e-08,25.713750498570285,25.713750498570285,22.697178413725076,22.697178413725076
1,0,0,1,1,1,1,0,0,1,0,0,0,1,0,1,0,1,0,0,0,1,1,1,0,0,1,0,1,0,0,1,1,0,1,0,1,1,1,1,0,1,0,0,0,0,1,0,1,1,0,1,0,1,1,1,0,0,1,0,0,0,1,0,0,1,1,0,1,1,0,0,0,1,0,1,0,1,0,0,59,-17.02139332773525,240.001,5.330287451968336e-08,5.330287451968336e-08,25.7111003691708,25.7111003691708,23.10936094925804,23.10936094925804
1,0,0,1,1,1,1,0,0,1,0,0,0,1,0,1,0,1,0,0,0,1,1,1,0,0,1,0,1,0,0,1,1,0,1,0,1,1,1,1,0,1,0,0,0,0,1,0,1,1,0,1,0,1,1,1,0,0,1,0,0,0,1,0,0,1,1,0,1,1,0,0,0,1,0,1,0,1,0,0,63,-17.021149982462024,240.001,5.3359742336786454e-08,5.3359742336786454e-08,25.706712779589104,25.706712779589104,23.15968527466105,23.15968527466105
1,0,0,1,1,1,1,0,0,1,0,0,0,1,0,1,0,1,0,0,0,1,1,1,0,0,1,0,1,0,0,1,1,0,1,0,1,1,1,1,0,1,0,0,0,0,1,0,1,1,0,1,0,1,1,1,0,0,1,0,0,0,1,0,0,1,1,0,1,1,0,0,0,1,0,1,0,1,0,0,66,-17.02263786978916,240.001,5.338874189907136e-08,5.338874189907136e-08,25.70286526153224,25.70286526153224,22.86068593347523,22.86068593347523
1,0,0,1,1,1,1,0,0,1,0,0,0,1,0,1,0,1,0,0,0,1,1,1,0,0,1,0,1,0,0,1,1,0,1,0,1,1,1,1,0,1,0,0,0,0,1,0,1,1,0,1,0,1,1,1,0,0,1,0,0,0,1,0,0,1,1,0,1,1,0,0,0,1,0,1,0,1,0,0,67,-17.022889684425365,240.001,5.340040078142819e-08,5.340040078142819e-08,25.701665150437094,25.701665150437094,22.812048594768093,22.812048594768093
1,0,0,1,1,1,1,0,0,1,0,0,0,1,0,1,0,1,0,0,0,1,1,1,0,0,1,0,1,0,0,1,1,0,1,0,1,1,1,1,0,1,0,0,0,0,1,0,1,1,0,1,0,1,1,1,0,0,1,0,0,0,1,0,0,1,1,0,1,1,0,0,0,1,0,1,0,1,0,0,69,-17.022733797776585,240.001,5.3429109441252066e-08,5.3429109441252066e-08,25.69948684818648,25.69948684818648,22.842093742633175,22.842093742633175
1,0,0,1,1,1,1,0,0,1,0,0,0,1,0,1,0,1,0,0,0,1,1,1,0,0,1,0,1,0,0,1,1,0,1,0,1,1,1,1,0,1,0,0,0,0,1,0,1,1,0,1,0,1,1,1,0,0,1,0,0,0,1,0,0,1,1,0,1,1,0,0,0,1,0,1,0,1,0,0,70,-17.02230243278135,240.001,5.344635601338227e-08,5.344635601338227e-08,25.69851656479758,25.69851656479758,22.926328046966717,22.926328046966717
1,0,0,1,1,1,1,0,0,1,0,0,0,1,0,1,0,1,0,0,0,1,1,1,0,0,1,0,1,0,0,1,1,0,1,0,1,1,1,1,0,1,0,0,0,0,1,0,1,1,0,1,0,1,1,1,0,0,1,0,0,0,1,0,0,1,1,0,1,1,0,0,0,1,0,1,0,1,0,0,74,-17.020699290031175,240.001,5.351436048792746e-08,5.351436048792746e-08,25.694597311478383,25.694597311478383,23.25445047824615,23.25445047824615
1,0,0,1,1,1,1,0,0,1,0,0,0,1,0,1,0,1,0,0,0,1,1,1,0,0,1,0,1,0,0,1,1,0,1,0,1,1,1,1,0,1,0,0,0,0,1,0,1,1,0,1,0,1,1,1,0,0,1,0,0,0,1,0,0,1,1,0,1,1,0,0,0,1,0,1,0,1,0,0,76,-17.02067918830789,240.001,5.354196791782952e-08,5.354196791782952e-08,25.692377516707868,25.692377516707868,23.258725506565213,23.258725506565213
1,0,0,1,1,1,1,0,0,1,0,0,0,1,0,1,0,1,0,0,0,1,1,1,0,0,1,0,1,0,0,1,1,0,1,0,1,1,1,1,0,1,0,0,0,0,1,0,1,1,0,1,0,1,1,1,0,0,1,0,0,0,1,0,0,1,1,0,1,1,0,0,0,1,0,1,0,1,0,0,78,-17.01990775636498,240.001,5.35757392948941e-08,5.35757392948941e-08,25.69041051752244,25.69041051752244,23.426033252523165,23.426033252523165
1,0,0,1,1,1,1,0,0,1,0,1,0,1,0,1,0,1,0,0,0,1,1,1,0,0,1,0,1,0,0,1,1,0,1,0,1,1,1,1,0,1,0,0,0,0,1,0,1,1,0,1,0,1,1,1,0,0,1,0,0,0,1,0,0,1,1,0,1,1,0,0,0,1,0,1,0,1,0,0,1,-17.019834949899938,240.001,5.2519635665143967e-08,5.2519635665143967e-08,25.776948003337367,25.776948003337367,23.44215991474154,23.44215991474154
1,0,0,1,1,1,1,0,0,1,0,1,0,1,0,1,0,1,0,0,0,1,1,1,0,0,1,0,1,0,0,1,1,0,1,0,1,1,1,1,0,1,0,0,0,0,1,0,1,1,0,1,0,1,1,1,0,0,1,0,0,0,1,0,0,1,1,0,1,1,0,0,0,1,0,1,0,1,0,0,4,-17.022525412343096,240.001,5.253916136825839e-08,5.253916136825839e-08,25.772643224824545,25.772643224824545,22.882583072248856,22.882583072248856
1,0,0,1,1,1,1,0,0,1,0,1,0,1,0,1,0,1,0,0,0,1,1,1,0,0,1,0,1,0,0,1,1,0,1,0,1,1,1,1,0,1,0,0,0,0,1,0,1,1,0,1,0,1,1,1,0,0,1,0,0,0,1,0,0,1,1,0,1,1,0,0,0,1,0,1,0,1,0,0,5,-17.023832147062063,240.001,5.254236820136755e-08,5.254236820136755e-08,25.77107141784601,25.77107141784601,22.634676895972238,22.634676895972238
1,0,0,1,1,1,1,0,0,1,0,1,0,1,0,1,0,1,0,0,0,1,1,1,0,0,1,0,1,0,0,1,1,0,1,0,1,1,1,1,0,1,0,0,0,0,1,0,1,1,0,1,0,1,1,1,0,0,1,0,0,0,1,0,0,1,1,0,1,1,0,0,0,1,0,1,0,1,0,0,6,-17.023984724407168,240.001,5.255485598272223e-08,5.255485598272223e-08,25.769886772413248,25.769886772413248,22.60662750972717,22.60662750972717
1,0,0,1,1,1,1,0,0,1,0,1,0,1,0,1,0,1,0,0,0,1,1,1,0,0,1,0,1,0,0,1,1,0,1,0,1,1,1,1,0,1,0,0,0,0,1,0,1,1,0,1,0,1,1,1,0,0,1,0,0,0,1,0,0,1,1,0,1,1,0,0,0,1,0,1,0,1,0,0,7,-17.022994171289902,240.001,5.257654202259086e-08,5.257654202259086e-08,25.76908563860129,25.76908563860129,22.792025223683886,22.792025223683886
1,0,0,1,1,1,1,0,0,1,0,1,0,1,0,1,0,1,0,0,0,1,1,1,0,0,1,0,1,0,0,1,1,0,1,0,1,1,1,1,0,1,0,0,0,0,1,0,1,1,0,1,0,1,1,1,0,0,1,0,0,0,1,0,0,1,1,0,1,1,0,0,0,1,0,1,0,1,0,0,10,-17.021731217091627,240.001,5.2627865194473934e-08,5.2627865194473934e-08,25.766111247102664,25.766111247102664,23.040433232944636,23.040433232944636
1,0,0,1,1,1,1,0,0,1,0,1,0,1,0,1,0,1,0,0,0,1,1,1,0,0,1,0,1,0,0,1,1,0,1,0,1,1,1,1,0,1,0,0,0,0,1,0,1,1,0,1,0,1,1,1,0,0,1,0,0,0,1,0,0,1,1,0,1,1,0,0,0,1,0,1,0,1,0,0,12,-17.02198966387297,240.001,5.265322046322314e-08,5.265322046322314e-08,25.763760942425087,25.763760942425087,22.988436499070033,22.988436499070033
1,0,0,1,1,1,1,0,0,1,0,1,0,1,0,1,0,1,0,0,0,1,1,1,0,0,1,0,1,0,0,1,1,0,1,0,1,1,1,1,0,1,0,0,0,0,1,0,1,1,0,1,0,1,1,1,0,0,1,0,0,0,1,0,0,1,1,0,1,1,0,0,0,1,0,1,0,1,0,0,14,-17.022067109666445,240.001,5.26800336607113e-08,5.26800336607113e-08,25.76147245244435,25.76147245244435,22.972975091711977,22.972975091711977
1,0,0,1,1,1,1,0,0,1,0,1,0,1,0,1,0,1,0,0,0,1,1,1,0,0,1,0,1,0,0,1,1,0,1,0,1,1,1,1,0,1,0,0,0,0,1,0,1,1,0,1,0,1,1,1,0,0,1,0,0,0,1,0,0,1,1,0,1,1,0,0,0,1,0,1,0,1,0,0,16,-17.02205027358191,240.001,5.270760703709635e-08,5.270760703709635e-08,25.759216732581063,25.759216732581063,22.976331619844792,22.976331619844792
1,0,0,1,1,1,1,0,0,1,0,1,0,1,0,1,0,1,0,0,0,1,1,1,0,0,1,0,1,0,0,1,1,0,1,0,1,1,1,1,0,1,0,0,0,0,1,0,1,1,0,1,0,1,1,1,0,0,1,0,0,0,1,0,0,1,1,0,1,1,0,0,0,1,0,1,0,1,0,0,18,-17.021743293600743,240.001,5.2737523289316685e-08,5.2737523289316685e-08,25.75705940461991,25.75705940461991,23.037989722042237,23.037989722042237
1,0,0,1,1,1,1,0,0,1,0,1,0,1,0,1,0,1,0,0,0,1,1,1,0,0,1,0,1,0,0,1,1,0,1,0,1,1,1,1,0,1,0,0,0,0,1,0,1,1,0,1,0,1,1,1,0,0,1,0,0,0,1,0,0,1,1,0,1,1,0,0,0,1,0,1,0,1,0,0,22,-17.023252503375097,240.001,5.278020715463948e-08,5.278020715463948e-08,25.752036592324142,25.752036592324142,22.74291033693597,22.74291033693597
1,0,0,1,1,1,1,0,0,1,0,1,0,1,0,1,0,1,0,0,0,1,1,1,0,0,1,0,1,0,0,1,1,0,1,0,1,1,1,1,0,1,0,0,0,0,1,0,1,1,0,1,0,1,1,1,0,0,1,0,0,0,1,0,0,1,1,0,1,1,0,0,0,1,0,1,0,1,0,0,23,-17.024238292477815,240.001,5.2785957667043975e-08,5.2785957667043975e-08,25.750577656202758,25.750577656202758,22.560407141609332,22.560407141609332
1,0,0,1,1,1,1,0,0,1,0,1,0,1,0,1,0,1,0,0,0,1,1,1,0,0,1,0,1,0,0,1,1,0,1,0,1,1,1,1,0,1,0,0,0,0,1,0,1,1,0,1,0,1,1,1,0,0,1,0,0,0,1,0,0,1,1,0,1,1,0,0,0,1,0,1,0,1,0,0,24,-17.023455662918487,240.001,5.280599754821705e-08,5.280599754821705e-08,25.749711824968227,25.749711824968227,22.70466942665672,22.70466942665672
1,0,0,1,1,1,1,0,0,1,0,1,0,1,0,1,0,1,0,0,0,1,1,1,0,0,1,0,1,0,0,1,1,0,1,0,1,1,1,1,0,1,0,0,0,0,1,0,1,1,0,1,0,1,1,1,0,0,1,0,0,0,1,0,0,1,1,0,1,1,0,0,0,1,0,1,0,1,0,0,27,-17.0222576622805,240.001,5.285683654237225e-08,5.285683654237225e-08,25.746730665256994,25.746730665256994,22.93516438872439,22.93516438872439
1,0,0,1,1,1,1,0,0,1,0,1,0,1,0,1,0,1,0,0,0,1,1,1,0,0,1,0,1,0,0,1,1,0,1,0,1,1,1,1,0,1,0,0,0,0,1,0,1,1,0,1,0,1,1,1,0,0,1,0,0,0,1,0,0,1,1,0,1,1,0,0,0,1,0,1,0,1,0,0,29,-17.02232043782815,240.001,5.2883765116289246e-08,5.2883765116289246e-08,25.74445588578142,25.74445588578142,22.922779432978352,22.922779432978352
1,0,0,1,1,1,1,0,0,1,0,1,0,1,0,1,0,1,0,0,0,1,1,1,0,0,1,0,1,0,0,1,1,0,1,0,1,1,1,1,0,1,0,0,0,0,1,0,1,1,0,1,0,1,1,1,0,0,1,0,0,0,1,0,0,1,1,0,1,1,0,0,0,1,0,1,0,1,0,0,32,-17.023583994069913,240.001,5.2914685048301925e-08,5.2914685048301925e-08,25.740653850721614,25.740653850721614,22.680685005397653,22.680685005397653
1,0,0,1,1,1,1,0,0,1,0,1,0,1,0,1,0,1,0,0,0,1,1,1,0,0,1,0,1,0,0,1,1,0,1,0,1,1,1,1,0,1,0,0,0,0,1,0,1,1,0,1,0,1,1,1,0,0,1,0,0,0,1,0,0,1,1,0,1,1,0,0,0,1,0,1,0,1,0,0,33,-17.023880745660044,240.001,5.292599664192968e-08,5.292599664192968e-08,25.73942880527806,25.73942880527806,22.625723097652518,22.625723097652518
1,0,0,1,1,1,1,0,0,1,0,1,0,1,0,1,0,1,0,0,0,1,1,1,0,0,1,0,1,0,0,1,1,0,1,0,1,1,1,1,0,1,0,0,0,0,1,0,1,1,0,1,0,1,1,1,0,0,1,0,0,0,1,0,0,1,1,0,1,1,0,0,0,1,0,1,0,1,0,0,35,-17.023370427924164,240.001,5.29575635614269e-08,5.29575635614269e-08,25.73734961066128,25.73734961066128,22.720672525697477,22.720672525697477
1,0,0,1,1,1,1,0,0,1,0,1,0,1,0,1,0,1,0,0,0,1,1,1,0,0,1,0,1,0,0,1,1,0,1,0,1,1,1,1,0,1,0,0,0,0,1,0,1,1,0,1,0,1,1,1,0,0,1,0,0,0,1,0,0,1,1,0,1,1,0,0,0,1,0,1,0,1,0,0,37,-17.02465451519017,240.001,5.2974584214033476e-08,5.2974584214033476e-08,25.73466991767515,25.73466991767515,22.485582861986252,22.485582861986252
1,0,0,1,1,1,1,0,0,1,0,1,0,1,0,1,0,1,0,0,0,1,1,1,0,0,1,0,1,0,0,1,1,0,1,0,1,1,1,1,0,1,0,0,0,0,1,0,1,1,0,1,0,1,1,1,0,0,1,0,0,0,1,0,0,1,1,0,1,1,0,0,0,1,0,1,0,1,0,0,38,-17.025552090937104,240.001,5.298101942360911e-08,5.298101942360911e-08,25.73324480474923,25.73324480474923,22.328460526981434,22.328460526981434
1,0,0,1,1,1,1,0,0,1,0,1,0,1,0,1,0,1,0,0,0,1,1,1,0,0,1,0,1,0,0,1,1,0,1,0,1,1,1,1,0,1,0,0,0,0,1,0,1,1,0,1,0,1,1,1,0,0,1,0,0,0,1,0,0,1,1,0,1,1,0,0,0,1,0,1,0,1,0,0,39,-17.025474589418348,240.001,5.299535926398957e-08,5.299535926398957e-08,25.73214700406126,25.73214700406126,22.341806576488747,22.341806576488747
1,0,0,1,1,1,1,0,0,1,0,1,0,1,0,1,0,1,0,0,0,1,1,1,0,0,1,0,1,0,0,1,1,0,1,0,1,1,1,1,0,1,0,0,0,0,1,0,1,1,0,1,0,1,1,1,0,0,1,0,0,0,1,0,0,1,1,0,1,1,0,0,0,1,0,1,0,1,0,0,40,-17.02440387922246,240.001,5.3017757534898207e-08,5.3017757534898207e-08,25.73138257424839,25.73138257424839,22.530485909684117,22.530485909684117
1,0,0,1,1,1,1,0,0,1,0,1,0,1,0,1,0,1,0,0,0,1,1,1,0,0,1,0,1,0,0,1,1,0,1,0,1,1,1,1,0,1,0,0,0,0,1,0,1,1,0,1,0,1,1,1,0,0,1,0,0,0,1,0,0,1,1,0,1,1,0,0,0,1,0,1,0,1,0,0,42,-17.02244230704401,240.001,5.3061112898806146e-08,5.3061112898806146e-08,25.729794147020257,25.729794147020257,22.89883578246911,22.89883578246911
1,0,0,1,1,1,1,0,0,1,0,1,0,1,0,1,0,1,0,0,0,1,1,1,0,0,1,0,1,0,0,1,1,0,1,0,1,1,1,1,0,1,0,0,0,0,1,0,1,1,0,1,0,1,1,1,0,0,1,0,0,0,1,0,0,1,1,0,1,1,0,0,0,1,0,1,0,1,0,0,47,-17.02218538518317,240.001,5.313179127639819e-08,5.313179127639819e-08,25.724270035929987,25.724270035929987,22.949467557267738,22.949467557267738
1,0,0,1,1,1,1,0,0,1,0,1,0,1,0,1,0,1,0,0,0,1,1,1,0,0,1,0,1,0,0,1,1,0,1,0,1,1,1,1,0,1,0,0,0,0,1,0,1,1,0,1,0,1,1,1,0,0,1,0,0,0,1,0,0,1,1,0,1,1,0,0,0,1,0,1,0,1,0,0,49,-17.023656999429274,240.001,5.314725468775601e-08,5.314725468775601e-08,25.7215346402469,25.7215346402469,22.667099248834923,22.667099248834923
1,0,0,1,1,1,1,0,0,1,0,1,0,1,0,1,0,1,0,0,0,1,1,1,0,0,1,0,1,0,0,1,1,0,1,0,1,1,1,1,0,1,0,0,0,0,1,0,1,1,0,1,0,1,1,1,0,0,1,0,0,0,1,0,0,1,1,0,1,1,0,0,0,1,0,1,0,1,0,0,50,-17.023773270221515,240.001,5.316002402885323e-08,5.316002402885323e-08,25.720375044017363,25.720375044017363,22.64554900876979,22.64554900876979
1,0,0,1,1,1,1,0,0,1,0,1,0,1,0,1,0,1,0,0,0,1,1,1,0,0,1,0,1,0,0,1,1,0,1,0,1,1,1,1,0,1,0,0,0,0,1,0,1,1,0,1,0,1,1,1,0,0,1,0,0,0,1,0,0,1,1,0,1,1,0,0,0,1,0,1,0,1,0,0,52,-17.023052909177746,240.001,5.319331941197623e-08,5.319331941197623e-08,25.71837616725106,25.71837616725106,22.78080916485709,22.78080916485709
1,0,0,1,1,1,1,0,0,1,0,1,0,1,0,1,0,1,0,0,0,1,1,1,0,0,1,0,1,0,0,1,1,0,1,0,1,1,1,1,0,1,0,0,0,0,1,0,1,1,0,1,0,1,1,1,0,0,1,0,0,0,1,0,0,1,1,0,1,1,0,0,0,1,0,1,0,1,0,0,54,-17.02403338784822,240.001,5.321276641847798e-08,5.321276641847798e-08,25.715808236577004,25.715808236577004,22.597719124759934,22.597719124759934
1,0,0,1,1,1,1,0,0,1,0,1,0,1,0,1,0,1,0,0,0,1,1,1,0,0,1,0,1,0,0,1,1,0,1,0,1,1,1,1,0,1,0,0,0,0,1,0,1,1,0,1,0,1,1,1,0,0,1,0,0,0,1,0,0,1,1,0,1,1,0,0,0,1,0,1,0,1,0,0,55,-17.02459638362108,240.001,5.32218943588061e-08,5.32218943588061e-08,25.714500330434454,25.714500330434454,22.49595646092584,22.49595646092584
1,0,0,1,1,1,1,0,0,1,0,1,0,1,0,1,0,1,0,0,0,1,1,1,0,0,1,0,1,0,0,1,1,0,1,0,1,1,1,1,0,1,0,0,0,0,1,0,1,1,0,1,0,1,1,1,0,0,1,0,0,0,1,0,0,1,1,0,1,1,0,0,0,1,0,1,0,1,0,0,56,-17.02353757136873,240.001,5.3244235961365755e-08,5.3244235961365755e-08,25.7137364344092,25.7137364344092,22.689345963980408,22.689345963980408
1,0,0,1,1,1,1,0,0,1,0,1,0,1,0,1,0,1,0,0,0,1,1,1,0,0,1,0,1,0,0,1,1,0,1,0,1,1,1,1,0,1,0,0,0,0,1,0,1,1,0,1,0,1,1,1,0,0,1,0,0,0,1,0,0,1,1,0,1,1,0,0,0,1,0,1,0,1,0,0,59,-17.021432586850814,240.001,5.330255431655041e-08,5.330255431655041e-08,25.711087199243234,25.711087199243234,23.101296167846847,23.101296167846847
1,0,0,1,1,1,1,0,0,1,0,1,0,1,0,1,0,1,0,0,0,1,1,1,0,0,1,0,1,0,0,1,1,0,1,0,1,1,1,1,0,1,0,0,0,0,1,0,1,1,0,1,0,1,1,1,0,0,1,0,0,0,1,0,0,1,1,0,1,1,0,0,0,1,0,1,0,1,0,0,63,-17.02118616528448,240.001,5.335944690146202e-08,5.335944690146202e-08,25.70670064228875,25.70670064228875,23.15216576111405,23.15216576111405
1,0,0,1,1,1,1,0,0,1,0,1,0,1,0,1,0,1,0,0,0,1,1,1,0,0,1,0,1,0,0,1,1,0,1,0,1,1,1,1,0,1,0,0,0,0,1,0,1,1,0,1,0,1,1,1,0,0,1,0,0,0,1,0,0,1,1,0,1,1,0,0,0,1,0,1,0,1,0,0,66,-17.02267202251605,240.001,5.338846294263265e-08,5.338846294263265e-08,25.70285380077265,25.70285380077265,22.854057574615894,22.854057574615894
1,0,0,1,1,1,1,0,0,1,0,1,0,1,0,1,0,1,0,0,0,1,1,1,0,0,1,0,1,0,0,1,1,0,1,0,1,1,1,1,0,1,0,0,0,0,1,0,1,1,0,1,0,1,1,1,0,0,1,0,0,0,1,0,0,1,1,0,1,1,0,0,0,1,0,1,0,1,0,0,67,-17.02292321257897,240.001,5.340012687652975e-08,5.340012687652975e-08,25.701653898462936,25.701653898462936,22.80561340523345,22.80561340523345
1,0,0,1,1,1,1,0,0,1,0,1,0,1,0,1,0,1,0,0,0,1,1,1,0,0,1,0,1,0,0,1,1,0,1,0,1,1,1,1,0,1,0,0,0,0,1,0,1,1,0,1,0,1,1,1,0,0,1,0,0,0,1,0,0,1,1,0,1,1,0,0,0,1,0,1,0,1,0,0,69,-17.022766151091332,240.001,5.3428844987560046e-08,5.3428844987560046e-08,25.699475990843613,25.699475990843613,22.835841029830455,22.835841029830455
1,0,0,1,1,1,1,0,0,1,0,1,0,1,0,1,0,1,0,0,0,1,1,1,0,0,1,0,1,0,0,1,1,0,1,0,1,1,1,1,0,1,0,0,0,0,1,0,1,1,0,1,0,1,1,1,0,0,1,0,0,0,1,0,0,1,1,0,1,1,0,0,0,1,0,1,0,1,0,0,70,-17.02233423321657,240.001,5.344609598138944e-08,5.344609598138944e-08,25.698505894097433,25.698505894097433,22.92006245102698,22.92006245102698
1,0,0,1,1,1,1,0,0,1,0,1,0,1,0,1,0,1,0,0,0,1,1,1,0,0,1,0,1,0,0,1,1,0,1,0,1,1,1,1,0,1,0,0,0,0,1,0,1,1,0,1,0,1,1,1,0,0,1,0,0,0,1,0,0,1,1,0,1,1,0,0,0,1,0,1,0,1,0,0,74,-17.020729056832305,240.001,5.3514116725609314e-08,5.3514116725609314e-08,25.694587327193542,25.694587327193542,23.248127663579908,23.248127663579908
1,0,0,1,1,1,1,0,0,1,0,1,0,1,0,1,0,1,0,0,0,1,1,1,0,0,1,0,1,0,0,1,1,0,1,0,1,1,1,1,0,1,0,0,0,0,1,0,1,1,0,1,0,1,1,1,0,0,1,0,0,0,1,0,0,1,1,0,1,1,0,0,0,1,0,1,0,1,0,0,76,-17.02070802484758,240.001,5.3541731651752765e-08,5.3541731651752765e-08,25.69236784443946,25.69236784443946,23.252594151702013,23.252594151702013
1,0,0,1,1,1,1,0,0,1,0,1,0,1,0,1,0,1,0,0,0,1,1,1,0,0,1,0,1,0,0,1,1,0,1,0,1,1,1,1,0,1,0,0,0,0,1,0,1,1,0,1,0,1,1,1,0,0,1,0,0,0,1,0,0,1,1,0,1,1,0,0,0,1,0,1,0,1,0,0,78,-17.01993572710232,240.001,5.3575509955881116e-08,5.3575509955881116e-08,25.690401137453623,25.690401137453623,23.419853538297275,23.419853538297275
1,0,0,1,1,1,1,0,0,1,0,1,0,1,0,1,0,1,0,0,0,1,1,1,0,0,1,0,1,1,0,1,1,0,1,0,1,1,1,1,0,1,0,0,0,0,1,0,1,1,0,1,0,1,1,1,0,0,1,0,0,0,1,0,0,1,1,0,1,1,0,0,0,1,0,1,0,1,0,0,1,-17.019898575967648,240.001,5.251912435300804e-08,5.251912435300804e-08,25.776926658812034,25.776926658812034,23.428063432896998,23.428063432896998
1,0,0,1,1,1,1,0,0,1,0,1,0,1,0,1,0,1,0,0,0,1,1,1,0,0,1,0,1,1,0,1,1,0,1,0,1,1,1,1,0,1,0,0,0,0,1,0,1,1,0,1,0,1,1,1,0,0,1,0,0,0,1,0,0,1,1,0,1,1,0,0,0,1,0,1,0,1,0,0,4,-17.022596310056727,240.001,5.2538591597918443e-08,5.2538591597918443e-08,25.772619425208774,25.772619425208774,22.868765442269286,22.868765442269286
1,0,0,1,1,1,1,0,0,1,0,1,0,1,0,1,0,1,0,0,0,1,1,1,0,0,1,0,1,1,0,1,1,0,1,0,1,1,1,1,0,1,0,0,0,0,1,0,1,1,0,1,0,1,1,1,0,0,1,0,0,0,1,0,0,1,1,0,1,1,0,0,0,1,0,1,0,1,0,0,5,-17.0239058461313,240.001,5.254177597576293e-08,5.254177597576293e-08,25.77104667008415,25.77104667008415,22.62110577070039,22.62110577070039
1,0,0,1,1,1,1,0,0,1,0,1,0,1,0,1,0,1,0,0,0,1,1,1,0,0,1,0,1,1,0,1,1,0,1,0,1,1,1,1,0,1,0,0,0,0,1,0,1,1,0,1,0,1,1,1,0,0,1,0,0,0,1,0,0,1,1,0,1,1,0,0,0,1,0,1,0,1,0,0,6,-17.02406149243597,240.001,5.255423895491886e-08,5.255423895491886e-08,25.76986099364857,25.76986099364857,22.592582533353163,22.592582533353163
1,0,0,1,1,1,1,0,0,1,0,1,0,1,0,1,0,1,0,0,0,1,1,1,0,0,1,0,1,1,0,1,1,0,1,0,1,1,1,1,0,1,0,0,0,0,1,0,1,1,0,1,0,1,1,1,0,0,1,0,0,0,1,0,0,1,1,0,1,1,0,0,0,1,0,1,0,1,0,0,7,-17.023074310484894,240.001,5.257589754355489e-08,5.257589754355489e-08,25.769058735201902,25.769058735201902,22.776729715096845,22.776729715096845
1,0,0,1,1,1,1,0,0,1,0,1,0,1,0,1,0,1,0,0,0,1,1,1,0,0,1,0,1,1,0,1,1,0,1,0,1,1,1,1,0,1,0,0,0,0,1,0,1,1,0,1,0,1,1,1,0,0,1,0,0,0,1,0,0,1,1,0,1,1,0,0,0,1,0,1,0,1,0,0,10,-17.02182342823493,240.001,5.262712277493103e-08,5.262712277493103e-08,25.76608030216953,25.76608030216953,23.021810175763395,23.021810175763395
1,0,0,1,1,1,1,0,0,1,0,1,0,1,0,1,0,1,0,0,0,1,1,1,0,0,1,0,1,1,0,1,1,0,1,0,1,1,1,1,0,1,0,0,0,0,1,0,1,1,0,1,0,1,1,1,0,0,1,0,0,0,1,0,0,1,1,0,1,1,0,0,0,1,0,1,0,1,0,0,12,-17.02209211726349,240.001,5.2652395196503144e-08,5.2652395196503144e-08,25.76372655924722,25.76372655924722,22.967994208424734,22.967994208424734
1,0,0,1,1,1,1,0,0,1,0,1,0,1,0,1,0,1,0,0,0,1,1,1,0,0,1,0,1,1,0,1,1,0,1,0,1,1,1,1,0,1,0,0,0,0,1,0,1,1,0,1,0,1,1,1,0,0,1,0,0,0,1,0,0,1,1,0,1,1,0,0,0,1,0,1,0,1,0,0,14,-17.022182375253713,240.001,5.2679104710111896e-08,5.2679104710111896e-08,25.76143377026988,25.76143377026988,22.950064220524848,22.950064220524848
1,0,0,1,1,1,1,0,0,1,0,1,0,1,0,1,0,1,0,0,0,1,1,1,0,0,1,0,1,1,0,1,1,0,1,0,1,1,1,1,0,1,0,0,0,0,1,0,1,1,0,1,0,1,1,1,0,0,1,0,0,0,1,0,0,1,1,0,1,1,0,0,0,1,0,1,0,1,0,0,16,-17.02218201899855,240.001,5.270654469115622e-08,5.270654469115622e-08,25.75917252208685,25.75917252208685,22.95013484696799,22.95013484696799
1,0,0,1,1,1,1,0,0,1,0,1,0,1,0,1,0,1,0,0,0,1,1,1,0,0,1,0,1,1,0,1,1,0,1,0,1,1,1,1,0,1,0,0,0,0,1,0,1,1,0,1,0,1,1,1,0,0,1,0,0,0,1,0,0,1,1,0,1,1,0,0,0,1,0,1,0,1,0,0,18,-17.02189703321485,240.001,5.273628280695961e-08,5.273628280695961e-08,25.757007820159306,25.757007820159306,23.007001657581938,23.007001657581938
1,0,0,1,1,1,1,0,0,1,0,1,0,1,0,1,0,1,0,0,0,1,1,1,0,0,1,0,1,1,0,1,1,0,1,0,1,1,1,1,0,1,0,0,0,0,1,0,1,1,0,1,0,1,1,1,0,0,1,0,0,0,1,0,0,1,1,0,1,1,0,0,0,1,0,1,0,1,0,0,22,-17.023483059183878,240.001,5.2778345637951e-08,5.2778345637951e-08,25.75195921148877,25.75195921148877,22.699538135550625,22.699538135550625
1,0,0,1,1,1,1,0,0,1,0,1,0,1,0,1,0,1,0,0,0,1,1,1,0,0,1,0,1,1,0,1,1,0,1,0,1,1,1,1,0,1,0,0,0,0,1,0,1,1,0,1,0,1,1,1,0,0,1,0,0,0,1,0,0,1,1,0,1,1,0,0,0,1,0,1,0,1,0,0,23,-17.024501741918915,240.001,5.278383053373348e-08,5.278383053373348e-08,25.75048921938125,25.75048921938125,22.512898196789134,22.512898196789134
1,0,0,1,1,1,1,0,0,1,0,1,0,1,0,1,0,1,0,0,0,1,1,1,0,0,1,0,1,1,0,1,1,0,1,0,1,1,1,1,0,1,0,0,0,0,1,0,1,1,0,1,0,1,1,1,0,0,1,0,0,0,1,0,0,1,1,0,1,1,0,0,0,1,0,1,0,1,0,0,24,-17.023763202453384,240.001,5.2803513136228317e-08,5.2803513136228317e-08,25.749608616730903,25.749608616730903,22.64741082159105,22.64741082159105
1,0,0,1,1,1,1,0,0,1,0,1,0,1,0,1,0,1,0,0,0,1,1,1,0,0,1,0,1,1,0,1,1,0,1,0,1,1,1,1,0,1,0,0,0,0,1,0,1,1,0,1,0,1,1,1,0,0,1,0,0,0,1,0,0,1,1,0,1,1,0,0,0,1,0,1,0,1,0,0,27,-17.02287436155704,240.001,5.2851848719970356e-08,5.2851848719970356e-08,25.746523806239484,25.746523806239484,22.814992733901835,22.814992733901835
1,0,0,1,1,1,1,0,0,1,0,1,0,1,0,1,0,1,0,0,0,1,1,1,0,0,1,0,1,1,0,1,1,0,1,0,1,1,1,1,0,1,0,0,0,0,1,0,1,1,0,1,0,1,1,1,0,0,1,0,0,0,1,0,0,1,1,0,1,1,0,0,0,1,0,1,0,1,0,0,29,-17.02420847572045,240.001,5.2868486232151697e-08,5.2868486232151697e-08,25.743822768712484,25.743822768712484,22.565816825894988,22.565816825894988
1,0,0,1,1,1,1,0,0,1,0,1,0,1,0,1,0,1,0,0,0,1,1,1,0,0,1,0,1,1,0,1,1,0,1,0,1,1,1,1,0,1,0,0,0,0,1,0,1,1,0,1,0,1,1,1,0,0,1,0,0,0,1,0,0,1,1,0,1,1,0,0,0,1,0,1,0,1,0,0,30,-17.024377869402564,240.001,5.2880829676977276e-08,5.2880829676977276e-08,25.742639526391503,25.742639526391503,22.535172287745322,22.535172287745322
1,0,0,1,1,1,1,0,0,1,0,1,0,1,0,1,0,1,0,0,0,1,1,1,0,0,1,0,1,1,0,1,1,0,1,0,1,1,1,1,0,1,0,0,0,0,1,0,1,1,0,1,0,1,1,1,0,0,1,0,0,0,1,0,0,1,1,0,1,1,0,0,0,1,0,1,0,1,0,0,32,-17.024511842734206,240.001,5.290717295613456e-08,5.290717295613456e-08,25.740342596821925,25.740342596821925,22.51108692192032,22.51108692192032
1,0,0,1,1,1,1,0,0,1,0,1,0,1,0,1,0,1,0,0,0,1,1,1,0,0,1,0,1,1,0,1,1,0,1,0,1,1,1,1,0,1,0,0,0,0,1,0,1,1,0,1,0,1,1,1,0,0,1,0,0,0,1,0,0,1,1,0,1,1,0,0,0,1,0,1,0,1,0,0,33,-17.02449710672822,240.001,5.292100595128209e-08,5.292100595128209e-08,25.739221984273865,25.739221984273865,22.513729629179316,22.513729629179316
1,0,0,1,1,1,1,0,0,1,0,1,0,1,0,1,0,1,0,0,0,1,1,1,0,0,1,0,1,1,0,1,1,0,1,0,1,1,1,1,0,1,0,0,0,0,1,0,1,1,0,1,0,1,1,1,0,0,1,0,0,0,1,0,0,1,1,0,1,1,0,0,0,1,0,1,0,1,0,0,35,-17.023739629631606,240.001,5.295457233382602e-08,5.295457233382602e-08,25.737225720528482,25.737225720528482,22.651773205647466,22.651773205647466
1,0,0,1,1,1,1,0,0,1,0,1,0,1,0,1,0,1,0,0,0,1,1,1,0,0,1,0,1,1,0,1,1,0,1,0,1,1,1,1,0,1,0,0,0,0,1,0,1,1,0,1,0,1,1,1,0,0,1,0,0,0,1,0,0,1,1,0,1,1,0,0,0,1,0,1,0,1,0,0,37,-17.02491794096994,240.001,5.29724497355362e-08,5.29724497355362e-08,25.7345814835301,25.7345814835301,22.438880807296556,22.438880807296556
1,0,0,1,1,1,1,0,0,1,0,1,0,1,0,1,0,1,0,0,0,1,1,1,0,0,1,0,1,1,0,1,1,0,1,0,1,1,1,1,0,1,0,0,0,0,1,0,1,1,0,1,0,1,1,1,0,0,1,0,0,0,1,0,0,1,1,0,1,1,0,0,0,1,0,1,0,1,0,0,38,-17.0257824604636,240.001,5.297915284124559e-08,5.297915284124559e-08,25.733167444868386,25.733167444868386,22.28902907714336,22.28902907714336
1,0,0,1,1,1,1,0,0,1,0,1,0,1,0,1,0,1,0,0,0,1,1,1,0,0,1,0,1,1,0,1,1,0,1,0,1,1,1,1,0,1,0,0,0,0,1,0,1,1,0,1,0,1,1,1,0,0,1,0,0,0,1,0,0,1,1,0,1,1,0,0,0,1,0,1,0,1,0,0,39,-17.025679334897582,240.001,5.299369988282176e-08,5.299369988282176e-08,25.732078246218943,25.732078246218943,22.30663668777542,22.30663668777542
1,0,0,1,1,1,1,0,0,1,0,1,0,1,0,1,0,1,0,0,0,1,1,1,0,0,1,0,1,1,0,1,1,0,1,0,1,1,1,1,0,1,0,0,0,0,1,0,1,1,0,1,0,1,1,1,0,0,1,0,0,0,1,0,0,1,1,0,1,1,0,0,0,1,0,1,0,1,0,0,40,-17.02458820142171,240.001,5.301626287603864e-08,5.301626287603864e-08,25.73132068862045,25.73132068862045,22.49741855741894,22.49741855741894
1,0,0,1,1,1,1,0,0,1,0,1,0,1,0,1,0,1,0,0,0,1,1,1,0,0,1,0,1,1,0,1,1,0,1,0,1,1,1,1,0,1,0,0,0,0,1,0,1,1,0,1,0,1,1,1,0,0,1,0,0,0,1,0,0,1,1,0,1,1,0,0,0,1,0,1,0,1,0,0,42,-17.02259600106604,240.001,5.305986529943411e-08,5.305986529943411e-08,25.72974256768509,25.72974256768509,22.868825568302835,22.868825568302835
1,0,0,1,1,1,1,0,0,1,0,1,0,1,0,1,0,1,0,0,0,1,1,1,0,0,1,0,1,1,0,1,1,0,1,0,1,1,1,1,0,1,0,0,0,0,1,0,1,1,0,1,0,1,1,1,0,0,1,0,0,0,1,0,0,1,1,0,1,1,0,0,0,1,0,1,0,1,0,0,47,-17.022293866665223,240.001,5.3130909509834824e-08,5.3130909509834824e-08,25.724233629851625,25.724233629851625,22.928017355748658,22.928017355748658
1,0,0,1,1,1,1,0,0,1,0,1,0,1,0,1,0,1,0,0,0,1,1,1,0,0,1,0,1,1,0,1,1,0,1,0,1,1,1,1,0,1,0,0,0,0,1,0,1,1,0,1,0,1,1,1,0,0,1,0,0,0,1,0,0,1,1,0,1,1,0,0,0,1,0,1,0,1,0,0,49,-17.023754000771447,240.001,5.3146466167265444e-08,5.3146466167265444e-08,25.72150207358538,25.72150207358538,22.649113165394574,22.649113165394574
1,0,0,1,1,1,1,0,0,1,0,1,0,1,0,1,0,1,0,0,0,1,1,1,0,0,1,0,1,1,0,1,1,0,1,0,1,1,1,1,0,1,0,0,0,0,1,0,1,1,0,1,0,1,1,1,0,0,1,0,0,0,1,0,0,1,1,0,1,1,0,0,0,1,0,1,0,1,0,0,50,-17.023865413392386,240.001,5.315927484063909e-08,5.315927484063909e-08,25.720344106725534,25.720344106725534,22.628545930379367,22.628545930379367
1,0,0,1,1,1,1,0,0,1,0,1,0,1,0,1,0,1,0,0,0,1,1,1,0,0,1,0,1,1,0,1,1,0,1,0,1,1,1,1,0,1,0,0,0,0,1,0,1,1,0,1,0,1,1,1,0,0,1,0,0,0,1,0,0,1,1,0,1,1,0,0,0,1,0,1,0,1,0,0,52,-17.023136694683515,240.001,5.319263769609737e-08,5.319263769609737e-08,25.718348040490575,25.718348040490575,22.764859939776436,22.764859939776436
1,0,0,1,1,1,1,0,0,1,0,1,0,1,0,1,0,1,0,0,0,1,1,1,0,0,1,0,1,1,0,1,1,0,1,0,1,1,1,1,0,1,0,0,0,0,1,0,1,1,0,1,0,1,1,1,0,0,1,0,0,0,1,0,0,1,1,0,1,1,0,0,0,1,0,1,0,1,0,0,54,-17.024110158966636,240.001,5.321214163274652e-08,5.321214163274652e-08,25.715782457467977,25.715782457467977,22.58370216196102,22.58370216196102
1,0,0,1,1,1,1,0,0,1,0,1,0,1,0,1,0,1,0,0,0,1,1,1,0,0,1,0,1,1,0,1,1,0,1,0,1,1,1,1,0,1,0,0,0,0,1,0,1,1,0,1,0,1,1,1,0,0,1,0,0,0,1,0,0,1,1,0,1,1,0,0,0,1,0,1,0,1,0,0,55,-17.024670065610344,240.001,5.3221294659740316e-08,5.3221294659740316e-08,25.71447558459554,25.71447558459554,22.482812056137007,22.482812056137007
1,0,0,1,1,1,1,0,0,1,0,1,0,1,0,1,0,1,0,0,0,1,1,1,0,0,1,0,1,1,0,1,1,0,1,0,1,1,1,1,0,1,0,0,0,0,1,0,1,1,0,1,0,1,1,1,0,0,1,0,0,0,1,0,0,1,1,0,1,1,0,0,0,1,0,1,0,1,0,0,56,-17.023608446112927,240.001,5.3243658794641386e-08,5.3243658794641386e-08,25.71371263737728,25.71371263737728,22.676129951699377,22.676129951699377
1,0,0,1,1,1,1,0,0,1,0,1,0,1,0,1,0,1,0,0,0,1,1,1,0,0,1,0,1,1,0,1,1,0,1,0,1,1,1,1,0,1,0,0,0,0,1,0,1,1,0,1,0,1,1,1,0,0,1,0,0,0,1,0,0,1,1,0,1,1,0,0,0,1,0,1,0,1,0,0,59,-17.021496178553917,240.001,5.3302035756585106e-08,5.3302035756585106e-08,25.711065858578536,25.711065858578536,23.088264417215953,23.088264417215953
1,0,0,1,1,1,1,0,0,1,0,1,0,1,0,1,0,1,0,0,0,1,1,1,0,0,1,0,1,1,0,1,1,0,1,0,1,1,1,1,0,1,0,0,0,0,1,0,1,1,0,1,0,1,1,1,0,0,1,0,0,0,1,0,0,1,1,0,1,1,0,0,0,1,0,1,0,1,0,0,63,-17.02124205202486,240.001,5.335899067559588e-08,5.335899067559588e-08,25.706681888096536,25.706681888096536,23.140576781761567,23.140576781761567
1,0,0,1,1,1,1,0,0,1,0,1,0,1,0,1,0,1,0,0,0,1,1,1,0,0,1,0,1,1,0,1,1,0,1,0,1,1,1,1,0,1,0,0,0,0,1,0,1,1,0,1,0,1,1,1,0,0,1,0,0,0,1,0,0,1,1,0,1,1,0,0,0,1,0,1,0,1,0,0,66,-17.02272322134877,240.001,5.338804484233366e-08,5.338804484233366e-08,25.70283661291416,25.70283661291416,22.844139723321312,22.844139723321312
1,0,0,1,1,1,1,0,0,1,0,1,0,1,0,1,0,1,0,0,0,1,1,1,0,0,1,0,1,1,0,1,1,0,1,0,1,1,1,1,0,1,0,0,0,0,1,0,1,1,0,1,0,1,1,1,0,0,1,0,0,0,1,0,0,1,1,0,1,1,0,0,0,1,0,1,0,1,0,0,67,-17.02297302188406,240.001,5.3399720050230104e-08,5.3399720050230104e-08,25.701637175800222,25.701637175800222,22.796070789916687,22.796070789916687
1,0,0,1,1,1,1,0,0,1,0,1,0,1,0,1,0,1,0,0,0,1,1,1,0,0,1,0,1,1,0,1,1,0,1,0,1,1,1,1,0,1,0,0,0,0,1,0,1,1,0,1,0,1,1,1,0,0,1,0,0,0,1,0,0,1,1,0,1,1,0,0,0,1,0,1,0,1,0,0,69,-17.022813407918274,240.001,5.342845879614487e-08,5.342845879614487e-08,25.699460125563082,25.699460125563082,22.82672407693032,22.82672407693032
1,0,0,1,1,1,1,0,0,1,0,1,0,1,0,1,0,1,0,0,0,1,1,1,0,0,1,0,1,1,0,1,1,0,1,0,1,1,1,1,0,1,0,0,0,0,1,0,1,1,0,1,0,1,1,1,0,0,1,0,0,0,1,0,0,1,1,0,1,1,0,0,0,1,0,1,0,1,0,0,70,-17.022380315452537,240.001,5.3445719248454676e-08,5.3445719248454676e-08,25.698490424688906,25.698490424688906,22.91099886090036,22.91099886090036
1,0,0,1,1,1,1,0,0,1,0,1,0,1,0,1,0,1,0,0,0,1,1,1,0,0,1,0,1,1,0,1,1,0,1,0,1,1,1,1,0,1,0,0,0,0,1,0,1,1,0,1,0,1,1,1,0,0,1,0,0,0,1,0,0,1,1,0,1,1,0,0,0,1,0,1,0,1,0,0,74,-17.020770974605245,240.001,5.351377353326047e-08,5.351377353326047e-08,25.694573261327793,25.694573261327793,23.239239347767402,23.239239347767402
1,0,0,1,1,1,1,0,0,1,0,1,0,1,0,1,0,1,0,0,0,1,1,1,0,0,1,0,1,1,0,1,1,0,1,0,1,1,1,1,0,1,0,0,0,0,1,0,1,1,0,1,0,1,1,1,0,0,1,0,0,0,1,0,0,1,1,0,1,1,0,0,0,1,0,1,0,1,0,0,76,-17.02074811974482,240.001,5.354140321524429e-08,5.354140321524429e-08,25.6923543901824,25.6923543901824,23.244083286454106,23.244083286454106
1,0,0,1,1,1,1,0,0,1,0,1,0,1,0,1,0,1,0,0,0,1,1,1,0,0,1,0,1,1,0,1,1,0,1,0,1,1,1,1,0,1,0,0,0,0,1,0,1,1,0,1,0,1,1,1,0,0,1,0,0,0,1,0,0,1,1,0,1,1,0,0,0,1,0,1,0,1,0,0,78,-17.019974162156302,240.001,5.35751948875002e-08,5.35751948875002e-08,25.690388242588003,25.690388242588003,23.411376143578046,23.411376143578046
1,0,0,1,1,1,1,0,0,1,0,1,0,1,0,1,0,1,0,0,0,1,1,1,0,0,1,0,1,1,0,1,1,0,1,0,1,1,1,1,0,1,0,1,0,0,1,0,1,1,0,1,0,1,1,1,0,0,1,0,0,0,1,0,0,1,1,0,1,1,0,0,0,1,0,1,0,1,0,0,1,-17.01994149888838,240.001,5.25187793834157e-08,5.25187793834157e-08,25.776912262429832,25.776912262429832,23.418579437658785,23.418579437658785
1,0,0,1,1,1,1,0,0,1,0,1,0,1,0,1,0,1,0,0,0,1,1,1,0,0,1,0,1,1,0,1,1,0,1,0,1,1,1,1,0,1,0,1,0,0,1,0,1,1,0,1,0,1,1,1,0,0,1,0,0,0,1,0,0,1,1,0,1,1,0,0,0,1,0,1,0,1,0,0,4,-17.022642405616043,240.001,5.2538221118684613e-08,5.2538221118684613e-08,25.77260395431017,25.77260395431017,22.85980504073129,22.85980504073129
1,0,0,1,1,1,1,0,0,1,0,1,0,1,0,1,0,1,0,0,0,1,1,1,0,0,1,0,1,1,0,1,1,0,1,0,1,1,1,1,0,1,0,1,0,0,1,0,1,1,0,1,0,1,1,1,0,0,1,0,0,0,1,0,0,1,1,0,1,1,0,0,0,1,0,1,0,1,0,0,5,-17.023953100749978,240.001,5.254139621983608e-08,5.254139621983608e-08,25.771030805059077,25.771030805059077,22.61242632994545,22.61242632994545
1,0,0,1,1,1,1,0,0,1,0,1,0,1,0,1,0,1,0,0,0,1,1,1,0,0,1,0,1,1,0,1,1,0,1,0,1,1,1,1,0,1,0,1,0,0,1,0,1,1,0,1,0,1,1,1,0,0,1,0,0,0,1,0,0,1,1,0,1,1,0,0,0,1,0,1,0,1,0,0,6,-17.02410998863814,240.001,5.2553849134145796e-08,5.2553849134145796e-08,25.76984471133474,25.76984471133474,22.583733210994346,22.583733210994346
1,0,0,1,1,1,1,0,0,1,0,1,0,1,0,1,0,1,0,0,0,1,1,1,0,0,1,0,1,1,0,1,1,0,1,0,1,1,1,1,0,1,0,1,0,0,1,0,1,1,0,1,0,1,1,1,0,0,1,0,0,0,1,0,0,1,1,0,1,1,0,0,0,1,0,1,0,1,0,0,7,-17.02312413728343,240.001,5.2575496808534716e-08,5.2575496808534716e-08,25.76904201058124,25.76904201058124,22.76724663022973,22.76724663022973
1,0,0,1,1,1,1,0,0,1,0,1,0,1,0,1,0,1,0,0,0,1,1,1,0,0,1,0,1,1,0,1,1,0,1,0,1,1,1,1,0,1,0,1,0,0,1,0,1,1,0,1,0,1,1,1,0,0,1,0,0,0,1,0,0,1,1,0,1,1,0,0,0,1,0,1,0,1,0,0,10,-17.02187767925572,240.001,5.262668595826614e-08,5.262668595826614e-08,25.766062098693144,25.766062098693144,23.010890596782467,23.010890596782467
1,0,0,1,1,1,1,0,0,1,0,1,0,1,0,1,0,1,0,0,0,1,1,1,0,0,1,0,1,1,0,1,1,0,1,0,1,1,1,1,0,1,0,1,0,0,1,0,1,1,0,1,0,1,1,1,0,0,1,0,0,0,1,0,0,1,1,0,1,1,0,0,0,1,0,1,0,1,0,0,12,-17.022149754684392,240.001,5.265193090258848e-08,5.265193090258848e-08,25.763707218502745,25.763707218502745,22.95653588671327,22.95653588671327
1,0,0,1,1,1,1,0,0,1,0,1,0,1,0,1,0,1,0,0,0,1,1,1,0,0,1,0,1,1,0,1,1,0,1,0,1,1,1,1,0,1,0,1,0,0,1,0,1,1,0,1,0,1,1,1,0,0,1,0,0,0,1,0,0,1,1,0,1,1,0,0,0,1,0,1,0,1,0,0,14,-17.022243854952258,240.001,5.267860921502815e-08,5.267860921502815e-08,25.761413140125235,25.761413140125235,22.937893150326083,22.937893150326083
1,0,0,1,1,1,1,0,0,1,0,1,0,1,0,1,0,1,0,0,0,1,1,1,0,0,1,0,1,1,0,1,1,0,1,0,1,1,1,1,0,1,0,1,0,0,1,0,1,1,0,1,0,1,1,1,0,0,1,0,0,0,1,0,0,1,1,0,1,1,0,0,0,1,0,1,0,1,0,0,16,-17.02224789234629,240.001,5.270601350371754e-08,5.270601350371754e-08,25.75915041805416,25.75915041805416,22.937095058001976,22.937095058001976
1,0,0,1,1,1,1,0,0,1,0,1,0,1,0,1,0,1,0,0,0,1,1,1,0,0,1,0,1,1,0,1,1,0,1,0,1,1,1,1,0,1,0,1,0,0,1,0,1,1,0,1,0,1,1,1,0,0,1,0,0,0,1,0,0,1,1,0,1,1,0,0,0,1,0,1,0,1,0,0,18,-17.02196798415061,240.001,5.273571032510783e-08,5.273571032510783e-08,25.756984014574996,25.756984014574996,22.99277450489327,22.99277450489327
1,0,0,1,1,1,1,0,0,1,0,1,0,1,0,1,0,1,0,0,0,1,1,1,0,0,1,0,1,1,0,1,1,0,1,0,1,1,1,1,0,1,0,1,0,0,1,0,1,1,0,1,0,1,1,1,0,0,1,0,0,0,1,0,0,1,1,0,1,1,0,0,0,1,0,1,0,1,0,0,22,-17.023566864548187,240.001,5.2777669025950166e-08,5.2777669025950166e-08,25.751931082508097,25.751931082508097,22.68387881455181,22.68387881455181
1,0,0,1,1,1,1,0,0,1,0,1,0,1,0,1,0,1,0,0,0,1,1,1,0,0,1,0,1,1,0,1,1,0,1,0,1,1,1,1,0,1,0,1,0,0,1,0,1,1,0,1,0,1,1,1,0,0,1,0,0,0,1,0,0,1,1,0,1,1,0,0,0,1,0,1,0,1,0,0,23,-17.02458950708294,240.001,5.278312196344055e-08,5.278312196344055e-08,25.75045975431228,25.75045975431228,22.497185212912235,22.497185212912235
1,0,0,1,1,1,1,0,0,1,0,1,0,1,0,1,0,1,0,0,0,1,1,1,0,0,1,0,1,1,0,1,1,0,1,0,1,1,1,1,0,1,0,1,0,0,1,0,1,1,0,1,0,1,1,1,0,0,1,0,0,0,1,0,0,1,1,0,1,1,0,0,0,1,0,1,0,1,0,0,24,-17.023855385832785,240.001,5.280276853825498e-08,5.280276853825498e-08,25.749577674934088,25.749577674934088,22.630393097715423,22.630393097715423
1,0,0,1,1,1,1,0,0,1,0,1,0,1,0,1,0,1,0,0,0,1,1,1,0,0,1,0,1,1,0,1,1,0,1,0,1,1,1,1,0,1,0,1,0,0,1,0,1,1,0,1,0,1,1,1,0,0,1,0,0,0,1,0,0,1,1,0,1,1,0,0,0,1,0,1,0,1,0,0,27,-17.022982858198116,240.001,5.285097143535792e-08,5.285097143535792e-08,25.746487398472798,25.746487398472798,22.794188783257923,22.794188783257923
1,0,0,1,1,1,1,0,0,1,0,1,0,1,0,1,0,1,0,0,0,1,1,1,0,0,1,0,1,1,0,1,1,0,1,0,1,1,1,1,0,1,0,1,0,0,1,0,1,1,0,1,0,1,1,1,0,0,1,0,0,0,1,0,0,1,1,0,1,1,0,0,0,1,0,1,0,1,0,0,29,-17.02433138528371,240.001,5.286749224771741e-08,5.286749224771741e-08,25.743781511952967,25.743781511952967,22.543560214381788,22.543560214381788
1,0,0,1,1,1,1,0,0,1,0,1,0,1,0,1,0,1,0,0,0,1,1,1,0,0,1,0,1,1,0,1,1,0,1,0,1,1,1,1,0,1,0,1,0,0,1,0,1,1,0,1,0,1,1,1,0,0,1,0,0,0,1,0,0,1,1,0,1,1,0,0,0,1,0,1,0,1,0,0,30,-17.024509558425546,240.001,5.287976444884166e-08,5.287976444884166e-08,25.7425953222593,25.7425953222593,22.511496477668913,22.511496477668913
1,0,0,1,1,1,1,0,0,1,0,1,0,1,0,1,0,1,0,0,0,1,1,1,0,0,1,0,1,1,0,1,1,0,1,0,1,1,1,1,0,1,0,1,0,0,1,0,1,1,0,1,0,1,1,1,0,0,1,0,0,0,1,0,0,1,1,0,1,1,0,0,0,1,0,1,0,1,0,0,32,-17.024665489130008,240.001,5.290592949095938e-08,5.290592949095938e-08,25.740291022863573,25.740291022863573,22.48362732028909,22.48362732028909
1,0,0,1,1,1,1,0,0,1,0,1,0,1,0,1,0,1,0,0,0,1,1,1,0,0,1,0,1,1,0,1,1,0,1,0,1,1,1,1,0,1,0,1,0,0,1,0,1,1,0,1,0,1,1,1,0,0,1,0,0,0,1,0,0,1,1,0,1,1,0,0,0,1,0,1,0,1,0,0,33,-17.024664737893758,240.001,5.29196489213227e-08,5.29196489213227e-08,25.739165718750176,25.739165718750176,22.48376116168927,22.48376116168927
1,0,0,1,1,1,1,0,0,1,0,1,0,1,0,1,0,1,0,0,0,1,1,1,0,0,1,0,1,1,0,1,1,0,1,0,1,1,1,1,0,1,0,1,0,0,1,0,1,1,0,1,0,1,1,1,0,0,1,0,0,0,1,0,0,1,1,0,1,1,0,0,0,1,0,1,0,1,0,0,35,-17.023944609415025,240.001,5.295291169370322e-08,5.295291169370322e-08,25.737156936378156,25.737156936378156,22.613984695739674,22.613984695739674
1,0,0,1,1,1,1,0,0,1,0,1,0,1,0,1,0,1,0,0,0,1,1,1,0,0,1,0,1,1,0,1,1,0,1,0,1,1,1,1,0,1,0,1,0,0,1,0,1,1,0,1,0,1,1,1,0,0,1,0,0,0,1,0,0,1,1,0,1,1,0,0,0,1,0,1,0,1,0,0,37,-17.02518144514943,240.001,5.2970314493852175e-08,5.2970314493852175e-08,25.734493040608974,25.734493040608974,22.392659159283298,22.392659159283298
1,0,0,1,1,1,1,0,0,1,0,1,0,1,0,1,0,1,0,0,0,1,1,1,0,0,1,0,1,1,0,1,1,0,1,0,1,1,1,1,0,1,0,1,0,0,1,0,1,1,0,1,0,1,1,1,0,0,1,0,0,0,1,0,0,1,1,0,1,1,0,0,0,1,0,1,0,1,0,0,38,-17.0260898661642,240.001,5.297666173101584e-08,5.297666173101584e-08,25.733064251731513,25.733064251731513,22.236959939744562,22.236959939744562
1,0,0,1,1,1,1,0,0,1,0,1,0,1,0,1,0,1,0,0,0,1,1,1,0,0,1,0,1,1,0,1,1,0,1,0,1,1,1,1,0,1,0,1,0,0,1,0,1,1,0,1,0,1,1,1,0,0,1,0,0,0,1,0,0,1,1,0,1,1,0,0,0,1,0,1,0,1,0,0,39,-17.026048387425043,240.001,5.2990708229009546e-08,5.2990708229009546e-08,25.731954372914707,25.731954372914707,22.243949597143754,22.243949597143754
1,0,0,1,1,1,1,0,0,1,0,1,0,1,0,1,0,1,0,0,0,1,1,1,0,0,1,0,1,1,0,1,1,0,1,0,1,1,1,1,0,1,0,1,0,0,1,0,1,1,0,1,0,1,1,1,0,0,1,0,0,0,1,0,0,1,1,0,1,1,0,0,0,1,0,1,0,1,0,0,40,-17.025050020113163,240.001,5.301251693659194e-08,5.301251693659194e-08,25.731165737712406,25.731165737712406,22.415651474417324,22.415651474417324
1,0,0,1,1,1,1,0,0,1,0,1,0,1,0,1,0,1,0,0,0,1,1,1,0,0,1,0,1,1,0,1,1,0,1,0,1,1,1,1,0,1,0,1,0,0,1,0,1,1,0,1,0,1,1,1,0,0,1,0,0,0,1,0,0,1,1,0,1,1,0,0,0,1,0,1,0,1,0,0,42,-17.023524536554365,240.001,5.305232514768357e-08,5.305232514768357e-08,25.729431236740314,25.729431236740314,22.69178092657866,22.69178092657866
1,0,0,1,1,1,1,0,0,1,0,1,0,1,0,1,0,1,0,0,0,1,1,1,0,0,1,0,1,1,0,1,1,0,1,0,1,1,1,1,0,1,0,1,0,0,1,0,1,1,0,1,0,1,1,1,0,0,1,0,0,0,1,0,0,1,1,0,1,1,0,0,0,1,0,1,0,1,0,0,44,-17.02292450708361,240.001,5.308463098423902e-08,5.308463098423902e-08,25.727387465692587,25.727387465692587,22.80536513598878,22.80536513598878
1,0,0,1,1,1,1,0,0,1,0,1,0,1,0,1,0,1,0,0,0,1,1,1,0,0,1,0,1,1,0,1,1,0,1,0,1,1,1,1,0,1,0,1,0,0,1,0,1,1,0,1,0,1,1,1,0,0,1,0,0,0,1,0,0,1,1,0,1,1,0,0,0,1,0,1,0,1,0,0,47,-17.022910931905407,240.001,5.312589184934249e-08,5.312589184934249e-08,25.724026729840887,25.724026729840887,22.807969382137593,22.807969382137593
1,0,0,1,1,1,1,0,0,1,0,1,0,1,0,1,0,1,0,0,0,1,1,1,0,0,1,0,1,1,0,1,1,0,1,0,1,1,1,1,0,1,0,1,0,0,1,0,1,1,0,1,0,1,1,1,0,0,1,0,0,0,1,0,0,1,1,0,1,1,0,0,0,1,0,1,0,1,0,0,49,-17.024123343054228,240.001,5.314346274227363e-08,5.314346274227363e-08,25.721378167707435,25.721378167707435,22.58129951570919,22.58129951570919
1,0,0,1,1,1,1,0,0,1,0,1,0,1,0,1,0,1,0,0,0,1,1,1,0,0,1,0,1,1,0,1,1,0,1,0,1,1,1,1,0,1,0,1,0,0,1,0,1,1,0,1,0,1,1,1,0,0,1,0,0,0,1,0,0,1,1,0,1,1,0,0,0,1,0,1,0,1,0,0,50,-17.024173055219684,240.001,5.315677269580757e-08,5.315677269580757e-08,25.720240887037438,25.720240887037438,22.572251923983288,22.572251923983288
1,0,0,1,1,1,1,0,0,1,0,1,0,1,0,1,0,1,0,0,0,1,1,1,0,0,1,0,1,1,0,1,1,0,1,0,1,1,1,1,0,1,0,1,0,0,1,0,1,1,0,1,0,1,1,1,0,0,1,0,0,0,1,0,0,1,1,0,1,1,0,0,0,1,0,1,0,1,0,0,52,-17.02336739320821,240.001,5.31907600812892e-08,5.31907600812892e-08,25.71827064365909,25.71827064365909,22.7212433845424,22.7212433845424
1,0,0,1,1,1,1,0,0,1,0,1,0,1,0,1,0,1,0,0,0,1,1,1,0,0,1,0,1,1,0,1,1,0,1,0,1,1,1,1,0,1,0,1,0,0,1,0,1,1,0,1,0,1,1,1,0,0,1,0,0,0,1,0,0,1,1,0,1,1,0,0,0,1,0,1,0,1,0,0,54,-17.024294604307563,240.001,5.3210640154384775e-08,5.3210640154384775e-08,25.715720558024895,25.715720558024895,22.550208672731834,22.550208672731834
1,0,0,1,1,1,1,0,0,1,0,1,0,1,0,1,0,1,0,0,0,1,1,1,0,0,1,0,1,1,0,1,1,0,1,0,1,1,1,1,0,1,0,1,0,0,1,0,1,1,0,1,0,1,1,1,0,0,1,0,0,0,1,0,0,1,1,0,1,1,0,0,0,1,0,1,0,1,0,0,55,-17.02483768775975,240.001,5.321993002774368e-08,5.321993002774368e-08,25.71441932007993,25.71441932007993,22.453055865011365,22.453055865011365
1,0,0,1,1,1,1,0,0,1,0,1,0,1,0,1,0,1,0,0,0,1,1,1,0,0,1,0,1,1,0,1,1,0,1,0,1,1,1,1,0,1,0,1,0,0,1,0,1,1,0,1,0,1,1,1,0,0,1,0,0,0,1,0,0,1,1,0,1,1,0,0,0,1,0,1,0,1,0,0,56,-17.02376214714676,240.001,5.324240682661134e-08,5.324240682661134e-08,25.713661057274262,25.713661057274262,22.647606023371573,22.647606023371573
1,0,0,1,1,1,1,0,0,1,0,1,0,1,0,1,0,1,0,0,0,1,1,1,0,0,1,0,1,1,0,1,1,0,1,0,1,1,1,1,0,1,0,1,0,0,1,0,1,1,0,1,0,1,1,1,0,0,1,0,0,0,1,0,0,1,1,0,1,1,0,0,0,1,0,1,0,1,0,0,59,-17.021619221063997,240.001,5.3301032172643756e-08,5.3301032172643756e-08,25.711024586879812,25.711024586879812,23.06315945678428,23.06315945678428
1,0,0,1,1,1,1,0,0,1,0,1,0,1,0,1,0,1,0,0,0,1,1,1,0,0,1,0,1,1,0,1,1,0,1,0,1,1,1,1,0,1,0,1,0,0,1,0,1,1,0,1,0,1,1,1,0,0,1,0,0,0,1,0,0,1,1,0,1,1,0,0,0,1,0,1,0,1,0,0,63,-17.021339188662388,240.001,5.3358197538029664e-08,5.3358197538029664e-08,25.706649306246135,25.706649306246135,23.12050694095803,23.12050694095803
1,0,0,1,1,1,1,0,0,1,0,1,0,1,0,1,0,1,0,0,0,1,1,1,0,0,1,0,1,1,0,1,1,0,1,0,1,1,1,1,0,1,0,1,0,0,1,0,1,1,0,1,0,1,1,1,0,0,1,0,0,0,1,0,0,1,1,0,1,1,0,0,0,1,0,1,0,1,0,0,66,-17.022807058373907,240.001,5.3387360068617175e-08,5.3387360068617175e-08,25.702808480373903,25.702808480373903,22.827947946637835,22.827947946637835
1,0,0,1,1,1,1,0,0,1,0,1,0,1,0,1,0,1,0,0,0,1,1,1,0,0,1,0,1,1,0,1,1,0,1,0,1,1,1,1,0,1,0,1,0,0,1,0,1,1,0,1,0,1,1,1,0,0,1,0,0,0,1,0,0,1,1,0,1,1,0,0,0,1,0,1,0,1,0,0,67,-17.023053203081144,240.001,5.3399065022211703e-08,5.3399065022211703e-08,25.70161026769116,25.70161026769116,22.780753116095287,22.780753116095287
1,0,0,1,1,1,1,0,0,1,0,1,0,1,0,1,0,1,0,0,0,1,1,1,0,0,1,0,1,1,0,1,1,0,1,0,1,1,1,1,0,1,0,1,0,0,1,0,1,1,0,1,0,1,1,1,0,0,1,0,0,0,1,0,0,1,1,0,1,1,0,0,0,1,0,1,0,1,0,0,69,-17.02288717582321,240.001,5.3427855831278595e-08,5.3427855831278595e-08,25.69943537007545,25.69943537007545,22.812530462213836,22.812530462213836
1,0,0,1,1,1,1,0,0,1,0,1,0,1,0,1,0,1,0,0,0,1,1,1,0,0,1,0,1,1,0,1,1,0,1,0,1,1,1,1,0,1,0,1,0,0,1,0,1,1,0,1,0,1,1,1,0,0,1,0,0,0,1,0,0,1,1,0,1,1,0,0,0,1,0,1,0,1,0,0,70,-17.022451255632703,240.001,5.344513918278722e-08,5.344513918278722e-08,25.698466620311038,25.698466620311038,22.89708281784349,22.89708281784349
1,0,0,1,1,1,1,0,0,1,0,1,0,1,0,1,0,1,0,0,0,1,1,1,0,0,1,0,1,1,0,1,1,0,1,0,1,1,1,1,0,1,0,1,0,0,1,0,1,1,0,1,0,1,1,1,0,0,1,0,0,0,1,0,0,1,1,0,1,1,0,0,0,1,0,1,0,1,0,0,74,-17.02083249086874,240.001,5.351326978741918e-08,5.351326978741918e-08,25.694552627075492,25.694552627075492,23.226228028660984,23.226228028660984
1,0,0,1,1,1,1,0,0,1,0,1,0,1,0,1,0,1,0,0,0,1,1,1,0,0,1,0,1,1,0,1,1,0,1,0,1,1,1,1,0,1,0,1,0,0,1,0,1,1,0,1,0,1,1,1,0,0,1,0,0,0,1,0,0,1,1,0,1,1,0,0,0,1,0,1,0,1,0,0,76,-17.020805789918768,240.001,5.3540930723550407e-08,5.3540930723550407e-08,25.692335045757964,25.692335045757964,23.231870788119412,23.231870788119412
1,0,0,1,1,1,1,0,0,1,0,1,0,1,0,1,0,1,0,0,0,1,1,1,0,0,1,0,1,1,0,1,1,0,1,0,1,1,1,1,0,1,0,1,0,0,1,0,1,1,0,1,0,1,1,1,0,0,1,0,0,0,1,0,0,1,1,0,1,1,0,0,0,1,0,1,0,1,0,0,78,-17.020028454521114,240.001,5.357474974889334e-08,5.357474974889334e-08,25.690370034467808,25.690370034467808,23.39942919431172,23.39942919431172
1,0,0,1,1,1,1,0,0,1,0,1,0,1,0,1,0,1,0,0,0,1,1,1,0,0,1,0,1,1,0,1,1,0,1,0,1,1,1,1,0,1,0,1,0,0,1,0,1,1,0,1,0,1,1,1,0,0,1,0,0,0,1,0,0,1,1,0,1,1,0,1,0,1,0,1,0,1,0,0,1,-17.019967496551182,240.001,5.251857043627523e-08,5.251857043627523e-08,25.77690354330467,25.77690354330467,23.41284515687843,23.41284515687843
1,0,0,1,1,1,1,0,0,1,0,1,0,1,0,1,0,1,0,0,0,1,1,1,0,0,1,0,1,1,0,1,1,0,1,0,1,1,1,1,0,1,0,1,0,0,1,0,1,1,0,1,0,1,1,1,0,0,1,0,0,0,1,0,0,1,1,0,1,1,0,1,0,1,0,1,0,1,0,0,4,-17.02266952241203,240.001,5.2538003171350425e-08,5.2538003171350425e-08,25.772594853640136,25.772594853640136,22.85454245337151,22.85454245337151
1,0,0,1,1,1,1,0,0,1,0,1,0,1,0,1,0,1,0,0,0,1,1,1,0,0,1,0,1,1,0,1,1,0,1,0,1,1,1,1,0,1,0,1,0,0,1,0,1,1,0,1,0,1,1,1,0,0,1,0,0,0,1,0,0,1,1,0,1,1,0,1,0,1,0,1,0,1,0,0,5,-17.023980608689435,240.001,5.254117515208807e-08,5.254117515208807e-08,25.771021570083796,25.771021570083796,22.607381771872603,22.607381771872603
1,0,0,1,1,1,1,0,0,1,0,1,0,1,0,1,0,1,0,0,0,1,1,1,0,0,1,0,1,1,0,1,1,0,1,0,1,1,1,1,0,1,0,1,0,0,1,0,1,1,0,1,0,1,1,1,0,0,1,0,0,0,1,0,0,1,1,0,1,1,0,1,0,1,0,1,0,1,0,0,6,-17.02413791195425,240.001,5.255362467886209e-08,5.255362467886209e-08,25.76983533659327,25.76983533659327,22.57864604012012,22.57864604012012
1,0,0,1,1,1,1,0,0,1,0,1,0,1,0,1,0,1,0,0,0,1,1,1,0,0,1,0,1,1,0,1,1,0,1,0,1,1,1,1,0,1,0,1,0,0,1,0,1,1,0,1,0,1,1,1,0,0,1,0,0,0,1,0,0,1,1,0,1,1,0,1,0,1,0,1,0,1,0,0,7,-17.02315250120894,240.001,5.257526868781818e-08,5.257526868781818e-08,25.769032490373686,25.769032490373686,22.76185756612088,22.76185756612088
1,0,0,1,1,1,1,0,0,1,0,1,0,1,0,1,0,1,0,0,0,1,1,1,0,0,1,0,1,1,0,1,1,0,1,0,1,1,1,1,0,1,0,1,0,0,1,0,1,1,0,1,0,1,1,1,0,0,1,0,0,0,1,0,0,1,1,0,1,1,0,1,0,1,0,1,0,1,0,0,10,-17.02190743023181,240.001,5.262644640959932e-08,5.262644640959932e-08,25.76605211618604,25.76605211618604,23.00491393518111,23.00491393518111
1,0,0,1,1,1,1,0,0,1,0,1,0,1,0,1,0,1,0,0,0,1,1,1,0,0,1,0,1,1,0,1,1,0,1,0,1,1,1,1,0,1,0,1,0,0,1,0,1,1,0,1,0,1,1,1,0,0,1,0,0,0,1,0,0,1,1,0,1,1,0,1,0,1,0,1,0,1,0,0,12,-17.022180494510696,240.001,5.2651683280937286e-08,5.2651683280937286e-08,25.76369690356262,25.76369690356262,22.950437084706202,22.950437084706202
1,0,0,1,1,1,1,0,0,1,0,1,0,1,0,1,0,1,0,0,0,1,1,1,0,0,1,0,1,1,0,1,1,0,1,0,1,1,1,1,0,1,0,1,0,0,1,0,1,1,0,1,0,1,1,1,0,0,1,0,0,0,1,0,0,1,1,0,1,1,0,1,0,1,0,1,0,1,0,0,14,-17.022275654012155,240.001,5.2678352933150016e-08,5.2678352933150016e-08,25.761402469579906,25.761402469579906,22.931611215351335,22.931611215351335
1,0,0,1,1,1,1,0,0,1,0,1,0,1,0,1,0,1,0,0,0,1,1,1,0,0,1,0,1,1,0,1,1,0,1,0,1,1,1,1,0,1,0,1,0,0,1,0,1,1,0,1,0,1,1,1,0,0,1,0,0,0,1,0,0,1,1,0,1,1,0,1,0,1,0,1,0,1,0,0,16,-17.02228082745302,240.001,5.2705747926952244e-08,5.2705747926952244e-08,25.759139366373354,25.759139366373354,22.93059005163387,22.93059005163387
1,0,0,1,1,1,1,0,0,1,0,1,0,1,0,1,0,1,0,0,0,1,1,1,0,0,1,0,1,1,0,1,1,0,1,0,1,1,1,1,0,1,0,1,0,0,1,0,1,1,0,1,0,1,1,1,0,0,1,0,0,0,1,0,0,1,1,0,1,1,0,1,0,1,0,1,0,1,0,0,18,-17.022002143197756,240.001,5.2735434712632166e-08,5.2735434712632166e-08,25.7569725531059,25.7569725531059,22.985941401304643,22.985941401304643
1,0,0,1,1,1,1,0,0,1,0,1,0,1,0,1,0,1,0,0,0,1,1,1,0,0,1,0,1,1,0,1,1,0,1,0,1,1,1,1,0,1,0,1,0,0,1,0,1,1,0,1,0,1,1,1,0,0,1,0,0,0,1,0,0,1,1,0,1,1,0,1,0,1,0,1,0,1,0,0,22,-17.02360373429825,240.001,5.277737136536533e-08,5.277737136536533e-08,25.751918706585894,25.751918706585894,22.67700732350237,22.67700732350237
1,0,0,1,1,1,1,0,0,1,0,1,0,1,0,1,0,1,0,0,0,1,1,1,0,0,1,0,1,1,0,1,1,0,1,0,1,1,1,1,0,1,0,1,0,0,1,0,1,1,0,1,0,1,1,1,0,0,1,0,0,0,1,0,0,1,1,0,1,1,0,1,0,1,0,1,0,1,0,0,23,-17.024627114999454,240.001,5.278281835084394e-08,5.278281835084394e-08,25.750447127421836,25.750447127421836,22.49046936595288,22.49046936595288
1,0,0,1,1,1,1,0,0,1,0,1,0,1,0,1,0,1,0,0,0,1,1,1,0,0,1,0,1,1,0,1,1,0,1,0,1,1,1,1,0,1,0,1,0,0,1,0,1,1,0,1,0,1,1,1,0,0,1,0,0,0,1,0,0,1,1,0,1,1,0,1,0,1,0,1,0,1,0,0,24,-17.023893788594183,240.001,5.280245836263981e-08,5.280245836263981e-08,25.749564783705033,25.749564783705033,22.623323191070224,22.623323191070224
1,0,0,1,1,1,1,0,0,1,0,1,0,1,0,1,0,1,0,0,0,1,1,1,0,0,1,0,1,1,0,1,1,0,1,0,1,1,1,1,0,1,0,1,0,0,1,0,1,1,0,1,0,1,1,1,0,0,1,0,0,0,1,0,0,1,1,0,1,1,0,1,0,1,0,1,0,1,0,0,27,-17.02302383557694,240.001,5.2850640123644906e-08,5.2850640123644906e-08,25.74647364619426,25.74647364619426,22.786357196748916,22.786357196748916
1,0,0,1,1,1,1,0,0,1,0,1,0,1,0,1,0,1,0,0,0,1,1,1,0,0,1,0,1,1,0,1,1,0,1,0,1,1,1,1,0,1,0,1,0,0,1,0,1,1,0,1,0,1,1,1,0,0,1,0,0,0,1,0,0,1,1,0,1,1,0,1,0,1,0,1,0,1,0,0,29,-17.024374247096535,240.001,5.286714565015098e-08,5.286714565015098e-08,25.743767122439003,25.743767122439003,22.53582534404893,22.53582534404893
1,0,0,1,1,1,1,0,0,1,0,1,0,1,0,1,0,1,0,0,0,1,1,1,0,0,1,0,1,1,0,1,1,0,1,0,1,1,1,1,0,1,0,1,0,0,1,0,1,1,0,1,0,1,1,1,0,0,1,0,0,0,1,0,0,1,1,0,1,1,0,1,0,1,0,1,0,1,0,0,30,-17.024553438439963,240.001,5.2879409541723344e-08,5.2879409541723344e-08,25.742580590392944,25.742580590392944,22.50363589985931,22.50363589985931
1,0,0,1,1,1,1,0,0,1,0,1,0,1,0,1,0,1,0,0,0,1,1,1,0,0,1,0,1,1,0,1,1,0,1,0,1,1,1,1,0,1,0,1,0,0,1,0,1,1,0,1,0,1,1,1,0,0,1,0,0,0,1,0,0,1,1,0,1,1,0,1,0,1,0,1,0,1,0,0,32,-17.024711561207294,240.001,5.290555667527121e-08,5.290555667527121e-08,25.74027555460862,25.74027555460862,22.47542687770987,22.47542687770987
1,0,0,1,1,1,1,0,0,1,0,1,0,1,0,1,0,1,0,0,0,1,1,1,0,0,1,0,1,1,0,1,1,0,1,0,1,1,1,1,0,1,0,1,0,0,1,0,1,1,0,1,0,1,1,1,0,0,1,0,0,0,1,0,0,1,1,0,1,1,0,1,0,1,0,1,0,1,0,0,33,-17.02471199211688,240.001,5.291926643846178e-08,5.291926643846178e-08,25.73914985377464,25.73914985377464,22.475350252056728,22.475350252056728
1,0,0,1,1,1,1,0,0,1,0,1,0,1,0,1,0,1,0,0,0,1,1,1,0,0,1,0,1,1,0,1,1,0,1,0,1,1,1,1,0,1,0,1,0,0,1,0,1,1,0,1,0,1,1,1,0,0,1,0,0,0,1,0,0,1,1,0,1,1,0,1,0,1,0,1,0,1,0,0,35,-17.023994432671675,240.001,5.2952508123345904e-08,5.2952508123345904e-08,25.737140212160167,25.737140212160167,22.60484885204185,22.60484885204185
1,0,0,1,1,1,1,0,0,1,0,1,0,1,0,1,0,1,0,0,0,1,1,1,0,0,1,0,1,1,0,1,1,0,1,0,1,1,1,1,0,1,0,1,0,0,1,0,1,1,0,1,0,1,1,1,0,0,1,0,0,0,1,0,0,1,1,0,1,1,0,1,0,1,0,1,0,1,0,0,37,-17.02523409153604,240.001,5.2969887981357e-08,5.2969887981357e-08,25.73447536338776,25.73447536338776,22.383482716552393,22.383482716552393
1,0,0,1,1,1,1,0,0,1,0,1,0,1,0,1,0,1,0,0,0,1,1,1,0,0,1,0,1,1,0,1,1,0,1,0,1,1,1,1,0,1,0,1,0,0,1,0,1,1,0,1,0,1,1,1,0,0,1,0,0,0,1,0,0,1,1,0,1,1,0,1,0,1,0,1,0,1,0,0,38,-17.026144043120624,240.001,5.297622281492329e-08,5.297622281492329e-08,25.733046056586787,25.733046056586787,22.227847292038653,22.227847292038653
1,0,0,1,1,1,1,0,0,1,0,1,0,1,0,1,0,1,0,0,0,1,1,1,0,0,1,0,1,1,0,1,1,0,1,0,1,1,1,1,0,1,0,1,0,0,1,0,1,1,0,1,0,1,1,1,0,0,1,0,0,0,1,0,0,1,1,0,1,1,0,1,0,1,0,1,0,1,0,0,39,-17.02610420811069,240.001,5.2990255871071794e-08,5.2990255871071794e-08,25.7319356261617,25.7319356261617,22.234545751780082,22.234545751780082
1,0,0,1,1,1,1,0,0,1,0,1,0,1,0,1,0,1,0,0,0,1,1,1,0,0,1,0,1,1,0,1,1,0,1,0,1,1,1,1,0,1,0,1,0,0,1,0,1,1,0,1,0,1,1,1,0,0,1,0,0,0,1,0,0,1,1,0,1,1,0,1,0,1,0,1,0,1,0,0,40,-17.025107608467632,240.001,5.301204999862206e-08,5.301204999862206e-08,25.731146402489188,25.731146402489188,22.405561708004534,22.405561708004534
1,0,0,1,1,1,1,0,0,1,0,1,0,1,0,1,0,1,0,0,0,1,1,1,0,0,1,0,1,1,0,1,1,0,1,0,1,1,1,1,0,1,0,1,0,0,1,0,1,1,0,1,0,1,1,1,0,0,1,0,0,0,1,0,0,1,1,0,1,1,0,1,0,1,0,1,0,1,0,0,42,-17.023586001653946,240.001,5.305182630035199e-08,5.305182630035199e-08,25.72941060824146,25.72941060824146,22.68031084309843,22.68031084309843
1,0,0,1,1,1,1,0,0,1,0,1,0,1,0,1,0,1,0,0,0,1,1,1,0,0,1,0,1,1,0,1,1,0,1,0,1,1,1,1,0,1,0,1,0,0,1,0,1,1,0,1,0,1,1,1,0,0,1,0,0,0,1,0,0,1,1,0,1,1,0,1,0,1,0,1,0,1,0,0,44,-17.022990379523545,240.001,5.3084095996159194e-08,5.3084095996159194e-08,25.727365361766704,25.727365361766704,22.792750256343133,22.792750256343133
1,0,0,1,1,1,1,0,0,1,0,1,0,1,0,1,0,1,0,0,0,1,1,1,0,0,1,0,1,1,0,1,1,0,1,0,1,1,1,1,0,1,0,1,0,0,1,0,1,1,0,1,0,1,1,1,0,0,1,0,0,0,1,0,0,1,1,0,1,1,0,1,0,1,0,1,0,1,0,0,47,-17.022984712041886,240.001,5.3125292166199916e-08,5.3125292166199916e-08,25.72400197298488,25.72400197298488,22.793834173518967,22.793834173518967
1,0,0,1,1,1,1,0,0,1,0,1,0,1,0,1,0,1,0,0,0,1,1,1,0,0,1,0,1,1,0,1,1,0,1,0,1,1,1,1,0,1,0,1,0,0,1,0,1,1,0,1,0,1,1,1,0,0,1,0,0,0,1,0,0,1,1,0,1,1,0,1,0,1,0,1,0,1,0,0,49,-17.02420350434984,240.001,5.314281107372552e-08,5.314281107372552e-08,25.721351261840645,25.721351261840645,22.566719438828315,22.566719438828315
1,0,0,1,1,1,1,0,0,1,0,1,0,1,0,1,0,1,0,0,0,1,1,1,0,0,1,0,1,1,0,1,1,0,1,0,1,1,1,1,0,1,0,1,0,0,1,0,1,1,0,1,0,1,1,1,0,0,1,0,0,0,1,0,0,1,1,0,1,1,0,1,0,1,0,1,0,1,0,0,50,-17.024256861333196,240.001,5.31560912242329e-08,5.31560912242329e-08,25.72021275797627,25.72021275797627,22.557041558530138,22.557041558530138
1,0,0,1,1,1,1,0,0,1,0,1,0,1,0,1,0,1,0,0,0,1,1,1,0,0,1,0,1,1,0,1,1,0,1,0,1,1,1,1,0,1,0,1,0,0,1,0,1,1,0,1,0,1,1,1,0,0,1,0,0,0,1,0,0,1,1,0,1,1,0,1,0,1,0,1,0,1,0,0,52,-17.02345961239901,240.001,5.319000963328538e-08,5.319000963328538e-08,25.718239697840893,25.718239697840893,22.703929321080114,22.703929321080114
1,0,0,1,1,1,1,0,0,1,0,1,0,1,0,1,0,1,0,0,0,1,1,1,0,0,1,0,1,1,0,1,1,0,1,0,1,1,1,1,0,1,0,1,0,0,1,0,1,1,0,1,0,1,1,1,0,0,1,0,0,0,1,0,0,1,1,0,1,1,0,1,0,1,0,1,0,1,0,0,54,-17.02439703870092,240.001,5.320980635720994e-08,5.320980635720994e-08,25.715686177003594,25.715686177003594,22.531717928814338,22.531717928814338
1,0,0,1,1,1,1,0,0,1,0,1,0,1,0,1,0,1,0,0,0,1,1,1,0,0,1,0,1,1,0,1,1,0,1,0,1,1,1,1,0,1,0,1,0,0,1,0,1,1,0,1,0,1,1,1,0,0,1,0,0,0,1,0,0,1,1,0,1,1,0,1,0,1,0,1,0,1,0,0,55,-17.02494612997841,240.001,5.3219047225288675e-08,5.3219047225288675e-08,25.71438291843226,25.71438291843226,22.4339127035606,22.4339127035606
1,0,0,1,1,1,1,0,0,1,0,1,0,1,0,1,0,1,0,0,0,1,1,1,0,0,1,0,1,1,0,1,1,0,1,0,1,1,1,1,0,1,0,1,0,0,1,0,1,1,0,1,0,1,1,1,0,0,1,0,0,0,1,0,0,1,1,0,1,1,0,1,0,1,0,1,0,1,0,0,56,-17.02387742027066,240.001,5.324146787690984e-08,5.324146787690984e-08,25.71362237427732,25.71362237427732,22.626335182076154,22.626335182076154
1,0,0,1,1,1,1,0,0,1,0,1,0,1,0,1,0,1,0,0,0,1,1,1,0,0,1,0,1,1,0,1,1,0,1,0,1,1,1,1,0,1,0,1,0,0,1,0,1,1,0,1,0,1,1,1,0,0,1,0,0,0,1,0,0,1,1,0,1,1,0,1,0,1,0,1,0,1,0,0,59,-17.021761226553746,240.001,5.3299873864158766e-08,5.3299873864158766e-08,25.710976960884967,25.710976960884967,23.034363764636975,23.034363764636975
1,0,0,1,1,1,1,0,0,1,0,1,0,1,0,1,0,1,0,0,0,1,1,1,0,0,1,0,1,1,0,1,1,0,1,0,1,1,1,1,0,1,0,1,0,0,1,0,1,1,0,1,0,1,1,1,0,0,1,0,0,0,1,0,0,1,1,0,1,1,0,1,0,1,0,1,0,1,0,0,63,-17.02154437637308,240.001,5.335652197283624e-08,5.335652197283624e-08,25.70658049873135,25.70658049873135,23.07841317036104,23.07841317036104
1,0,0,1,1,1,1,0,0,1,0,1,0,1,0,1,0,1,0,0,0,1,1,1,0,0,1,0,1,1,0,1,1,0,1,0,1,1,1,1,0,1,0,1,0,0,1,0,1,1,0,1,0,1,1,1,0,0,1,0,0,0,1,0,0,1,1,0,1,1,0,1,0,1,0,1,0,1,0,0,66,-17.02311480854416,240.001,5.338484600612053e-08,5.338484600612053e-08,25.70270524849727,25.70270524849727,22.76902051847848,22.76902051847848
1,0,0,1,1,1,1,0,0,1,0,1,0,1,0,1,0,1,0,0,0,1,1,1,0,0,1,0,1,1,0,1,1,0,1,0,1,1,1,1,0,1,0,1,0,0,1,0,1,1,0,1,0,1,1,1,0,0,1,0,0,0,1,0,0,1,1,0,1,1,0,1,0,1,0,1,0,1,0,0,67,-17.023422615743847,240.001,5.339604655447618e-08,5.339604655447618e-08,25.70148635388366,25.70148635388366,22.710867162214505,22.710867162214505
1,0,0,1,1,1,1,0,0,1,0,1,0,1,0,1,0,1,0,0,0,1,1,1,0,0,1,0,1,1,0,1,1,0,1,0,1,1,1,1,0,1,0,1,0,0,1,0,1,1,0,1,0,1,1,1,0,0,1,0,0,0,1,0,0,1,1,0,1,1,0,1,0,1,0,1,0,1,0,0,69,-17.02350401321372,240.001,5.3422812615990114e-08,5.3422812615990114e-08,25.699228495599407,25.699228495599407,22.695617534243326,22.695617534243326
1,0,0,1,1,1,1,0,0,1,0,1,0,1,0,1,0,1,0,0,0,1,1,1,0,0,1,0,1,1,0,1,1,0,1,0,1,1,1,1,0,1,0,1,0,0,1,0,1,1,0,1,0,1,1,1,0,0,1,0,0,0,1,0,0,1,1,0,1,1,0,1,0,1,0,1,0,1,0,0,70,-17.023379826337962,240.001,5.3437543896998476e-08,5.3437543896998476e-08,25.6981552853669,25.6981552853669,22.718905068310356,22.718905068310356
1,0,0,1,1,1,1,0,0,1,0,1,0,1,0,1,0,1,0,0,0,1,1,1,0,0,1,0,1,1,0,1,1,0,1,0,1,1,1,1,0,1,0,1,0,0,1,0,1,1,0,1,0,1,1,1,0,0,1,0,0,0,1,0,0,1,1,0,1,1,0,1,0,1,0,1,0,1,0,0,72,-17.022196727094983,240.001,5.347465884632796e-08,5.347465884632796e-08,25.69632304717901,25.69632304717901,22.947219963894135,22.947219963894135
1,0,0,1,1,1,1,0,0,1,0,1,0,1,0,1,0,1,0,0,0,1,1,1,0,0,1,0,1,1,0,1,1,0,1,0,1,1,1,1,0,1,0,1,0,0,1,0,1,1,0,1,0,1,1,1,0,0,1,0,0,0,1,0,0,1,1,0,1,1,0,1,0,1,0,1,0,1,0,0,74,-17.021761535178804,240.001,5.350565963981187e-08,5.350565963981187e-08,25.69424123893814,25.69424123893814,23.03430138848485,23.03430138848485
1,0,0,1,1,1,1,0,0,1,0,1,0,1,0,1,0,1,0,0,0,1,1,1,0,0,1,0,1,1,0,1,1,0,1,0,1,1,1,1,0,1,0,1,0,0,1,0,1,1,0,1,0,1,1,1,0,0,1,0,0,0,1,0,0,1,1,0,1,1,0,1,0,1,0,1,0,1,0,0,76,-17.021268198849018,240.001,5.353714125475972e-08,5.353714125475972e-08,25.692180028500992,25.692180028500992,23.135165382988365,23.135165382988365
1,0,0,1,1,1,1,0,0,1,0,1,0,1,0,1,0,1,0,0,0,1,1,1,0,0,1,0,1,1,0,1,1,0,1,0,1,1,1,1,0,1,0,1,0,0,1,0,1,1,0,1,0,1,1,1,0,0,1,0,0,0,1,0,0,1,1,0,1,1,0,1,0,1,0,1,0,1,0,0,78,-17.020336514771493,240.001,5.3572223466593724e-08,5.3572223466593724e-08,25.69026676776964,25.69026676776964,23.33225356844995,23.33225356844995
1,0,0,1,1,1,1,0,0,1,0,1,0,1,0,1,0,1,0,0,0,1,1,1,0,0,1,1,1,1,0,1,1,0,1,0,1,1,1,1,0,1,0,1,0,0,1,0,1,1,0,1,0,1,1,1,0,0,1,0,0,0,1,0,0,1,1,0,1,1,0,1,0,1,0,1,0,1,0,0,1,-17.020035800388435,240.001,5.251802163997776e-08,5.251802163997776e-08,25.776880621595485,25.776880621595485,23.397815257553823,23.397815257553823
1,0,0,1,1,1,1,0,0,1,0,1,0,1,0,1,0,1,0,0,0,1,1,1,0,0,1,1,1,1,0,1,1,0,1,0,1,1,1,1,0,1,0,1,0,0,1,0,1,1,0,1,0,1,1,1,0,0,1,0,0,0,1,0,0,1,1,0,1,1,0,1,0,1,0,1,0,1,0,0,4,-17.022746288984806,240.001,5.253738635714383e-08,5.253738635714383e-08,25.772569075030862,25.772569075030862,22.839678587328244,22.839678587328244
1,0,0,1,1,1,1,0,0,1,0,1,0,1,0,1,0,1,0,0,0,1,1,1,0,0,1,1,1,1,0,1,1,0,1,0,1,1,1,1,0,1,0,1,0,0,1,0,1,1,0,1,0,1,1,1,0,0,1,0,0,0,1,0,0,1,1,0,1,1,0,1,0,1,0,1,0,1,0,0,5,-17.024060675659026,240.001,5.254053188223884e-08,5.254053188223884e-08,25.770994674794373,25.770994674794373,22.59273172801741,22.59273172801741
1,0,0,1,1,1,1,0,0,1,0,1,0,1,0,1,0,1,0,0,0,1,1,1,0,0,1,1,1,1,0,1,1,0,1,0,1,1,1,1,0,1,0,1,0,0,1,0,1,1,0,1,0,1,1,1,0,0,1,0,0,0,1,0,0,1,1,0,1,1,0,1,0,1,0,1,0,1,0,0,6,-17.024221616632296,240.001,5.2552952029455305e-08,5.2552952029455305e-08,25.76980721890792,25.76980721890792,22.563431831108684,22.563431831108684
1,0,0,1,1,1,1,0,0,1,0,1,0,1,0,1,0,1,0,0,0,1,1,1,0,0,1,1,1,1,0,1,1,0,1,0,1,1,1,1,0,1,0,1,0,0,1,0,1,1,0,1,0,1,1,1,0,0,1,0,0,0,1,0,0,1,1,0,1,1,0,1,0,1,0,1,0,1,0,0,7,-17.02324022877186,240.001,5.2574563321563607e-08,5.2574563321563607e-08,25.76900302950815,25.76900302950815,22.74523156166776,22.74523156166776
1,0,0,1,1,1,1,0,0,1,0,1,0,1,0,1,0,1,0,0,0,1,1,1,0,0,1,1,1,1,0,1,1,0,1,0,1,1,1,1,0,1,0,1,0,0,1,0,1,1,0,1,0,1,1,1,0,0,1,0,0,0,1,0,0,1,1,0,1,1,0,1,0,1,0,1,0,1,0,0,10,-17.022009836795164,240.001,5.262562206630749e-08,5.262562206630749e-08,25.766017738260608,25.766017738260608,22.984403865221683,22.984403865221683
1,0,0,1,1,1,1,0,0,1,0,1,0,1,0,1,0,1,0,0,0,1,1,1,0,0,1,1,1,1,0,1,1,0,1,0,1,1,1,1,0,1,0,1,0,0,1,0,1,1,0,1,0,1,1,1,0,0,1,0,0,0,1,0,0,1,1,0,1,1,0,1,0,1,0,1,0,1,0,0,12,-17.02229569930325,240.001,5.265075548460953e-08,5.265075548460953e-08,25.763658228208556,25.763658228208556,22.9276558894318,22.9276558894318
1,0,0,1,1,1,1,0,0,1,0,1,0,1,0,1,0,1,0,0,0,1,1,1,0,0,1,1,1,1,0,1,1,0,1,0,1,1,1,1,0,1,0,1,0,0,1,0,1,1,0,1,0,1,1,1,0,0,1,0,0,0,1,0,0,1,1,0,1,1,0,1,0,1,0,1,0,1,0,0,14,-17.022407325026123,240.001,5.267729197804517e-08,5.267729197804517e-08,25.761358267433504,25.761358267433504,22.90569527277559,22.90569527277559
1,0,0,1,1,1,1,0,0,1,0,1,0,1,0,1,0,1,0,0,0,1,1,1,0,0,1,1,1,1,0,1,1,0,1,0,1,1,1,1,0,1,0,1,0,0,1,0,1,1,0,1,0,1,1,1,0,0,1,0,0,0,1,0,0,1,1,0,1,1,0,1,0,1,0,1,0,1,0,0,16,-17.022434462893017,240.001,5.270450931437089e-08,5.270450931437089e-08,25.75908779360229,25.75908779360229,22.90037297483364,22.90037297483364
1,0,0,1,1,1,1,0,0,1,0,1,0,1,0,1,0,1,0,0,0,1,1,1,0,0,1,1,1,1,0,1,1,0,1,0,1,1,1,1,0,1,0,1,0,0,1,0,1,1,0,1,0,1,1,1,0,0,1,0,0,0,1,0,0,1,1,0,1,1,0,1,0,1,0,1,0,1,0,0,18,-17.022186557161568,240.001,5.273394702419042e-08,5.273394702419042e-08,25.756910657141233,25.756910657141233,22.94923525612554,22.94923525612554
1,0,0,1,1,1,1,0,0,1,0,1,0,1,0,1,0,1,0,0,0,1,1,1,0,0,1,1,1,1,0,1,1,0,1,0,1,1,1,1,0,1,0,1,0,0,1,0,1,1,0,1,0,1,1,1,0,0,1,0,0,0,1,0,0,1,1,0,1,1,0,1,0,1,0,1,0,1,0,0,22,-17.023911093467543,240.001,5.277489024602358e-08,5.277489024602358e-08,25.75181551858694,25.75181551858694,22.620141119998713,22.620141119998713
1,0,0,1,1,1,1,0,0,1,0,1,0,1,0,1,0,1,0,0,0,1,1,1,0,0,1,1,1,1,0,1,1,0,1,0,1,1,1,1,0,1,0,1,0,0,1,0,1,1,0,1,0,1,1,1,0,0,1,0,0,0,1,0,0,1,1,0,1,1,0,1,0,1,0,1,0,1,0,0,23,-17.024995961646113,240.001,5.2779840824039055e-08,5.2779840824039055e-08,25.750323277153917,25.750323277153917,22.425144042367677,22.425144042367677
1,0,0,1,1,1,1,0,0,1,0,1,0,1,0,1,0,1,0,0,0,1,1,1,0,0,1,1,1,1,0,1,1,0,1,0,1,1,1,1,0,1,0,1,0,0,1,0,1,1,0,1,0,1,1,1,0,0,1,0,0,0,1,0,0,1,1,0,1,1,0,1,0,1,0,1,0,1,0,0,24,-17.024355301863025,240.001,5.2798730827127966e-08,5.2798730827127966e-08,25.749409867003333,25.749409867003333,22.53924252378452,22.53924252378452
1,0,0,1,1,1,1,0,0,1,0,1,0,1,0,1,0,1,0,0,0,1,1,1,0,0,1,1,1,1,0,1,1,0,1,0,1,1,1,1,0,1,0,1,0,0,1,0,1,1,0,1,0,1,1,1,0,0,1,0,0,0,1,0,0,1,1,0,1,1,0,1,0,1,0,1,0,1,0,0,27,-17.024910850341332,240.001,5.283538185964511e-08,5.283538185964511e-08,25.745840643981424,25.745840643981424,22.440131368021767,22.440131368021767
1,0,0,1,1,1,1,0,0,1,0,1,0,1,0,1,0,1,0,0,0,1,1,1,0,0,1,1,1,1,0,1,1,0,1,0,1,1,1,1,0,1,0,1,0,0,1,0,1,1,0,1,0,1,1,1,0,0,1,0,0,0,1,0,0,1,1,0,1,1,0,1,0,1,0,1,0,1,0,0,28,-17.02609912541972,240.001,5.2839485483792026e-08,5.2839485483792026e-08,25.74431507369397,25.74431507369397,22.235401171419543,22.235401171419543
1,0,0,1,1,1,1,0,0,1,0,1,0,1,0,1,0,1,0,0,0,1,1,1,0,0,1,1,1,1,0,1,1,0,1,0,1,1,1,1,0,1,0,1,0,0,1,0,1,1,0,1,0,1,1,1,0,0,1,0,0,0,1,0,0,1,1,0,1,1,0,1,0,1,0,1,0,1,0,0,29,-17.026260494872034,240.001,5.285189090525257e-08,5.285189090525257e-08,25.743134206474704,25.743134206474704,22.20832402692452,22.20832402692452
1,0,0,1,1,1,1,0,0,1,0,1,0,1,0,1,0,1,0,0,0,1,1,1,0,0,1,1,1,1,0,1,1,0,1,0,1,1,1,1,0,1,0,1,0,0,1,0,1,1,0,1,0,1,1,1,0,0,1,0,0,0,1,0,0,1,1,0,1,1,0,1,0,1,0,1,0,1,0,0,30,-17.02548041052693,240.001,5.2871911931210996e-08,5.2871911931210996e-08,25.742269434890215,25.742269434890215,22.340802742455917,22.340802742455917
1,0,0,1,1,1,1,0,0,1,0,1,0,1,0,1,0,1,0,0,0,1,1,1,0,0,1,1,1,1,0,1,1,0,1,0,1,1,1,1,0,1,0,1,0,0,1,0,1,1,0,1,0,1,1,1,0,0,1,0,0,0,1,0,0,1,1,0,1,1,0,1,0,1,0,1,0,1,0,0,32,-17.025172905606386,240.001,5.2901823687407616e-08,5.2901823687407616e-08,25.74012065689127,25.74012065689127,22.39414944925032,22.39414944925032
1,0,0,1,1,1,1,0,0,1,0,1,0,1,0,1,0,1,0,0,0,1,1,1,0,0,1,1,1,1,0,1,1,0,1,0,1,1,1,1,0,1,0,1,0,0,1,0,1,1,0,1,0,1,1,1,0,0,1,0,0,0,1,0,0,1,1,0,1,1,0,1,0,1,0,1,0,1,0,0,33,-17.025080815960557,240.001,5.291628146101404e-08,5.291628146101404e-08,25.73902600607749,25.73902600607749,22.41025298945619,22.41025298945619
1,0,0,1,1,1,1,0,0,1,0,1,0,1,0,1,0,1,0,0,0,1,1,1,0,0,1,1,1,1,0,1,1,0,1,0,1,1,1,1,0,1,0,1,0,0,1,0,1,1,0,1,0,1,1,1,0,0,1,0,0,0,1,0,0,1,1,0,1,1,0,1,0,1,0,1,0,1,0,0,35,-17.02425779200231,240.001,5.295037525379386e-08,5.295037525379386e-08,25.737051785456046,25.737051785456046,22.556872944092206,22.556872944092206
1,0,0,1,1,1,1,0,0,1,0,1,0,1,0,1,0,1,0,0,0,1,1,1,0,0,1,1,1,1,0,1,1,0,1,0,1,1,1,1,0,1,0,1,0,0,1,0,1,1,0,1,0,1,1,1,0,0,1,0,0,0,1,0,0,1,1,0,1,1,0,1,0,1,0,1,0,1,0,0,37,-17.025438767681557,240.001,5.2968230148459354e-08,5.2968230148459354e-08,25.734406613326662,25.734406613326662,22.34798901846939,22.34798901846939
1,0,0,1,1,1,1,0,0,1,0,1,0,1,0,1,0,1,0,0,0,1,1,1,0,0,1,1,1,1,0,1,1,0,1,0,1,1,1,1,0,1,0,1,0,0,1,0,1,1,0,1,0,1,1,1,0,0,1,0,0,0,1,0,0,1,1,0,1,1,0,1,0,1,0,1,0,1,0,0,38,-17.026328162884383,240.001,5.297473151872545e-08,5.297473151872545e-08,25.73298419371325,25.73298419371325,22.19701935665903,22.19701935665903
1,0,0,1,1,1,1,0,0,1,0,1,0,1,0,1,0,1,0,0,0,1,1,1,0,0,1,1,1,1,0,1,1,0,1,0,1,1,1,1,0,1,0,1,0,0,1,0,1,1,0,1,0,1,1,1,0,0,1,0,0,0,1,0,0,1,1,0,1,1,0,1,0,1,0,1,0,1,0,0,39,-17.026271573813876,240.001,5.298889994057135e-08,5.298889994057135e-08,25.73187939045002,25.73187939045002,22.20647116676806,22.20647116676806
1,0,0,1,1,1,1,0,0,1,0,1,0,1,0,1,0,1,0,0,0,1,1,1,0,0,1,1,1,1,0,1,1,0,1,0,1,1,1,1,0,1,0,1,0,0,1,0,1,1,0,1,0,1,1,1,0,0,1,0,0,0,1,0,0,1,1,0,1,1,0,1,0,1,0,1,0,1,0,0,40,-17.025261071250902,240.001,5.301080605820772e-08,5.301080605820772e-08,25.731094849139005,25.731094849139005,22.37878752187263,22.37878752187263
1,0,0,1,1,1,1,0,0,1,0,1,0,1,0,1,0,1,0,0,0,1,1,1,0,0,1,1,1,1,0,1,1,0,1,0,1,1,1,1,0,1,0,1,0,0,1,0,1,1,0,1,0,1,1,1,0,0,1,0,0,0,1,0,0,1,1,0,1,1,0,1,0,1,0,1,0,1,0,0,42,-17.023717603535506,240.001,5.3050758572885425e-08,5.3050758572885425e-08,25.729366413871695,25.729366413871695,22.65585329524813,22.65585329524813
1,0,0,1,1,1,1,0,0,1,0,1,0,1,0,1,0,1,0,0,0,1,1,1,0,0,1,1,1,1,0,1,1,0,1,0,1,1,1,1,0,1,0,1,0,0,1,0,1,1,0,1,0,1,1,1,0,0,1,0,0,0,1,0,0,1,1,0,1,1,0,1,0,1,0,1,0,1,0,0,44,-17.02310554760564,240.001,5.3083160978334196e-08,5.3083160978334196e-08,25.727326690543144,25.727326690543144,22.770782227399017,22.770782227399017
1,0,0,1,1,1,1,0,0,1,0,1,0,1,0,1,0,1,0,0,0,1,1,1,0,0,1,1,1,1,0,1,1,0,1,0,1,1,1,1,0,1,0,1,0,0,1,0,1,1,0,1,0,1,1,1,0,0,1,0,0,0,1,0,0,1,1,0,1,1,0,1,0,1,0,1,0,1,0,0,47,-17.023081687803426,240.001,5.312450424941041e-08,5.312450424941041e-08,25.723969409189372,25.723969409189372,22.775324356880866,22.775324356880866
1,0,0,1,1,1,1,0,0,1,0,1,0,1,0,1,0,1,0,0,0,1,1,1,0,0,1,1,1,1,0,1,1,0,1,0,1,1,1,1,0,1,0,1,0,0,1,0,1,1,0,1,0,1,1,1,0,0,1,0,0,0,1,0,0,1,1,0,1,1,0,1,0,1,0,1,0,1,0,0,49,-17.02429119856973,240.001,5.314209845523723e-08,5.314209845523723e-08,25.721321804726763,25.721321804726763,22.550824799641298,22.550824799641298
1,0,0,1,1,1,1,0,0,1,0,1,0,1,0,1,0,1,0,0,0,1,1,1,0,0,1,1,1,1,0,1,1,0,1,0,1,1,1,1,0,1,0,1,0,0,1,0,1,1,0,1,0,1,1,1,0,0,1,0,0,0,1,0,0,1,1,0,1,1,0,1,0,1,0,1,0,1,0,0,50,-17.02434056458155,240.001,5.315541087917045e-08,5.315541087917045e-08,25.720184640454875,25.720184640454875,22.54190255920156,22.54190255920156
1,0,0,1,1,1,1,0,0,1,0,1,0,1,0,1,0,1,0,0,0,1,1,1,0,0,1,1,1,1,0,1,1,0,1,0,1,1,1,1,0,1,0,1,0,0,1,0,1,1,0,1,0,1,1,1,0,0,1,0,0,0,1,0,0,1,1,0,1,1,0,1,0,1,0,1,0,1,0,0,52,-17.02353636056947,240.001,5.318938536429893e-08,5.318938536429893e-08,25.71821392130381,25.71821392130381,22.68957208958789,22.68957208958789
1,0,0,1,1,1,1,0,0,1,0,1,0,1,0,1,0,1,0,0,0,1,1,1,0,0,1,1,1,1,0,1,1,0,1,0,1,1,1,1,0,1,0,1,0,0,1,0,1,1,0,1,0,1,1,1,0,0,1,0,0,0,1,0,0,1,1,0,1,1,0,1,0,1,0,1,0,1,0,0,54,-17.02446785496363,240.001,5.32092301997279e-08,5.32092301997279e-08,25.715662386540643,25.715662386540643,22.51898028785229,22.51898028785229
1,0,0,1,1,1,1,0,0,1,0,1,0,1,0,1,0,1,0,0,0,1,1,1,0,0,1,1,1,1,0,1,1,0,1,0,1,1,1,1,0,1,0,1,0,0,1,0,1,1,0,1,0,1,1,1,0,0,1,0,0,0,1,0,0,1,1,0,1,1,0,1,0,1,0,1,0,1,0,0,55,-17.025014307081893,240.001,5.32184924877114e-08,5.32184924877114e-08,25.7143600109713,25.7143600109713,22.42192030425842,22.42192030425842
1,0,0,1,1,1,1,0,0,1,0,1,0,1,0,1,0,1,0,0,0,1,1,1,0,0,1,1,1,1,0,1,1,0,1,0,1,1,1,1,0,1,0,1,0,0,1,0,1,1,0,1,0,1,1,1,0,0,1,0,0,0,1,0,0,1,1,0,1,1,0,1,0,1,0,1,0,1,0,0,56,-17.02394318768212,240.001,5.324093245130606e-08,5.324093245130606e-08,25.713600282136984,25.713600282136984,22.61424567255235,22.61424567255235
1,0,0,1,1,1,1,0,0,1,0,1,0,1,0,1,0,1,0,0,0,1,1,1,0,0,1,1,1,1,0,1,1,0,1,0,1,1,1,1,0,1,0,1,0,0,1,0,1,1,0,1,0,1,1,1,0,0,1,0,0,0,1,0,0,1,1,0,1,1,0,1,0,1,0,1,0,1,0,0,59,-17.0218206755655,240.001,5.3299389219196716e-08,5.3299389219196716e-08,25.71095700157072,25.71095700157072,23.02236495860573,23.02236495860573
1,0,0,1,1,1,1,0,0,1,0,1,0,1,0,1,0,1,0,0,0,1,1,1,0,0,1,1,1,1,0,1,1,0,1,0,1,1,1,1,0,1,0,1,0,0,1,0,1,1,0,1,0,1,1,1,0,0,1,0,0,0,1,0,0,1,1,0,1,1,0,1,0,1,0,1,0,1,0,0,63,-17.021597033785092,240.001,5.3356092230637874e-08,5.3356092230637874e-08,25.706562820251637,25.706562820251637,23.067675775656667,23.067675775656667
1,0,0,1,1,1,1,0,0,1,0,1,0,1,0,1,0,1,0,0,0,1,1,1,0,0,1,1,1,1,0,1,1,0,1,0,1,1,1,1,0,1,0,1,0,0,1,0,1,1,0,1,0,1,1,1,0,0,1,0,0,0,1,0,0,1,1,0,1,1,0,1,0,1,0,1,0,1,0,0,66,-17.023163278301453,240.001,5.338445031299574e-08,5.338445031299574e-08,25.70268896914426,25.70268896914426,22.759811692235555,22.759811692235555
1,0,0,1,1,1,1,0,0,1,0,1,0,1,0,1,0,1,0,0,0,1,1,1,0,0,1,1,1,1,0,1,1,0,1,0,1,1,1,1,0,1,0,1,0,0,1,0,1,1,0,1,0,1,1,1,0,0,1,0,0,0,1,0,0,1,1,0,1,1,0,1,0,1,0,1,0,1,0,0,67,-17.023469836248,240.001,5.339566099656597e-08,5.339566099656597e-08,25.701470492681967,25.701470492681967,22.702014024370463,22.702014024370463
1,0,0,1,1,1,1,0,0,1,0,1,0,1,0,1,0,1,0,0,0,1,1,1,0,0,1,1,1,1,0,1,1,0,1,0,1,1,1,1,0,1,0,1,0,0,1,0,1,1,0,1,0,1,1,1,0,0,1,0,0,0,1,0,0,1,1,0,1,1,0,1,0,1,0,1,0,1,0,0,69,-17.023548927996426,240.001,5.342244570662028e-08,5.342244570662028e-08,25.699213408385503,25.699213408385503,22.687225600638264,22.687225600638264
1,0,0,1,1,1,1,0,0,1,0,1,0,1,0,1,0,1,0,0,0,1,1,1,0,0,1,1,1,1,0,1,1,0,1,0,1,1,1,1,0,1,0,1,0,0,1,0,1,1,0,1,0,1,1,1,0,0,1,0,0,0,1,0,0,1,1,0,1,1,0,1,0,1,0,1,0,1,0,0,70,-17.02342367308818,240.001,5.343718560976829e-08,5.343718560976829e-08,25.698140557224562,25.698140557224562,22.710668729374184,22.710668729374184
1,0,0,1,1,1,1,0,0,1,0,1,0,1,0,1,0,1,0,0,0,1,1,1,0,0,1,1,1,1,0,1,1,0,1,0,1,1,1,1,0,1,0,1,0,0,1,0,1,1,0,1,0,1,1,1,0,0,1,0,0,0,1,0,0,1,1,0,1,1,0,1,0,1,0,1,0,1,0,0,72,-17.022238599088382,240.001,5.3474316407418905e-08,5.3474316407418905e-08,25.696308986453225,25.696308986453225,22.93893232248758,22.93893232248758
1,0,0,1,1,1,1,0,0,1,0,1,0,1,0,1,0,1,0,0,0,1,1,1,0,0,1,1,1,1,0,1,1,0,1,0,1,1,1,1,0,1,0,1,0,0,1,0,1,1,0,1,0,1,1,1,0,0,1,0,0,0,1,0,0,1,1,0,1,1,0,1,0,1,0,1,0,1,0,0,74,-17.02180159266891,240.001,5.350533183370036e-08,5.350533183370036e-08,25.694227788880298,25.694227788880298,23.026212934038973,23.026212934038973
1,0,0,1,1,1,1,0,0,1,0,1,0,1,0,1,0,1,0,0,0,1,1,1,0,0,1,1,1,1,0,1,1,0,1,0,1,1,1,1,0,1,0,1,0,0,1,0,1,1,0,1,0,1,1,1,0,0,1,0,0,0,1,0,0,1,1,0,1,1,0,1,0,1,0,1,0,1,0,0,76,-17.021306593939865,240.001,5.353682684936504e-08,5.353682684936504e-08,25.692167138120652,25.692167138120652,23.1272312000841,23.1272312000841
1,0,0,1,1,1,1,0,0,1,0,1,0,1,0,1,0,1,0,0,0,1,1,1,0,0,1,1,1,1,0,1,1,0,1,0,1,1,1,1,0,1,0,1,0,0,1,0,1,1,0,1,0,1,1,1,0,0,1,0,0,0,1,0,0,1,1,0,1,1,0,1,0,1,0,1,0,1,0,0,78,-17.020373386695557,240.001,5.357192130114764e-08,5.357192130114764e-08,25.690254391591214,25.690254391591214,23.324282142421634,23.324282142421634
1,0,0,1,1,1,1,0,0,1,0,1,0,1,0,1,0,1,0,0,0,1,1,1,0,0,1,1,1,1,0,1,1,1,1,0,1,1,1,1,0,1,0,1,0,0,1,0,1,1,0,1,0,1,1,1,0,0,1,0,0,0,1,0,0,1,1,0,1,1,0,1,0,1,0,1,0,1,0,0,1,-17.020091664006788,240.001,5.251757285662393e-08,5.251757285662393e-08,25.776861869993315,25.776861869993315,23.385561138059398,23.385561138059398
1,0,0,1,1,1,1,0,0,1,0,1,0,1,0,1,0,1,0,0,0,1,1,1,0,0,1,1,1,1,0,1,1,1,1,0,1,1,1,1,0,1,0,1,0,0,1,0,1,1,0,1,0,1,1,1,0,0,1,0,0,0,1,0,0,1,1,0,1,1,0,1,0,1,0,1,0,1,0,0,4,-17.022807677586506,240.001,5.2536893173410354e-08,5.2536893173410354e-08,25.772548455107277,25.772548455107277,22.82782857879425,22.82782857879425
1,0,0,1,1,1,1,0,0,1,0,1,0,1,0,1,0,1,0,0,0,1,1,1,0,0,1,1,1,1,0,1,1,1,1,0,1,1,1,1,0,1,0,1,0,0,1,0,1,1,0,1,0,1,1,1,0,0,1,0,0,0,1,0,0,1,1,0,1,1,0,1,0,1,0,1,0,1,0,0,5,-17.024124150844592,240.001,5.2540021986967895e-08,5.2540021986967895e-08,25.770973347217353,25.770973347217353,22.581152348302425,22.581152348302425
1,0,0,1,1,1,1,0,0,1,0,1,0,1,0,1,0,1,0,0,0,1,1,1,0,0,1,1,1,1,0,1,1,1,1,0,1,1,1,1,0,1,0,1,0,0,1,0,1,1,0,1,0,1,1,1,0,0,1,0,0,0,1,0,0,1,1,0,1,1,0,1,0,1,0,1,0,1,0,0,6,-17.02428735665385,240.001,5.255242382216077e-08,5.255242382216077e-08,25.76978512984361,25.76978512984361,22.5515199392198,22.5515199392198
1,0,0,1,1,1,1,0,0,1,0,1,0,1,0,1,0,1,0,0,0,1,1,1,0,0,1,1,1,1,0,1,1,1,1,0,1,1,1,1,0,1,0,1,0,0,1,0,1,1,0,1,0,1,1,1,0,0,1,0,0,0,1,0,0,1,1,0,1,1,0,1,0,1,0,1,0,1,0,0,7,-17.023308431419036,240.001,5.257401502747597e-08,5.257401502747597e-08,25.76898011917029,25.76898011917029,22.73234949453681,22.73234949453681
1,0,0,1,1,1,1,0,0,1,0,1,0,1,0,1,0,1,0,0,0,1,1,1,0,0,1,1,1,1,0,1,1,1,1,0,1,1,1,1,0,1,0,1,0,0,1,0,1,1,0,1,0,1,1,1,0,0,1,0,0,0,1,0,0,1,1,0,1,1,0,1,0,1,0,1,0,1,0,0,10,-17.02208660530686,240.001,5.2625004202594304e-08,5.2625004202594304e-08,25.76599195943149,25.76599195943149,22.969091563092512,22.969091563092512
1,0,0,1,1,1,1,0,0,1,0,1,0,1,0,1,0,1,0,0,0,1,1,1,0,0,1,1,1,1,0,1,1,1,1,0,1,1,1,1,0,1,0,1,0,0,1,0,1,1,0,1,0,1,1,1,0,0,1,0,0,0,1,0,0,1,1,0,1,1,0,1,0,1,0,1,0,1,0,0,12,-17.02237944188496,240.001,5.265008118418453e-08,5.265008118418453e-08,25.763630106258738,25.763630106258738,22.911170501870544,22.911170501870544
1,0,0,1,1,1,1,0,0,1,0,1,0,1,0,1,0,1,0,0,0,1,1,1,0,0,1,1,1,1,0,1,1,1,1,0,1,1,1,1,0,1,0,1,0,0,1,0,1,1,0,1,0,1,1,1,0,0,1,0,0,0,1,0,0,1,1,0,1,1,0,1,0,1,0,1,0,1,0,0,14,-17.022499443305602,240.001,5.267654986116532e-08,5.267654986116532e-08,25.76132733292487,25.76132733292487,22.887655279482054,22.887655279482054
1,0,0,1,1,1,1,0,0,1,0,1,0,1,0,1,0,1,0,0,0,1,1,1,0,0,1,1,1,1,0,1,1,1,1,0,1,1,1,1,0,1,0,1,0,0,1,0,1,1,0,1,0,1,1,1,0,0,1,0,0,0,1,0,0,1,1,0,1,1,0,1,0,1,0,1,0,1,0,0,16,-17.022536822398077,240.001,5.270368425521525e-08,5.270368425521525e-08,25.759053420963603,25.759053420963603,22.880356351195793,22.880356351195793
1,0,0,1,1,1,1,0,0,1,0,1,0,1,0,1,0,1,0,0,0,1,1,1,0,0,1,1,1,1,0,1,1,1,1,0,1,1,1,1,0,1,0,1,0,0,1,0,1,1,0,1,0,1,1,1,0,0,1,0,0,0,1,0,0,1,1,0,1,1,0,1,0,1,0,1,0,1,0,0,18,-17.02230173180411,240.001,5.273301810321482e-08,5.273301810321482e-08,25.756871985174836,25.756871985174836,22.926466260903958,22.926466260903958
1,0,0,1,1,1,1,0,0,1,0,1,0,1,0,1,0,1,0,0,0,1,1,1,0,0,1,1,1,1,0,1,1,1,1,0,1,1,1,1,0,1,0,1,0,0,1,0,1,1,0,1,0,1,1,1,0,0,1,0,0,0,1,0,0,1,1,0,1,1,0,1,0,1,0,1,0,1,0,0,22,-17.02406458569131,240.001,5.277365155322868e-08,5.277365155322868e-08,25.751763961915564,25.751763961915564,22.592017557249275,22.592017557249275
1,0,0,1,1,1,1,0,0,1,0,1,0,1,0,1,0,1,0,0,0,1,1,1,0,0,1,1,1,1,0,1,1,1,1,0,1,1,1,1,0,1,0,1,0,0,1,0,1,1,0,1,0,1,1,1,0,0,1,0,0,0,1,0,0,1,1,0,1,1,0,1,0,1,0,1,0,1,0,0,23,-17.0251633550443,240.001,5.2778489979151914e-08,5.2778489979151914e-08,25.750267038313783,25.750267038313783,22.395816781129984,22.395816781129984
1,0,0,1,1,1,1,0,0,1,0,1,0,1,0,1,0,1,0,0,0,1,1,1,0,0,1,1,1,1,0,1,1,1,1,0,1,1,1,1,0,1,0,1,0,0,1,0,1,1,0,1,0,1,1,1,0,0,1,0,0,0,1,0,0,1,1,0,1,1,0,1,0,1,0,1,0,1,0,0,24,-17.024539501839573,240.001,5.2797243662061705e-08,5.2797243662061705e-08,25.749347995095654,25.749347995095654,22.506130941686266,22.506130941686266
1,0,0,1,1,1,1,0,0,1,0,1,0,1,0,1,0,1,0,0,0,1,1,1,0,0,1,1,1,1,0,1,1,1,1,0,1,1,1,1,0,1,0,1,0,0,1,0,1,1,0,1,0,1,1,1,0,0,1,0,0,0,1,0,0,1,1,0,1,1,0,1,0,1,0,1,0,1,0,0,27,-17.025174041541092,240.001,5.2833255523252194e-08,5.2833255523252194e-08,25.745752236177218,25.745752236177218,22.393951180738526,22.393951180738526
1,0,0,1,1,1,1,0,0,1,0,1,0,1,0,1,0,1,0,0,0,1,1,1,0,0,1,1,1,1,0,1,1,1,1,0,1,1,1,1,0,1,0,1,0,0,1,0,1,1,0,1,0,1,1,1,0,0,1,0,0,0,1,0,0,1,1,0,1,1,0,1,0,1,0,1,0,1,0,0,28,-17.026406132893158,240.001,5.2837005241868276e-08,5.2837005241868276e-08,25.744211925257495,25.744211925257495,22.18402979207913,22.18402979207913
1,0,0,1,1,1,1,0,0,1,0,1,0,1,0,1,0,1,0,0,0,1,1,1,0,0,1,1,1,1,0,1,1,1,1,0,1,1,1,1,0,1,0,1,0,0,1,0,1,1,0,1,0,1,1,1,0,0,1,0,0,0,1,0,0,1,1,0,1,1,0,1,0,1,0,1,0,1,0,0,29,-17.026629039636468,240.001,5.2848912742228393e-08,5.2848912742228393e-08,25.743010390174632,25.743010390174632,22.147105817952944,22.147105817952944
1,0,0,1,1,1,1,0,0,1,0,1,0,1,0,1,0,1,0,0,0,1,1,1,0,0,1,1,1,1,0,1,1,1,1,0,1,1,1,1,0,1,0,1,0,0,1,0,1,1,0,1,0,1,1,1,0,0,1,0,0,0,1,0,0,1,1,0,1,1,0,1,0,1,0,1,0,1,0,0,30,-17.025941551629597,240.001,5.286818351369081e-08,5.286818351369081e-08,25.742114560043333,25.742114560043333,22.262004355063986,22.262004355063986
1,0,0,1,1,1,1,0,0,1,0,1,0,1,0,1,0,1,0,0,0,1,1,1,0,0,1,1,1,1,0,1,1,1,1,0,1,1,1,1,0,1,0,1,0,0,1,0,1,1,0,1,0,1,1,1,0,0,1,0,0,0,1,0,0,1,1,0,1,1,0,1,0,1,0,1,0,1,0,0,32,-17.02609956827222,240.001,5.2894326243485545e-08,5.2894326243485545e-08,25.739809536195786,25.739809536195786,22.235326632443577,22.235326632443577
1,0,0,1,1,1,1,0,0,1,0,1,0,1,0,1,0,1,0,0,0,1,1,1,0,0,1,1,1,1,0,1,1,1,1,0,1,1,1,1,0,1,0,1,0,0,1,0,1,1,0,1,0,1,1,1,0,0,1,0,0,0,1,0,0,1,1,0,1,1,0,1,0,1,0,1,0,1,0,0,33,-17.02696644456715,240.001,5.290101923180952e-08,5.290101923180952e-08,25.73839315975274,25.73839315975274,22.091802437623894,22.091802437623894
1,0,0,1,1,1,1,0,0,1,0,1,0,1,0,1,0,1,0,0,0,1,1,1,0,0,1,1,1,1,0,1,1,1,1,0,1,1,1,1,0,1,0,1,0,0,1,0,1,1,0,1,0,1,1,1,0,0,1,0,0,0,1,0,0,1,1,0,1,1,0,1,0,1,0,1,0,1,0,0,34,-17.026981016374357,240.001,5.2914609707877205e-08,5.2914609707877205e-08,25.737263011947125,25.737263011947125,22.08942969631643,22.08942969631643
1,0,0,1,1,1,1,0,0,1,0,1,0,1,0,1,0,1,0,0,0,1,1,1,0,0,1,1,1,1,0,1,1,1,1,0,1,1,1,1,0,1,0,1,0,0,1,0,1,1,0,1,0,1,1,1,0,0,1,0,0,0,1,0,0,1,1,0,1,1,0,1,0,1,0,1,0,1,0,0,35,-17.02614391710623,240.001,5.293509782016306e-08,5.293509782016306e-08,25.7364188832876,25.7364188832876,22.227868465816492,22.227868465816492
1,0,0,1,1,1,1,0,0,1,0,1,0,1,0,1,0,1,0,0,0,1,1,1,0,0,1,1,1,1,0,1,1,1,1,0,1,1,1,1,0,1,0,1,0,0,1,0,1,1,0,1,0,1,1,1,0,0,1,0,0,0,1,0,0,1,1,0,1,1,0,1,0,1,0,1,0,1,0,0,37,-17.026054469151074,240.001,5.29632426153279e-08,5.29632426153279e-08,25.734199866450602,25.734199866450602,22.24292405461224,22.24292405461224
1,0,0,1,1,1,1,0,0,1,0,1,0,1,0,1,0,1,0,0,0,1,1,1,0,0,1,1,1,1,0,1,1,1,1,0,1,1,1,1,0,1,0,1,0,0,1,0,1,1,0,1,0,1,1,1,0,0,1,0,0,0,1,0,0,1,1,0,1,1,0,1,0,1,0,1,0,1,0,0,38,-17.026789159221636,240.001,5.297099741765888e-08,5.297099741765888e-08,25.73282933515145,25.73282933515145,22.120773646497938,22.120773646497938
1,0,0,1,1,1,1,0,0,1,0,1,0,1,0,1,0,1,0,0,0,1,1,1,0,0,1,1,1,1,0,1,1,1,1,0,1,1,1,1,0,1,0,1,0,0,1,0,1,1,0,1,0,1,1,1,0,0,1,0,0,0,1,0,0,1,1,0,1,1,0,1,0,1,0,1,0,1,0,0,39,-17.026640120822535,240.001,5.298591403290126e-08,5.298591403290126e-08,25.731755573896887,25.731755573896887,22.14527836202945,22.14527836202945
1,0,0,1,1,1,1,0,0,1,0,1,0,1,0,1,0,1,0,0,0,1,1,1,0,0,1,1,1,1,0,1,1,1,1,0,1,1,1,1,0,1,0,1,0,0,1,0,1,1,0,1,0,1,1,1,0,0,1,0,0,0,1,0,0,1,1,0,1,1,0,1,0,1,0,1,0,1,0,0,40,-17.025568180304248,240.001,5.300831667429961e-08,5.300831667429961e-08,25.730991689272745,25.730991689272745,22.325694981891875,22.325694981891875
1,0,0,1,1,1,1,0,0,1,0,1,0,1,0,1,0,1,0,0,0,1,1,1,0,0,1,1,1,1,0,1,1,1,1,0,1,1,1,1,0,1,0,1,0,0,1,0,1,1,0,1,0,1,1,1,0,0,1,0,0,0,1,0,0,1,1,0,1,1,0,1,0,1,0,1,0,1,0,0,42,-17.02394797196066,240.001,5.3048889545887e-08,5.3048889545887e-08,25.729289054080667,25.729289054080667,22.613367520596213,22.613367520596213
1,0,0,1,1,1,1,0,0,1,0,1,0,1,0,1,0,1,0,0,0,1,1,1,0,0,1,1,1,1,0,1,1,1,1,0,1,1,1,1,0,1,0,1,0,0,1,0,1,1,0,1,0,1,1,1,0,0,1,0,0,0,1,0,0,1,1,0,1,1,0,1,0,1,0,1,0,1,0,0,44,-17.023289839953833,240.001,5.3081664799783e-08,5.3081664799783e-08,25.727264808246307,25.727264808246307,22.73585727058321,22.73585727058321
1,0,0,1,1,1,1,0,0,1,0,1,0,1,0,1,0,1,0,0,0,1,1,1,0,0,1,1,1,1,0,1,1,1,1,0,1,1,1,1,0,1,0,1,0,0,1,0,1,1,0,1,0,1,1,1,0,0,1,0,0,0,1,0,0,1,1,0,1,1,0,1,0,1,0,1,0,1,0,0,47,-17.023223423393354,240.001,5.312335270808128e-08,5.312335270808128e-08,25.72392181348316,25.72392181348316,22.748411594686438,22.748411594686438
1,0,0,1,1,1,1,0,0,1,0,1,0,1,0,1,0,1,0,0,0,1,1,1,0,0,1,1,1,1,0,1,1,1,1,0,1,1,1,1,0,1,0,1,0,0,1,0,1,1,0,1,0,1,1,1,0,0,1,0,0,0,1,0,0,1,1,0,1,1,0,1,0,1,0,1,0,1,0,0,49,-17.024413966035333,240.001,5.3141100870267377e-08,5.3141100870267377e-08,25.721280563908905,25.721280563908905,22.528669847811358,22.528669847811358
1,0,0,1,1,1,1,0,0,1,0,1,0,1,0,1,0,1,0,0,0,1,1,1,0,0,1,1,1,1,0,1,1,1,1,0,1,1,1,1,0,1,0,1,0,0,1,0,1,1,0,1,0,1,1,1,0,0,1,0,0,0,1,0,0,1,1,0,1,1,0,1,0,1,0,1,0,1,0,0,50,-17.02445564959717,240.001,5.315447550760762e-08,5.315447550760762e-08,25.72014597856829,25.72014597856829,22.521173005231006,22.521173005231006
1,0,0,1,1,1,1,0,0,1,0,1,0,1,0,1,0,1,0,0,0,1,1,1,0,0,1,1,1,1,0,1,1,1,1,0,1,1,1,1,0,1,0,1,0,0,1,0,1,1,0,1,0,1,1,1,0,0,1,0,0,0,1,0,0,1,1,0,1,1,0,1,0,1,0,1,0,1,0,0,52,-17.023638682182582,240.001,5.318855312653235e-08,5.318855312653235e-08,25.718179552928895,25.718179552928895,22.670503982374555,22.670503982374555
1,0,0,1,1,1,1,0,0,1,0,1,0,1,0,1,0,1,0,0,0,1,1,1,0,0,1,1,1,1,0,1,1,1,1,0,1,1,1,1,0,1,0,1,0,0,1,0,1,1,0,1,0,1,1,1,0,0,1,0,0,0,1,0,0,1,1,0,1,1,0,1,0,1,0,1,0,1,0,0,54,-17.024559905610058,240.001,5.320848132430525e-08,5.320848132430525e-08,25.715631459641198,25.715631459641198,22.502478579285885,22.502478579285885
1,0,0,1,1,1,1,0,0,1,0,1,0,1,0,1,0,1,0,0,0,1,1,1,0,0,1,1,1,1,0,1,1,1,1,0,1,1,1,1,0,1,0,1,0,0,1,0,1,1,0,1,0,1,1,1,0,0,1,0,0,0,1,0,0,1,1,0,1,1,0,1,0,1,0,1,0,1,0,0,55,-17.02510195222559,240.001,5.3217779388146144e-08,5.3217779388146144e-08,25.714330559373995,25.714330559373995,22.406551678228116,22.406551678228116
1,0,0,1,1,1,1,0,0,1,0,1,0,1,0,1,0,1,0,0,0,1,1,1,0,0,1,1,1,1,0,1,1,1,1,0,1,1,1,1,0,1,0,1,0,0,1,0,1,1,0,1,0,1,1,1,0,0,1,0,0,0,1,0,0,1,1,0,1,1,0,1,0,1,0,1,0,1,0,0,56,-17.024026880048776,240.001,5.3240251138795146e-08,5.3240251138795146e-08,25.71357216583625,25.71357216583625,22.598909397804917,22.598909397804917
1,0,0,1,1,1,1,0,0,1,0,1,0,1,0,1,0,1,0,0,0,1,1,1,0,0,1,1,1,1,0,1,1,1,1,0,1,1,1,1,0,1,0,1,0,0,1,0,1,1,0,1,0,1,1,1,0,0,1,0,0,0,1,0,0,1,1,0,1,1,0,1,0,1,0,1,0,1,0,0,59,-17.021894380705014,240.001,5.3298788394885905e-08,5.3298788394885905e-08,25.710932253118578,25.710932253118578,23.007534441832714,23.007534441832714
1,0,0,1,1,1,1,0,0,1,0,1,0,1,0,1,0,1,0,0,0,1,1,1,0,0,1,1,1,1,0,1,1,1,1,0,1,1,1,1,0,1,0,1,0,0,1,0,1,1,0,1,0,1,1,1,0,0,1,0,0,0,1,0,0,1,1,0,1,1,0,1,0,1,0,1,0,1,0,0,63,-17.021660574692987,240.001,5.335557370384914e-08,5.335557370384914e-08,25.706541485286472,25.706541485286472,23.05475419524235,23.05475419524235
1,0,0,1,1,1,1,0,0,1,0,1,0,1,0,1,0,1,0,0,0,1,1,1,0,0,1,1,1,1,0,1,1,1,1,0,1,1,1,1,0,1,0,1,0,0,1,0,1,1,0,1,0,1,1,1,0,0,1,0,0,0,1,0,0,1,1,0,1,1,0,1,0,1,0,1,0,1,0,0,66,-17.023220825431306,240.001,5.338398054906435e-08,5.338398054906435e-08,25.70266963853244,25.70266963853244,22.74890340628268,22.74890340628268
1,0,0,1,1,1,1,0,0,1,0,1,0,1,0,1,0,1,0,0,0,1,1,1,0,0,1,1,1,1,0,1,1,1,1,0,1,1,1,1,0,1,0,1,0,0,1,0,1,1,0,1,0,1,1,1,0,0,1,0,0,0,1,0,0,1,1,0,1,1,0,1,0,1,0,1,0,1,0,0,67,-17.023525631639068,240.001,5.339520545804423e-08,5.339520545804423e-08,25.70145174874911,25.70145174874911,22.69157630752041,22.69157630752041
1,0,0,1,1,1,1,0,0,1,0,1,0,1,0,1,0,1,0,0,0,1,1,1,0,0,1,1,1,1,0,1,1,1,1,0,1,1,1,1,0,1,0,1,0,0,1,0,1,1,0,1,0,1,1,1,0,0,1,0,0,0,1,0,0,1,1,0,1,1,0,1,0,1,0,1,0,1,0,0,69,-17.02360153206731,240.001,5.342201601586839e-08,5.342201601586839e-08,25.699195735900116,25.699195735900116,22.677417454280185,22.677417454280185
1,0,0,1,1,1,1,0,0,1,0,1,0,1,0,1,0,1,0,0,0,1,1,1,0,0,1,1,1,1,0,1,1,1,1,0,1,1,1,1,0,1,0,1,0,0,1,0,1,1,0,1,0,1,1,1,0,0,1,0,0,0,1,0,0,1,1,0,1,1,0,1,0,1,0,1,0,1,0,0,70,-17.02347481731664,240.001,5.3436767724333044e-08,5.3436767724333044e-08,25.69812337549733,25.69812337549733,22.70108119434005,22.70108119434005
1,0,0,1,1,1,1,0,0,1,0,1,0,1,0,1,0,1,0,0,0,1,1,1,0,0,1,1,1,1,0,1,1,1,1,0,1,1,1,1,0,1,0,1,0,0,1,0,1,1,0,1,0,1,1,1,0,0,1,0,0,0,1,0,0,1,1,0,1,1,0,1,0,1,0,1,0,1,0,0,72,-17.022287072412418,240.001,5.347392001218224e-08,5.347392001218224e-08,25.69629270669679,25.69629270669679,22.929357703533135,22.929357703533135
1,0,0,1,1,1,1,0,0,1,0,1,0,1,0,1,0,1,0,0,0,1,1,1,0,0,1,1,1,1,0,1,1,1,1,0,1,1,1,1,0,1,0,1,0,0,1,0,1,1,0,1,0,1,1,1,0,0,1,0,0,0,1,0,0,1,1,0,1,1,0,1,0,1,0,1,0,1,0,0,74,-17.021847649021943,240.001,5.350495496634012e-08,5.350495496634012e-08,25.694212322374256,25.694212322374256,23.016931669420785,23.016931669420785
1,0,0,1,1,1,1,0,0,1,0,1,0,1,0,1,0,1,0,0,0,1,1,1,0,0,1,1,1,1,0,1,1,1,1,0,1,1,1,1,0,1,0,1,0,0,1,0,1,1,0,1,0,1,1,1,0,0,1,0,0,0,1,0,0,1,1,0,1,1,0,1,0,1,0,1,0,1,0,0,76,-17.021350464553574,240.001,5.353646763539055e-08,5.353646763539055e-08,25.692152407293424,25.692152407293424,23.11818314571624,23.11818314571624
1,0,0,1,1,1,1,0,0,1,0,1,0,1,0,1,0,1,0,0,0,1,1,1,0,0,1,1,1,1,0,1,1,1,1,0,1,1,1,1,0,1,0,1,0,0,1,0,1,1,0,1,0,1,1,1,0,0,1,0,0,0,1,0,0,1,1,0,1,1,0,1,0,1,0,1,0,1,0,0,78,-17.020415277380728,240.001,5.3571578034754585e-08,5.3571578034754585e-08,25.690240328763313,25.690240328763313,23.315243335853783,23.315243335853783
1,0,0,1,1,1,1,0,0,1,0,1,0,1,0,1,0,1,0,0,0,1,1,1,0,0,1,1,1,1,0,1,1,1,1,1,1,1,1,1,0,1,0,1,0,0,1,0,1,1,0,1,0,1,1,1,0,0,1,0,0,0,1,0,0,1,1,0,1,1,0,1,0,1,0,1,0,1,0,0,1,-17.02014431623872,240.001,5.2517149927108336e-08,5.2517149927108336e-08,25.776844192091776,25.776844192091776,23.374042883869784,23.374042883869784
1,0,0,1,1,1,1,0,0,1,0,1,0,1,0,1,0,1,0,0,0,1,1,1,0,0,1,1,1,1,0,1,1,1,1,1,1,1,1,1,0,1,0,1,0,0,1,0,1,1,0,1,0,1,1,1,0,0,1,0,0,0,1,0,0,1,1,0,1,1,0,1,0,1,0,1,0,1,0,0,4,-17.022865208123612,240.001,5.25364310458625e-08,5.25364310458625e-08,25.77252912635839,25.77252912635839,22.816752424285646,22.816752424285646
1,0,0,1,1,1,1,0,0,1,0,1,0,1,0,1,0,1,0,0,0,1,1,1,0,0,1,1,1,1,0,1,1,1,1,1,1,1,1,1,0,1,0,1,0,0,1,0,1,1,0,1,0,1,1,1,0,0,1,0,0,0,1,0,0,1,1,0,1,1,0,1,0,1,0,1,0,1,0,0,5,-17.02418350872707,240.001,5.253954522974082e-08,5.253954522974082e-08,25.77095339814449,25.77095339814449,22.57035177330996,22.57035177330996
1,0,0,1,1,1,1,0,0,1,0,1,0,1,0,1,0,1,0,0,0,1,1,1,0,0,1,1,1,1,0,1,1,1,1,1,1,1,1,1,0,1,0,1,0,0,1,0,1,1,0,1,0,1,1,1,0,0,1,0,0,0,1,0,0,1,1,0,1,1,0,1,0,1,0,1,0,1,0,0,6,-17.024348690946148,240.001,5.255193108055063e-08,5.255193108055063e-08,25.769764516026207,25.769764516026207,22.540435574208217,22.540435574208217
1,0,0,1,1,1,1,0,0,1,0,1,0,1,0,1,0,1,0,0,0,1,1,1,0,0,1,1,1,1,0,1,1,1,1,1,1,1,1,1,0,1,0,1,0,0,1,0,1,1,0,1,0,1,1,1,0,0,1,0,0,0,1,0,0,1,1,0,1,1,0,1,0,1,0,1,0,1,0,0,7,-17.02337190635318,240.001,5.2573504809975883e-08,5.2573504809975883e-08,25.768958791620165,25.768958791620165,22.720394446218243,22.720394446218243
1,0,0,1,1,1,1,0,0,1,0,1,0,1,0,1,0,1,0,0,0,1,1,1,0,0,1,1,1,1,0,1,1,1,1,1,1,1,1,1,0,1,0,1,0,0,1,0,1,1,0,1,0,1,1,1,0,0,1,0,0,0,1,0,0,1,1,0,1,1,0,1,0,1,0,1,0,1,0,0,10,-17.022157441047593,240.001,5.2624434167984085e-08,5.2624434167984085e-08,25.76596816677042,25.76596816677042,22.955010107972626,22.955010107972626
1,0,0,1,1,1,1,0,0,1,0,1,0,1,0,1,0,1,0,0,0,1,1,1,0,0,1,1,1,1,0,1,1,1,1,1,1,1,1,1,0,1,0,1,0,0,1,0,1,1,0,1,0,1,1,1,0,0,1,0,0,0,1,0,0,1,1,0,1,1,0,1,0,1,0,1,0,1,0,0,12,-17.022456175498935,240.001,5.264946340883861e-08,5.264946340883861e-08,25.7636043313502,25.7636043313502,22.89611935099952,22.89611935099952
1,0,0,1,1,1,1,0,0,1,0,1,0,1,0,1,0,1,0,0,0,1,1,1,0,0,1,1,1,1,0,1,1,1,1,1,1,1,1,1,0,1,0,1,0,0,1,0,1,1,0,1,0,1,1,1,0,0,1,0,0,0,1,0,0,1,1,0,1,1,0,1,0,1,0,1,0,1,0,0,14,-17.022583153162188,240.001,5.2675875582720536e-08,5.2675875582720536e-08,25.761299214651796,25.761299214651796,22.87132635600981,22.87132635600981
1,0,0,1,1,1,1,0,0,1,0,1,0,1,0,1,0,1,0,0,0,1,1,1,0,0,1,1,1,1,0,1,1,1,1,1,1,1,1,1,0,1,0,1,0,0,1,0,1,1,0,1,0,1,1,1,0,0,1,0,0,0,1,0,0,1,1,0,1,1,0,1,0,1,0,1,0,1,0,0,16,-17.022628907325036,240.001,5.270294212578975e-08,5.270294212578975e-08,25.759022490202263,25.759022490202263,22.86242703627803,22.86242703627803
1,0,0,1,1,1,1,0,0,1,0,1,0,1,0,1,0,1,0,0,0,1,1,1,0,0,1,1,1,1,0,1,1,1,1,1,1,1,1,1,0,1,0,1,0,0,1,0,1,1,0,1,0,1,1,1,0,0,1,0,0,0,1,0,0,1,1,0,1,1,0,1,0,1,0,1,0,1,0,0,18,-17.02240406459736,240.001,5.273219288566674e-08,5.273219288566674e-08,25.756837615537236,25.756837615537236,22.906335147279524,22.906335147279524
1,0,0,1,1,1,1,0,0,1,0,1,0,1,0,1,0,1,0,0,0,1,1,1,0,0,1,1,1,1,0,1,1,1,1,1,1,1,1,1,0,1,0,1,0,0,1,0,1,1,0,1,0,1,1,1,0,0,1,0,0,0,1,0,0,1,1,0,1,1,0,1,0,1,0,1,0,1,0,0,22,-17.024196086147693,240.001,5.2772590518307296e-08,5.2772590518307296e-08,25.751719778942483,25.751719778942483,22.56806665083799,22.56806665083799
1,0,0,1,1,1,1,0,0,1,0,1,0,1,0,1,0,1,0,0,0,1,1,1,0,0,1,1,1,1,0,1,1,1,1,1,1,1,1,1,0,1,0,1,0,0,1,0,1,1,0,1,0,1,1,1,0,0,1,0,0,0,1,0,0,1,1,0,1,1,0,1,0,1,0,1,0,1,0,0,23,-17.025304922484775,240.001,5.277734775178434e-08,5.277734775178434e-08,25.750219461514373,25.750219461514373,22.37116698117081,22.37116698117081
1,0,0,1,1,1,1,0,0,1,0,1,0,1,0,1,0,1,0,0,0,1,1,1,0,0,1,1,1,1,0,1,1,1,1,1,1,1,1,1,0,1,0,1,0,0,1,0,1,1,0,1,0,1,1,1,0,0,1,0,0,0,1,0,0,1,1,0,1,1,0,1,0,1,0,1,0,1,0,0,24,-17.024692917182268,240.001,5.279600527411268e-08,5.279600527411268e-08,25.749296447070833,25.749296447070833,22.47874350301207,22.47874350301207
1,0,0,1,1,1,1,0,0,1,0,1,0,1,0,1,0,1,0,0,0,1,1,1,0,0,1,1,1,1,0,1,1,1,1,1,1,1,1,1,0,1,0,1,0,0,1,0,1,1,0,1,0,1,1,1,0,0,1,0,0,0,1,0,0,1,1,0,1,1,0,1,0,1,0,1,0,1,0,0,27,-17.025378597372377,240.001,5.283160326578131e-08,5.283160326578131e-08,25.74568349963544,25.74568349963544,22.35839349255992,22.35839349255992
1,0,0,1,1,1,1,0,0,1,0,1,0,1,0,1,0,1,0,0,0,1,1,1,0,0,1,1,1,1,0,1,1,1,1,1,1,1,1,1,0,1,0,1,0,0,1,0,1,1,0,1,0,1,1,1,0,0,1,0,0,0,1,0,0,1,1,0,1,1,0,1,0,1,0,1,0,1,0,0,28,-17.026636189543385,240.001,5.283514711185991e-08,5.283514711185991e-08,25.74413460054116,25.74413460054116,22.145926602208927,22.145926602208927
1,0,0,1,1,1,1,0,0,1,0,1,0,1,0,1,0,1,0,0,0,1,1,1,0,0,1,1,1,1,0,1,1,1,1,1,1,1,1,1,0,1,0,1,0,0,1,0,1,1,0,1,0,1,1,1,0,0,1,0,0,0,1,0,0,1,1,0,1,1,0,1,0,1,0,1,0,1,0,0,29,-17.026891997587473,240.001,5.284678838017603e-08,5.284678838017603e-08,25.742922008617416,25.742922008617416,22.103944856999334,22.103944856999334
1,0,0,1,1,1,1,0,0,1,0,1,0,1,0,1,0,1,0,0,0,1,1,1,0,0,1,1,1,1,0,1,1,1,1,1,1,1,1,1,0,1,0,1,0,0,1,0,1,1,0,1,0,1,1,1,0,0,1,0,0,0,1,0,0,1,1,0,1,1,0,1,0,1,0,1,0,1,0,0,30,-17.026248509199203,240.001,5.286570246379856e-08,5.286570246379856e-08,25.742011417223893,25.742011417223893,22.210329415503228,22.210329415503228
1,0,0,1,1,1,1,0,0,1,0,1,0,1,0,1,0,1,0,0,0,1,1,1,0,0,1,1,1,1,0,1,1,1,1,1,1,1,1,1,0,1,0,1,0,0,1,0,1,1,0,1,0,1,1,1,0,0,1,0,0,0,1,0,0,1,1,0,1,1,0,1,0,1,0,1,0,1,0,0,32,-17.026560447561078,240.001,5.289059907529345e-08,5.289059907529345e-08,25.7396546907912,25.7396546907912,22.15843473305672,22.15843473305672
1,0,0,1,1,1,1,0,0,1,0,1,0,1,0,1,0,1,0,0,0,1,1,1,0,0,1,1,1,1,0,1,1,1,1,1,1,1,1,1,0,1,0,1,0,0,1,0,1,1,0,1,0,1,1,1,0,0,1,0,0,0,1,0,0,1,1,0,1,1,0,1,0,1,0,1,0,1,0,0,33,-17.027581577317378,240.001,5.289604417506275e-08,5.289604417506275e-08,25.738186476844938,25.738186476844938,21.992743845509523,21.992743845509523
1,0,0,1,1,1,1,0,0,1,0,1,0,1,0,1,0,1,0,0,0,1,1,1,0,0,1,1,1,1,0,1,1,1,1,1,1,1,1,1,0,1,0,1,0,0,1,0,1,1,0,1,0,1,1,1,0,0,1,0,0,0,1,0,0,1,1,0,1,1,0,1,0,1,0,1,0,1,0,0,34,-17.02790693803972,240.001,5.2907118462994816e-08,5.2907118462994816e-08,25.7369519746494,25.7369519746494,21.94124300141801,21.94124300141801
1,0,0,1,1,1,1,0,0,1,0,1,0,1,0,1,0,1,0,0,0,1,1,1,0,0,1,1,1,1,0,1,1,1,1,1,1,1,1,1,0,1,0,1,0,0,1,0,1,1,0,1,0,1,1,1,0,0,1,0,0,0,1,0,0,1,1,0,1,1,0,1,0,1,0,1,0,1,0,0,35,-17.02802863831239,240.001,5.2919839976571e-08,5.2919839976571e-08,25.735786139072143,25.735786139072143,21.92213413885788,21.92213413885788
1,0,0,1,1,1,1,0,0,1,0,1,0,1,0,1,0,1,0,0,0,1,1,1,0,0,1,1,1,1,0,1,1,1,1,1,1,1,1,1,0,1,0,1,0,0,1,0,1,1,0,1,0,1,1,1,0,0,1,0,0,0,1,0,0,1,1,0,1,1,0,1,0,1,0,1,0,1,0,0,36,-17.028034705328405,240.001,5.293349703039772e-08,5.293349703039772e-08,25.734659430361383,25.734659430361383,21.92118370434223,21.92118370434223
1,0,0,1,1,1,1,0,0,1,0,1,0,1,0,1,0,1,0,0,0,1,1,1,0,0,1,1,1,1,0,1,1,1,1,1,1,1,1,1,0,1,0,1,0,0,1,0,1,1,0,1,0,1,1,1,0,0,1,0,0,0,1,0,0,1,1,0,1,1,0,1,0,1,0,1,0,1,0,0,37,-17.027939234018184,240.001,5.294797618710889e-08,5.294797618710889e-08,25.73356711731039,25.73356711731039,21.936163874391234,21.936163874391234
1,0,0,1,1,1,1,0,0,1,0,1,0,1,0,1,0,1,0,0,0,1,1,1,0,0,1,1,1,1,0,1,1,1,1,1,1,1,1,1,0,1,0,1,0,0,1,0,1,1,0,1,0,1,1,1,0,0,1,0,0,0,1,0,0,1,1,0,1,1,0,1,0,1,0,1,0,1,0,0,38,-17.027715131146394,240.001,5.2963497646065995e-08,5.2963497646065995e-08,25.732518292182892,25.732518292182892,21.971530339236693,21.971530339236693
1,0,0,1,1,1,1,0,0,1,0,1,0,1,0,1,0,1,0,0,0,1,1,1,0,0,1,1,1,1,0,1,1,1,1,1,1,1,1,1,0,1,0,1,0,0,1,0,1,1,0,1,0,1,1,1,0,0,1,0,0,0,1,0,0,1,1,0,1,1,0,1,0,1,0,1,0,1,0,0,39,-17.027255314936642,240.001,5.298093032809962e-08,5.298093032809962e-08,25.731548884067198,25.731548884067198,22.04500411239055,22.04500411239055
1,0,0,1,1,1,1,0,0,1,0,1,0,1,0,1,0,1,0,0,0,1,1,1,0,0,1,1,1,1,0,1,1,1,1,1,1,1,1,1,0,1,0,1,0,0,1,0,1,1,0,1,0,1,1,1,0,0,1,0,0,0,1,0,0,1,1,0,1,1,0,1,0,1,0,1,0,1,0,0,40,-17.02602913970217,240.001,5.300458060632612e-08,5.300458060632612e-08,25.730836834838875,25.730836834838875,22.247196868237577,22.247196868237577
1,0,0,1,1,1,1,0,0,1,0,1,0,1,0,1,0,1,0,0,0,1,1,1,0,0,1,1,1,1,0,1,1,1,1,1,1,1,1,1,0,1,0,1,0,0,1,0,1,1,0,1,0,1,1,1,0,0,1,0,0,0,1,0,0,1,1,0,1,1,0,1,0,1,0,1,0,1,0,0,42,-17.02425515316237,240.001,5.304639759161996e-08,5.304639759161996e-08,25.729185886085716,25.729185886085716,22.557351054167487,22.557351054167487
1,0,0,1,1,1,1,0,0,1,0,1,0,1,0,1,0,1,0,0,0,1,1,1,0,0,1,1,1,1,0,1,1,1,1,1,1,1,1,1,0,1,0,1,0,0,1,0,1,1,0,1,0,1,1,1,0,0,1,0,0,0,1,0,0,1,1,0,1,1,0,1,0,1,0,1,0,1,0,0,44,-17.023520181737357,240.001,5.307979497303754e-08,5.307979497303754e-08,25.727187451442358,25.727187451442358,22.692594728907647,22.692594728907647
1,0,0,1,1,1,1,0,0,1,0,1,0,1,0,1,0,1,0,0,0,1,1,1,0,0,1,1,1,1,0,1,1,1,1,1,1,1,1,1,0,1,0,1,0,0,1,0,1,1,0,1,0,1,1,1,0,0,1,0,0,0,1,0,0,1,1,0,1,1,0,1,0,1,0,1,0,1,0,0,47,-17.023390895835714,240.001,5.3121992213297813e-08,5.3121992213297813e-08,25.72386556574953,25.72386556574953,22.71682426555186,22.71682426555186
1,0,0,1,1,1,1,0,0,1,0,1,0,1,0,1,0,1,0,0,0,1,1,1,0,0,1,1,1,1,0,1,1,1,1,1,1,1,1,1,0,1,0,1,0,0,1,0,1,1,0,1,0,1,1,1,0,0,1,0,0,0,1,0,0,1,1,0,1,1,0,1,0,1,0,1,0,1,0,0,49,-17.024555588243565,240.001,5.3139950200558736e-08,5.3139950200558736e-08,25.721232980948486,25.721232980948486,22.50325115166485,22.50325115166485
1,0,0,1,1,1,1,0,0,1,0,1,0,1,0,1,0,1,0,0,0,1,1,1,0,0,1,1,1,1,0,1,1,1,1,1,1,1,1,1,0,1,0,1,0,0,1,0,1,1,0,1,0,1,1,1,0,0,1,0,0,0,1,0,0,1,1,0,1,1,0,1,0,1,0,1,0,1,0,0,50,-17.024587143294212,240.001,5.3153406889490206e-08,5.3153406889490206e-08,25.720101796355817,25.720101796355817,22.497607672463722,22.497607672463722
1,0,0,1,1,1,1,0,0,1,0,1,0,1,0,1,0,1,0,0,0,1,1,1,0,0,1,1,1,1,0,1,1,1,1,1,1,1,1,1,0,1,0,1,0,0,1,0,1,1,0,1,0,1,1,1,0,0,1,0,0,0,1,0,0,1,1,0,1,1,0,1,0,1,0,1,0,1,0,0,52,-17.02375376410805,240.001,5.318761720540313e-08,5.318761720540313e-08,25.71814089138605,25.71814089138605,22.649156957718304,22.649156957718304
1,0,0,1,1,1,1,0,0,1,0,1,0,1,0,1,0,1,0,0,0,1,1,1,0,0,1,1,1,1,0,1,1,1,1,1,1,1,1,1,0,1,0,1,0,0,1,0,1,1,0,1,0,1,1,1,0,0,1,0,0,0,1,0,0,1,1,0,1,1,0,1,0,1,0,1,0,1,0,0,54,-17.02466215639295,240.001,5.320764955796682e-08,5.320764955796682e-08,25.71559709922944,25.71559709922944,22.48422111709077,22.48422111709077
1,0,0,1,1,1,1,0,0,1,0,1,0,1,0,1,0,1,0,0,0,1,1,1,0,0,1,1,1,1,0,1,1,1,1,1,1,1,1,1,0,1,0,1,0,0,1,0,1,1,0,1,0,1,1,1,0,0,1,0,0,0,1,0,0,1,1,0,1,1,0,1,0,1,0,1,0,1,0,0,55,-17.025198796343357,240.001,5.3216991531434506e-08,5.3216991531434506e-08,25.71429801037698,25.71429801037698,22.389632657334502,22.389632657334502
1,0,0,1,1,1,1,0,0,1,0,1,0,1,0,1,0,1,0,0,0,1,1,1,0,0,1,1,1,1,0,1,1,1,1,1,1,1,1,1,0,1,0,1,0,0,1,0,1,1,0,1,0,1,1,1,0,0,1,0,0,0,1,0,0,1,1,0,1,1,0,1,0,1,0,1,0,1,0,0,56,-17.02411891566998,240.001,5.3239501990309466e-08,5.3239501990309466e-08,25.713541240622217,25.713541240622217,22.58210620745592,22.58210620745592
1,0,0,1,1,1,1,0,0,1,0,1,0,1,0,1,0,1,0,0,0,1,1,1,0,0,1,1,1,1,0,1,1,1,1,1,1,1,1,1,0,1,0,1,0,0,1,0,1,1,0,1,0,1,1,1,0,0,1,0,0,0,1,0,0,1,1,0,1,1,0,1,0,1,0,1,0,1,0,0,59,-17.021974471745477,240.001,5.3298135587306744e-08,5.3298135587306744e-08,25.71090535511949,25.71090535511949,22.99147591695715,22.99147591695715
1,0,0,1,1,1,1,0,0,1,0,1,0,1,0,1,0,1,0,0,0,1,1,1,0,0,1,1,1,1,0,1,1,1,1,1,1,1,1,1,0,1,0,1,0,0,1,0,1,1,0,1,0,1,1,1,0,0,1,0,0,0,1,0,0,1,1,0,1,1,0,1,0,1,0,1,0,1,0,0,63,-17.021728802086752,240.001,5.335501699487697e-08,5.335501699487697e-08,25.70651857216434,25.70651857216434,23.040922039223428,23.040922039223428
1,0,0,1,1,1,1,0,0,1,0,1,0,1,0,1,0,1,0,0,0,1,1,1,0,0,1,1,1,1,0,1,1,1,1,1,1,1,1,1,0,1,0,1,0,0,1,0,1,1,0,1,0,1,1,1,0,0,1,0,0,0,1,0,0,1,1,0,1,1,0,1,0,1,0,1,0,1,0,0,66,-17.023282190588368,240.001,5.33834796738965e-08,5.33834796738965e-08,25.70264902124389,25.70264902124389,22.73730134622115,22.73730134622115
1,0,0,1,1,1,1,0,0,1,0,1,0,1,0,1,0,1,0,0,0,1,1,1,0,0,1,1,1,1,0,1,1,1,1,1,1,1,1,1,0,1,0,1,0,0,1,0,1,1,0,1,0,1,1,1,0,0,1,0,0,0,1,0,0,1,1,0,1,1,0,1,0,1,0,1,0,1,0,0,67,-17.023585008770958,240.001,5.339472073068547e-08,5.339472073068547e-08,25.701431797511525,25.701431797511525,22.680495887076972,22.680495887076972
1,0,0,1,1,1,1,0,0,1,0,1,0,1,0,1,0,1,0,0,0,1,1,1,0,0,1,1,1,1,0,1,1,1,1,1,1,1,1,1,0,1,0,1,0,0,1,0,1,1,0,1,0,1,1,1,0,0,1,0,0,0,1,0,0,1,1,0,1,1,0,1,0,1,0,1,0,1,0,0,69,-17.02365730726551,240.001,5.3421560472982297e-08,5.3421560472982297e-08,25.699176994236023,25.699176994236023,22.667042052194866,22.667042052194866
1,0,0,1,1,1,1,0,0,1,0,1,0,1,0,1,0,1,0,0,0,1,1,1,0,0,1,1,1,1,0,1,1,1,1,1,1,1,1,1,0,1,0,1,0,0,1,0,1,1,0,1,0,1,1,1,0,0,1,0,0,0,1,0,0,1,1,0,1,1,0,1,0,1,0,1,0,1,0,0,70,-17.02352895344835,240.001,5.34363254423704e-08,5.34363254423704e-08,25.698105184917516,25.698105184917516,22.69095567858127,22.69095567858127
1,0,0,1,1,1,1,0,0,1,0,1,0,1,0,1,0,1,0,0,0,1,1,1,0,0,1,1,1,1,0,1,1,1,1,1,1,1,1,1,0,1,0,1,0,0,1,0,1,1,0,1,0,1,1,1,0,0,1,0,0,0,1,0,0,1,1,0,1,1,0,1,0,1,0,1,0,1,0,0,72,-17.022338222939723,240.001,5.347350177067159e-08,5.347350177067159e-08,25.696275524259068,25.696275524259068,22.91927699594245,22.91927699594245
1,0,0,1,1,1,1,0,0,1,0,1,0,1,0,1,0,1,0,0,0,1,1,1,0,0,1,1,1,1,0,1,1,1,1,1,1,1,1,1,0,1,0,1,0,0,1,0,1,1,0,1,0,1,1,1,0,0,1,0,0,0,1,0,0,1,1,0,1,1,0,1,0,1,0,1,0,1,0,0,74,-17.02189611438312,240.001,5.3504558431084805e-08,5.3504558431084805e-08,25.694196043510857,25.694196043510857,23.007186207150593,23.007186207150593
1,0,0,1,1,1,1,0,0,1,0,1,0,1,0,1,0,1,0,0,0,1,1,1,0,0,1,1,1,1,0,1,1,1,1,1,1,1,1,1,0,1,0,1,0,0,1,0,1,1,0,1,0,1,1,1,0,0,1,0,0,0,1,0,0,1,1,0,1,1,0,1,0,1,0,1,0,1,0,0,76,-17.021396514369435,240.001,5.353609062027276e-08,5.353609062027276e-08,25.69213694152037,25.69213694152037,23.108705780712647,23.108705780712647
1,0,0,1,1,1,1,0,0,1,0,1,0,1,0,1,0,1,0,0,0,1,1,1,0,0,1,1,1,1,0,1,1,1,1,1,1,1,1,1,0,1,0,1,0,0,1,0,1,1,0,1,0,1,1,1,0,0,1,0,0,0,1,0,0,1,1,0,1,1,0,1,0,1,0,1,0,1,0,0,78,-17.020459149153602,240.001,5.357121857493329e-08,5.357121857493329e-08,25.690225597804712,25.690225597804712,23.305797098751878,23.305797098751878
1,0,0,1,1,1,1,0,0,1,1,1,0,1,0,1,0,1,0,0,0,1,1,1,0,0,1,1,1,1,0,1,1,1,1,1,1,1,1,1,0,1,0,1,0,0,1,0,1,1,0,1,0,1,1,1,0,0,1,0,0,0,1,0,0,1,1,0,1,1,0,1,0,1,0,1,0,1,0,0,1,-17.020328882119088,240.001,5.251566676587824e-08,5.251566676587824e-08,25.77678227906569,25.77678227906569,23.333905510111443,23.333905510111443
1,0,0,1,1,1,1,0,0,1,1,1,0,1,0,1,0,1,0,0,0,1,1,1,0,0,1,1,1,1,0,1,1,1,1,1,1,1,1,1,0,1,0,1,0,0,1,0,1,1,0,1,0,1,1,1,0,0,1,0,0,0,1,0,0,1,1,0,1,1,0,1,0,1,0,1,0,1,0,0,4,-17.02312870230761,240.001,5.253431348764326e-08,5.253431348764326e-08,25.7724406844887,25.7724406844887,22.766378839519035,22.766378839519035
1,0,0,1,1,1,1,0,0,1,1,1,0,1,0,1,0,1,0,0,0,1,1,1,0,0,1,1,1,1,0,1,1,1,1,1,1,1,1,1,0,1,0,1,0,0,1,0,1,1,0,1,0,1,1,1,0,0,1,0,0,0,1,0,0,1,1,0,1,1,0,1,0,1,0,1,0,1,0,0,5,-17.024490853492612,240.001,5.2537075445437954e-08,5.2537075445437954e-08,25.770850211770707,25.770850211770707,22.514851547520863,22.514851547520863
1,0,0,1,1,1,1,0,0,1,1,1,0,1,0,1,0,1,0,0,0,1,1,1,0,0,1,1,1,1,0,1,1,1,1,1,1,1,1,1,0,1,0,1,0,0,1,0,1,1,0,1,0,1,1,1,0,0,1,0,0,0,1,0,0,1,1,0,1,1,0,1,0,1,0,1,0,1,0,0,6,-17.024717638636716,240.001,5.254896549302631e-08,5.254896549302631e-08,25.76964065440812,25.76964065440812,22.4743462949327,22.4743462949327
1,0,0,1,1,1,1,0,0,1,1,1,0,1,0,1,0,1,0,0,0,1,1,1,0,0,1,1,1,1,0,1,1,1,1,1,1,1,1,1,0,1,0,1,0,0,1,0,1,1,0,1,0,1,1,1,0,0,1,0,0,0,1,0,0,1,1,0,1,1,0,1,0,1,0,1,0,1,0,0,7,-17.0238335839396,240.001,5.2569791671619594e-08,5.2569791671619594e-08,25.76880385646114,25.76880385646114,22.63441190231385,22.63441190231385
1,0,0,1,1,1,1,0,0,1,1,1,0,1,0,1,0,1,0,0,0,1,1,1,0,0,1,1,1,1,0,1,1,1,1,1,1,1,1,1,0,1,0,1,0,0,1,0,1,1,0,1,0,1,1,1,0,0,1,0,0,0,1,0,0,1,1,0,1,1,0,1,0,1,0,1,0,1,0,0,10,-17.02404522433062,240.001,5.260923294689123e-08,5.260923294689123e-08,25.765335078237793,25.765335078237793,22.59555506976886,22.59555506976886
1,0,0,1,1,1,1,0,0,1,1,1,0,1,0,1,0,1,0,0,0,1,1,1,0,0,1,1,1,1,0,1,1,1,1,1,1,1,1,1,0,1,0,1,0,0,1,0,1,1,0,1,0,1,1,1,0,0,1,0,0,0,1,0,0,1,1,0,1,1,0,1,0,1,0,1,0,1,0,0,11,-17.02498597293178,240.001,5.2615371064429304e-08,5.2615371064429304e-08,25.7638876514497,25.7638876514497,22.42690030274744,22.42690030274744
1,0,0,1,1,1,1,0,0,1,1,1,0,1,0,1,0,1,0,0,0,1,1,1,0,0,1,1,1,1,0,1,1,1,1,1,1,1,1,1,0,1,0,1,0,0,1,0,1,1,0,1,0,1,1,1,0,0,1,0,0,0,1,0,0,1,1,0,1,1,0,1,0,1,0,1,0,1,0,0,12,-17.02434380577336,240.001,5.263425660371263e-08,5.263425660371263e-08,25.762971260013995,25.762971260013995,22.54131739473186,22.54131739473186
1,0,0,1,1,1,1,0,0,1,1,1,0,1,0,1,0,1,0,0,0,1,1,1,0,0,1,1,1,1,0,1,1,1,1,1,1,1,1,1,0,1,0,1,0,0,1,0,1,1,0,1,0,1,1,1,0,0,1,0,0,0,1,0,0,1,1,0,1,1,0,1,0,1,0,1,0,1,0,0,14,-17.023199660994692,240.001,5.2670906897919847e-08,5.2670906897919847e-08,25.761092377118096,25.761092377118096,22.752912041094028,22.752912041094028
1,0,0,1,1,1,1,0,0,1,1,1,0,1,0,1,0,1,0,0,0,1,1,1,0,0,1,1,1,1,0,1,1,1,1,1,1,1,1,1,0,1,0,1,0,0,1,0,1,1,0,1,0,1,1,1,0,0,1,0,0,0,1,0,0,1,1,0,1,1,0,1,0,1,0,1,0,1,0,0,16,-17.02299812336284,240.001,5.2699965126060976e-08,5.2699965126060976e-08,25.758898598432815,25.758898598432815,22.791269666551667,22.791269666551667
1,0,0,1,1,1,1,0,0,1,1,1,0,1,0,1,0,1,0,0,0,1,1,1,0,0,1,1,1,1,0,1,1,1,1,1,1,1,1,1,0,1,0,1,0,0,1,0,1,1,0,1,0,1,1,1,0,0,1,0,0,0,1,0,0,1,1,0,1,1,0,1,0,1,0,1,0,1,0,0,18,-17.022667656494445,240.001,5.2730066383718086e-08,5.2730066383718086e-08,25.756749162702896,25.756749162702896,22.854904370934182,22.854904370934182
1,0,0,1,1,1,1,0,0,1,1,1,0,1,0,1,0,1,0,0,0,1,1,1,0,0,1,1,1,1,0,1,1,1,1,1,1,1,1,1,0,1,0,1,0,0,1,0,1,1,0,1,0,1,1,1,0,0,1,0,0,0,1,0,0,1,1,0,1,1,0,1,0,1,0,1,0,1,0,0,22,-17.024363643507247,240.001,5.2771238090402026e-08,5.2771238090402026e-08,25.75166352169099,25.75166352169099,22.537737599625096,22.537737599625096
1,0,0,1,1,1,1,0,0,1,1,1,0,1,0,1,0,1,0,0,0,1,1,1,0,0,1,1,1,1,0,1,1,1,1,1,1,1,1,1,0,1,0,1,0,0,1,0,1,1,0,1,0,1,1,1,0,0,1,0,0,0,1,0,0,1,1,0,1,1,0,1,0,1,0,1,0,1,0,0,23,-17.02545843738128,240.001,5.2776108756464323e-08,5.2776108756464323e-08,25.7501679023185,25.7501679023185,22.344593159168333,22.344593159168333
1,0,0,1,1,1,1,0,0,1,1,1,0,1,0,1,0,1,0,0,0,1,1,1,0,0,1,1,1,1,0,1,1,1,1,1,1,1,1,1,0,1,0,1,0,0,1,0,1,1,0,1,0,1,1,1,0,0,1,0,0,0,1,0,0,1,1,0,1,1,0,1,0,1,0,1,0,1,0,0,24,-17.02483464539744,240.001,5.279486093272147e-08,5.279486093272147e-08,25.749248852215768,25.749248852215768,22.453594141051006,22.453594141051006
1,0,0,1,1,1,1,0,0,1,1,1,0,1,0,1,0,1,0,0,0,1,1,1,0,0,1,1,1,1,0,1,1,1,1,1,1,1,1,1,0,1,0,1,0,0,1,0,1,1,0,1,0,1,1,1,0,0,1,0,0,0,1,0,0,1,1,0,1,1,0,1,0,1,0,1,0,1,0,0,27,-17.025493708980157,240.001,5.2830673304817455e-08,5.2830673304817455e-08,25.745644834783896,25.745644834783896,22.33851032617341,22.33851032617341
1,0,0,1,1,1,1,0,0,1,1,1,0,1,0,1,0,1,0,0,0,1,1,1,0,0,1,1,1,1,0,1,1,1,1,1,1,1,1,1,0,1,0,1,0,0,1,0,1,1,0,1,0,1,1,1,0,0,1,0,0,0,1,0,0,1,1,0,1,1,0,1,0,1,0,1,0,1,0,0,28,-17.026744472040395,240.001,5.283427241681402e-08,5.283427241681402e-08,25.744098216845806,25.744098216845806,22.128106645161317,22.128106645161317
1,0,0,1,1,1,1,0,0,1,1,1,0,1,0,1,0,1,0,0,0,1,1,1,0,0,1,1,1,1,0,1,1,1,1,1,1,1,1,1,0,1,0,1,0,0,1,0,1,1,0,1,0,1,1,1,0,0,1,0,0,0,1,0,0,1,1,0,1,1,0,1,0,1,0,1,0,1,0,0,29,-17.026994249591542,240.001,5.2845962254343854e-08,5.2845962254343854e-08,25.742887648098453,25.742887648098453,22.087276034612007,22.087276034612007
1,0,0,1,1,1,1,0,0,1,1,1,0,1,0,1,0,1,0,0,0,1,1,1,0,0,1,1,1,1,0,1,1,1,1,1,1,1,1,1,0,1,0,1,0,0,1,0,1,1,0,1,0,1,1,1,0,0,1,0,0,0,1,0,0,1,1,0,1,1,0,1,0,1,0,1,0,1,0,0,30,-17.026345399298588,240.001,5.286491932226938e-08,5.286491932226938e-08,25.74197886308299,25.74197886308299,22.19414449609949,22.19414449609949
1,0,0,1,1,1,1,0,0,1,1,1,0,1,0,1,0,1,0,0,0,1,1,1,0,0,1,1,1,1,0,1,1,1,1,1,1,1,1,1,0,1,0,1,0,0,1,0,1,1,0,1,0,1,1,1,0,0,1,0,0,0,1,0,0,1,1,0,1,1,0,1,0,1,0,1,0,1,0,0,32,-17.026648095353202,240.001,5.288989034038798e-08,5.288989034038798e-08,25.739625238921647,25.739625238921647,22.143963713544274,22.143963713544274
1,0,0,1,1,1,1,0,0,1,1,1,0,1,0,1,0,1,0,0,0,1,1,1,0,0,1,1,1,1,0,1,1,1,1,1,1,1,1,1,0,1,0,1,0,0,1,0,1,1,0,1,0,1,1,1,0,0,1,0,0,0,1,0,0,1,1,0,1,1,0,1,0,1,0,1,0,1,0,0,33,-17.02766520538605,240.001,5.2895367970701325e-08,5.2895367970701325e-08,25.73815836780505,25.73815836780505,21.97944843195483,21.97944843195483
1,0,0,1,1,1,1,0,0,1,1,1,0,1,0,1,0,1,0,0,0,1,1,1,0,0,1,1,1,1,0,1,1,1,1,1,1,1,1,1,0,1,0,1,0,0,1,0,1,1,0,1,0,1,1,1,0,0,1,0,0,0,1,0,0,1,1,0,1,1,0,1,0,1,0,1,0,1,0,0,34,-17.027986917498293,240.001,5.2906471658642204e-08,5.2906471658642204e-08,25.73692508923308,25.73692508923308,21.928675558275934,21.928675558275934
1,0,0,1,1,1,1,0,0,1,1,1,0,1,0,1,0,1,0,0,0,1,1,1,0,0,1,1,1,1,0,1,1,1,1,1,1,1,1,1,0,1,0,1,0,0,1,0,1,1,0,1,0,1,1,1,0,0,1,0,0,0,1,0,0,1,1,0,1,1,0,1,0,1,0,1,0,1,0,0,35,-17.028105279350456,240.001,5.291922003672893e-08,5.291922003672893e-08,25.735760374610738,25.735760374610738,21.910143017615095,21.910143017615095
1,0,0,1,1,1,1,0,0,1,1,1,0,1,0,1,0,1,0,0,0,1,1,1,0,0,1,1,1,1,0,1,1,1,1,1,1,1,1,1,0,1,0,1,0,0,1,0,1,1,0,1,0,1,1,1,0,0,1,0,0,0,1,0,0,1,1,0,1,1,0,1,0,1,0,1,0,1,0,0,36,-17.02810827840784,240.001,5.2932901758868054e-08,5.2932901758868054e-08,25.734634696789765,25.734634696789765,21.909674458568826,21.909674458568826
1,0,0,1,1,1,1,0,0,1,1,1,0,1,0,1,0,1,0,0,0,1,1,1,0,0,1,1,1,1,0,1,1,1,1,1,1,1,1,1,0,1,0,1,0,0,1,0,1,1,0,1,0,1,1,1,0,0,1,0,0,0,1,0,0,1,1,0,1,1,0,1,0,1,0,1,0,1,0,0,37,-17.028009977998323,240.001,5.2947403646565875e-08,5.2947403646565875e-08,25.73354333500108,25.73354333500108,21.92505868523575,21.92505868523575
1,0,0,1,1,1,1,0,0,1,1,1,0,1,0,1,0,1,0,0,0,1,1,1,0,0,1,1,1,1,0,1,1,1,1,1,1,1,1,1,0,1,0,1,0,0,1,0,1,1,0,1,0,1,1,1,0,0,1,0,0,0,1,0,0,1,1,0,1,1,0,1,0,1,0,1,0,1,0,0,38,-17.027783259045542,240.001,5.29629461045508e-08,5.29629461045508e-08,25.732495390277958,25.732495390277958,21.96074852740304,21.96074852740304
1,0,0,1,1,1,1,0,0,1,1,1,0,1,0,1,0,1,0,0,0,1,1,1,0,0,1,1,1,1,0,1,1,1,1,1,1,1,1,1,0,1,0,1,0,0,1,0,1,1,0,1,0,1,1,1,0,0,1,0,0,0,1,0,0,1,1,0,1,1,0,1,0,1,0,1,0,1,0,0,39,-17.027321019643672,240.001,5.2980398201286954e-08,5.2980398201286954e-08,25.73152679899794,25.73152679899794,22.03442924669128,22.03442924669128
1,0,0,1,1,1,1,0,0,1,1,1,0,1,0,1,0,1,0,0,0,1,1,1,0,0,1,1,1,1,0,1,1,1,1,1,1,1,1,1,0,1,0,1,0,0,1,0,1,1,0,1,0,1,1,1,0,0,1,0,0,0,1,0,0,1,1,0,1,1,0,1,0,1,0,1,0,1,0,0,40,-17.02609260708051,240.001,5.3004066291891693e-08,5.3004066291891693e-08,25.730815508158933,25.730815508158933,22.23649845662564,22.23649845662564
1,0,0,1,1,1,1,0,0,1,1,1,0,1,0,1,0,1,0,0,0,1,1,1,0,0,1,1,1,1,0,1,1,1,1,1,1,1,1,1,0,1,0,1,0,0,1,0,1,1,0,1,0,1,1,1,0,0,1,0,0,0,1,0,0,1,1,0,1,1,0,1,0,1,0,1,0,1,0,0,42,-17.024314564793947,240.001,5.3045915656586734e-08,5.3045915656586734e-08,25.729165930983868,25.729165930983868,22.546599397766506,22.546599397766506
1,0,0,1,1,1,1,0,0,1,1,1,0,1,0,1,0,1,0,0,0,1,1,1,0,0,1,1,1,1,0,1,1,1,1,1,1,1,1,1,0,1,0,1,0,0,1,0,1,1,0,1,0,1,1,1,0,0,1,0,0,0,1,0,0,1,1,0,1,1,0,1,0,1,0,1,0,1,0,0,44,-17.023576007088653,240.001,5.3079341804152554e-08,5.3079341804152554e-08,25.727168704151808,25.727168704151808,22.682173891952736,22.682173891952736
1,0,0,1,1,1,1,0,0,1,1,1,0,1,0,1,0,1,0,0,0,1,1,1,0,0,1,1,1,1,0,1,1,1,1,1,1,1,1,1,0,1,0,1,0,0,1,0,1,1,0,1,0,1,1,1,0,0,1,0,0,0,1,0,0,1,1,0,1,1,0,1,0,1,0,1,0,1,0,0,47,-17.023442070399472,240.001,5.312157646326091e-08,5.312157646326091e-08,25.72384838062139,25.72384838062139,22.707217530821406,22.707217530821406
1,0,0,1,1,1,1,0,0,1,1,1,0,1,0,1,0,1,0,0,0,1,1,1,0,0,1,1,1,1,0,1,1,1,1,1,1,1,1,1,0,1,0,1,0,0,1,0,1,1,0,1,0,1,1,1,0,0,1,0,0,0,1,0,0,1,1,0,1,1,0,1,0,1,0,1,0,1,0,0,49,-17.02460404679251,240.001,5.313955644425648e-08,5.313955644425648e-08,25.721216702863053,25.721216702863053,22.494587554501585,22.494587554501585
1,0,0,1,1,1,1,0,0,1,1,1,0,1,0,1,0,1,0,0,0,1,1,1,0,0,1,1,1,1,0,1,1,1,1,1,1,1,1,1,0,1,0,1,0,0,1,0,1,1,0,1,0,1,1,1,0,0,1,0,0,0,1,0,0,1,1,0,1,1,0,1,0,1,0,1,0,1,0,0,50,-17.02463435795011,240.001,5.315302314705272e-08,5.315302314705272e-08,25.720085935818954,25.720085935818954,22.489177138618164,22.489177138618164
1,0,0,1,1,1,1,0,0,1,1,1,0,1,0,1,0,1,0,0,0,1,1,1,0,0,1,1,1,1,0,1,1,1,1,1,1,1,1,1,0,1,0,1,0,0,1,0,1,1,0,1,0,1,1,1,0,0,1,0,0,0,1,0,0,1,1,0,1,1,0,1,0,1,0,1,0,1,0,0,52,-17.023798689215358,240.001,5.3187251799054515e-08,5.3187251799054515e-08,25.718125803017877,25.718125803017877,22.6408518528587,22.6408518528587
1,0,0,1,1,1,1,0,0,1,1,1,0,1,0,1,0,1,0,0,0,1,1,1,0,0,1,1,1,1,0,1,1,1,1,1,1,1,1,1,0,1,0,1,0,0,1,0,1,1,0,1,0,1,1,1,0,0,1,0,0,0,1,0,0,1,1,0,1,1,0,1,0,1,0,1,0,1,0,0,54,-17.024704976327527,240.001,5.3207301185826854e-08,5.3207301185826854e-08,25.71558271441549,25.71558271441549,22.476597988327875,22.476597988327875
1,0,0,1,1,1,1,0,0,1,1,1,0,1,0,1,0,1,0,0,0,1,1,1,0,0,1,1,1,1,0,1,1,1,1,1,1,1,1,1,0,1,0,1,0,0,1,0,1,1,0,1,0,1,1,1,0,0,1,0,0,0,1,0,0,1,1,0,1,1,0,1,0,1,0,1,0,1,0,0,55,-17.025240633866076,240.001,5.321665111737968e-08,5.321665111737968e-08,25.714283953533727,25.714283953533727,22.382343711880253,22.382343711880253
1,0,0,1,1,1,1,0,0,1,1,1,0,1,0,1,0,1,0,0,0,1,1,1,0,0,1,1,1,1,0,1,1,1,1,1,1,1,1,1,0,1,0,1,0,0,1,0,1,1,0,1,0,1,1,1,0,0,1,0,0,0,1,0,0,1,1,0,1,1,0,1,0,1,0,1,0,1,0,0,56,-17.024159839869526,240.001,5.3239168821711756e-08,5.3239168821711756e-08,25.71352749431331,25.71352749431331,22.574655283129527,22.574655283129527
1,0,0,1,1,1,1,0,0,1,1,1,0,1,0,1,0,1,0,0,0,1,1,1,0,0,1,1,1,1,0,1,1,1,1,1,1,1,1,1,0,1,0,1,0,0,1,0,1,1,0,1,0,1,1,1,0,0,1,0,0,0,1,0,0,1,1,0,1,1,0,1,0,1,0,1,0,1,0,0,59,-17.022012869216585,240.001,5.329782255951951e-08,5.329782255951951e-08,25.71089246447679,25.71089246447679,22.983797996148954,22.983797996148954
1,0,0,1,1,1,1,0,0,1,1,1,0,1,0,1,0,1,0,0,0,1,1,1,0,0,1,1,1,1,0,1,1,1,1,1,1,1,1,1,0,1,0,1,0,0,1,0,1,1,0,1,0,1,1,1,0,0,1,0,0,0,1,0,0,1,1,0,1,1,0,1,0,1,0,1,0,1,0,0,63,-17.021764248744173,240.001,5.3354727706627204e-08,5.3354727706627204e-08,25.706506672801666,25.706506672801666,23.033752988674735,23.033752988674735
1,0,0,1,1,1,1,0,0,1,1,1,0,1,0,1,0,1,0,0,0,1,1,1,0,0,1,1,1,1,0,1,1,1,1,1,1,1,1,1,0,1,0,1,0,0,1,0,1,1,0,1,0,1,1,1,0,0,1,0,0,0,1,0,0,1,1,0,1,1,0,1,0,1,0,1,0,1,0,0,66,-17.023315683398177,240.001,5.338320624148204e-08,5.338320624148204e-08,25.70263777323596,25.70263777323596,22.73098197882813,22.73098197882813
1,0,0,1,1,1,1,0,0,1,1,1,0,1,0,1,0,1,0,0,0,1,1,1,0,0,1,1,1,1,0,1,1,1,1,1,1,1,1,1,0,1,0,1,0,0,1,0,1,1,0,1,0,1,1,1,0,0,1,0,0,0,1,0,0,1,1,0,1,1,0,1,0,1,0,1,0,1,0,0,67,-17.02361789931032,240.001,5.3394452170072695e-08,5.3394452170072695e-08,25.701420750833112,25.701420750833112,22.67437023380627,22.67437023380627
1,0,0,1,1,1,1,0,0,1,1,1,0,1,0,1,0,1,0,0,0,1,1,1,0,0,1,1,1,1,0,1,1,1,1,1,1,1,1,1,0,1,0,1,0,0,1,0,1,1,0,1,0,1,1,1,0,0,1,0,0,0,1,0,0,1,1,0,1,1,0,1,0,1,0,1,0,1,0,0,69,-17.02368906243063,240.001,5.342130105597006e-08,5.342130105597006e-08,25.699166328617796,25.699166328617796,22.66114589494187,22.66114589494187
1,0,0,1,1,1,1,0,0,1,1,1,0,1,0,1,0,1,0,0,0,1,1,1,0,0,1,1,1,1,0,1,1,1,1,1,1,1,1,1,0,1,0,1,0,0,1,0,1,1,0,1,0,1,1,1,0,0,1,0,0,0,1,0,0,1,1,0,1,1,0,1,0,1,0,1,0,1,0,0,70,-17.023560171609724,240.001,5.3436070338428565e-08,5.3436070338428565e-08,25.698094699936767,25.698094699936767,22.68512735176322,22.68512735176322
1,0,0,1,1,1,1,0,0,1,1,1,0,1,0,1,0,1,0,0,0,1,1,1,0,0,1,1,1,1,0,1,1,1,1,1,1,1,1,1,0,1,0,1,0,0,1,0,1,1,0,1,0,1,1,1,0,0,1,0,0,0,1,0,0,1,1,0,1,1,0,1,0,1,0,1,0,1,0,0,72,-17.022368431065875,240.001,5.347325471142608e-08,5.347325471142608e-08,25.696265381531912,25.696265381531912,22.91333451687267,22.91333451687267
1,0,0,1,1,1,1,0,0,1,1,1,0,1,0,1,0,1,0,0,0,1,1,1,0,0,1,1,1,1,0,1,1,1,1,1,1,1,1,1,0,1,0,1,0,0,1,0,1,1,0,1,0,1,1,1,0,0,1,0,0,0,1,0,0,1,1,0,1,1,0,1,0,1,0,1,0,1,0,0,74,-17.0219253682057,240.001,5.3504319024785666e-08,5.3504319024785666e-08,25.69418622225072,25.69418622225072,23.001314333645855,23.001314333645855
1,0,0,1,1,1,1,0,0,1,1,1,0,1,0,1,0,1,0,0,0,1,1,1,0,0,1,1,1,1,0,1,1,1,1,1,1,1,1,1,0,1,0,1,0,0,1,0,1,1,0,1,0,1,1,1,0,0,1,0,0,0,1,0,0,1,1,0,1,1,0,1,0,1,0,1,0,1,0,0,76,-17.02142487325316,240.001,5.353585838686574e-08,5.353585838686574e-08,25.6921274218729,25.6921274218729,23.102879553256784,23.102879553256784
1,0,0,1,1,1,1,0,0,1,1,1,0,1,0,1,0,1,0,0,0,1,1,1,0,0,1,1,1,1,0,1,1,1,1,1,1,1,1,1,0,1,0,1,0,0,1,0,1,1,0,1,0,1,1,1,0,0,1,0,0,0,1,0,0,1,1,0,1,1,0,1,0,1,0,1,0,1,0,0,78,-17.0204866711658,240.001,5.357099302019806e-08,5.357099302019806e-08,25.69021636124237,25.69021636124237,23.29988162711052,23.29988162711052
1,0,0,1,1,1,1,0,0,1,1,1,1,1,0,1,0,1,0,0,0,1,1,1,0,0,1,1,1,1,0,1,1,1,1,1,1,1,1,1,0,1,0,1,0,0,1,0,1,1,0,1,0,1,1,1,0,0,1,0,0,0,1,0,0,1,1,0,1,1,0,1,0,1,0,1,0,1,0,0,1,-17.02048260514807,240.001,5.2514431680189656e-08,5.2514431680189656e-08,25.776730696453065,25.776730696453065,23.30075505602547,23.30075505602547
1,0,0,1,1,1,1,0,0,1,1,1,1,1,0,1,0,1,0,0,0,1,1,1,0,0,1,1,1,1,0,1,1,1,1,1,1,1,1,1,0,1,0,1,0,0,1,0,1,1,0,1,0,1,1,1,0,0,1,0,0,0,1,0,0,1,1,0,1,1,0,1,0,1,0,1,0,1,0,0,4,-17.0233334974688,240.001,5.2532668009673915e-08,5.2532668009673915e-08,25.772371921026917,25.772371921026917,22.727624572183963,22.727624572183963
1,0,0,1,1,1,1,0,0,1,1,1,1,1,0,1,0,1,0,0,0,1,1,1,0,0,1,1,1,1,0,1,1,1,1,1,1,1,1,1,0,1,0,1,0,0,1,0,1,1,0,1,0,1,1,1,0,0,1,0,0,0,1,0,0,1,1,0,1,1,0,1,0,1,0,1,0,1,0,0,5,-17.024721167193903,240.001,5.253522510356191e-08,5.253522510356191e-08,25.77077285812878,25.77077285812878,22.47371903092697,22.47371903092697
1,0,0,1,1,1,1,0,0,1,1,1,1,1,0,1,0,1,0,0,0,1,1,1,0,0,1,1,1,1,0,1,1,1,1,1,1,1,1,1,0,1,0,1,0,0,1,0,1,1,0,1,0,1,1,1,0,0,1,0,0,0,1,0,0,1,1,0,1,1,0,1,0,1,0,1,0,1,0,0,6,-17.024980888946605,240.001,5.2546850048628895e-08,5.2546850048628895e-08,25.76955223995139,25.76955223995139,22.42779446299078,22.42779446299078
1,0,0,1,1,1,1,0,0,1,1,1,1,1,0,1,0,1,0,0,0,1,1,1,0,0,1,1,1,1,0,1,1,1,1,1,1,1,1,1,0,1,0,1,0,0,1,0,1,1,0,1,0,1,1,1,0,0,1,0,0,0,1,0,0,1,1,0,1,1,0,1,0,1,0,1,0,1,0,0,7,-17.024140904191547,240.001,5.2567320728838175e-08,5.2567320728838175e-08,25.768700672843874,25.768700672843874,22.578101254873673,22.578101254873673
1,0,0,1,1,1,1,0,0,1,1,1,1,1,0,1,0,1,0,0,0,1,1,1,0,0,1,1,1,1,0,1,1,1,1,1,1,1,1,1,0,1,0,1,0,0,1,0,1,1,0,1,0,1,1,1,0,0,1,0,0,0,1,0,0,1,1,0,1,1,0,1,0,1,0,1,0,1,0,0,10,-17.024661161629485,240.001,5.260427668252817e-08,5.260427668252817e-08,25.76512830479496,25.76512830479496,22.484398370651192,22.484398370651192
1,0,0,1,1,1,1,0,0,1,1,1,1,1,0,1,0,1,0,0,0,1,1,1,0,0,1,1,1,1,0,1,1,1,1,1,1,1,1,1,0,1,0,1,0,0,1,0,1,1,0,1,0,1,1,1,0,0,1,0,0,0,1,0,0,1,1,0,1,1,0,1,0,1,0,1,0,1,0,0,11,-17.02591274790356,240.001,5.260791301040064e-08,5.260791301040064e-08,25.763576518109765,25.763576518109765,22.266884849520533,22.266884849520533
1,0,0,1,1,1,1,0,0,1,1,1,1,1,0,1,0,1,0,0,0,1,1,1,0,0,1,1,1,1,0,1,1,1,1,1,1,1,1,1,0,1,0,1,0,0,1,0,1,1,0,1,0,1,1,1,0,0,1,0,0,0,1,0,0,1,1,0,1,1,0,1,0,1,0,1,0,1,0,0,12,-17.026230019893667,240.001,5.261906942030081e-08,5.261906942030081e-08,25.762338347855028,25.762338347855028,22.21342476880071,22.21342476880071
1,0,0,1,1,1,1,0,0,1,1,1,1,1,0,1,0,1,0,0,0,1,1,1,0,0,1,1,1,1,0,1,1,1,1,1,1,1,1,1,0,1,0,1,0,0,1,0,1,1,0,1,0,1,1,1,0,0,1,0,0,0,1,0,0,1,1,0,1,1,0,1,0,1,0,1,0,1,0,0,13,-17.026090049880043,240.001,5.263390647391575e-08,5.263390647391575e-08,25.761253905826976,25.761253905826976,22.236929006316117,22.236929006316117
1,0,0,1,1,1,1,0,0,1,1,1,1,1,0,1,0,1,0,0,0,1,1,1,0,0,1,1,1,1,0,1,1,1,1,1,1,1,1,1,0,1,0,1,0,0,1,0,1,1,0,1,0,1,1,1,0,0,1,0,0,0,1,0,0,1,1,0,1,1,0,1,0,1,0,1,0,1,0,0,14,-17.025086551654162,240.001,5.2655701859107494e-08,5.2655701859107494e-08,25.76045938888217,25.76045938888217,22.40924826407412,22.40924826407412
1,0,0,1,1,1,1,0,0,1,1,1,1,1,0,1,0,1,0,0,0,1,1,1,0,0,1,1,1,1,0,1,1,1,1,1,1,1,1,1,0,1,0,1,0,0,1,0,1,1,0,1,0,1,1,1,0,0,1,0,0,0,1,0,0,1,1,0,1,1,0,1,0,1,0,1,0,1,0,0,16,-17.02361441367694,240.001,5.269499651178434e-08,5.269499651178434e-08,25.758691785333014,25.758691785333014,22.67501900384213,22.67501900384213
1,0,0,1,1,1,1,0,0,1,1,1,1,1,0,1,0,1,0,0,0,1,1,1,0,0,1,1,1,1,0,1,1,1,1,1,1,1,1,1,0,1,0,1,0,0,1,0,1,1,0,1,0,1,1,1,0,0,1,0,0,0,1,0,0,1,1,0,1,1,0,1,0,1,0,1,0,1,0,0,18,-17.023036781700537,240.001,5.2727088830762835e-08,5.2727088830762835e-08,25.756625281134518,25.756625281134518,22.783885854313795,22.783885854313795
1,0,0,1,1,1,1,0,0,1,1,1,1,1,0,1,0,1,0,0,0,1,1,1,0,0,1,1,1,1,0,1,1,1,1,1,1,1,1,1,0,1,0,1,0,0,1,0,1,1,0,1,0,1,1,1,0,0,1,0,0,0,1,0,0,1,1,0,1,1,0,1,0,1,0,1,0,1,0,0,22,-17.024568407946536,240.001,5.276958552249501e-08,5.276958552249501e-08,25.751594761709214,25.751594761709214,22.500957525726214,22.500957525726214
1,0,0,1,1,1,1,0,0,1,1,1,1,1,0,1,0,1,0,0,0,1,1,1,0,0,1,1,1,1,0,1,1,1,1,1,1,1,1,1,0,1,0,1,0,0,1,0,1,1,0,1,0,1,1,1,0,0,1,0,0,0,1,0,0,1,1,0,1,1,0,1,0,1,0,1,0,1,0,0,23,-17.025642623282717,240.001,5.277462238016967e-08,5.277462238016967e-08,25.750106032011825,25.750106032011825,22.31292198011067,22.31292198011067
1,0,0,1,1,1,1,0,0,1,1,1,1,1,0,1,0,1,0,0,0,1,1,1,0,0,1,1,1,1,0,1,1,1,1,1,1,1,1,1,0,1,0,1,0,0,1,0,1,1,0,1,0,1,1,1,0,0,1,0,0,0,1,0,0,1,1,0,1,1,0,1,0,1,0,1,0,1,0,0,24,-17.025002108649097,240.001,5.27935089495189e-08,5.27935089495189e-08,25.74919260553942,25.74919260553942,22.42406359974515,22.42406359974515
1,0,0,1,1,1,1,0,0,1,1,1,1,1,0,1,0,1,0,0,0,1,1,1,0,0,1,1,1,1,0,1,1,1,1,1,1,1,1,1,0,1,0,1,0,0,1,0,1,1,0,1,0,1,1,1,0,0,1,0,0,0,1,0,0,1,1,0,1,1,0,1,0,1,0,1,0,1,0,0,27,-17.025625233479712,240.001,5.282961086353462e-08,5.282961086353462e-08,25.745600649134527,25.745600649134527,22.315902398714556,22.315902398714556
1,0,0,1,1,1,1,0,0,1,1,1,1,1,0,1,0,1,0,0,0,1,1,1,0,0,1,1,1,1,0,1,1,1,1,1,1,1,1,1,0,1,0,1,0,0,1,0,1,1,0,1,0,1,1,1,0,0,1,0,0,0,1,0,0,1,1,0,1,1,0,1,0,1,0,1,0,1,0,0,28,-17.02686716131771,240.001,5.283328145425856e-08,5.283328145425856e-08,25.744056984847262,25.744056984847262,22.108003209008487,22.108003209008487
1,0,0,1,1,1,1,0,0,1,1,1,1,1,0,1,0,1,0,0,0,1,1,1,0,0,1,1,1,1,0,1,1,1,1,1,1,1,1,1,0,1,0,1,0,0,1,0,1,1,0,1,0,1,1,1,0,0,1,0,0,0,1,0,0,1,1,0,1,1,0,1,0,1,0,1,0,1,0,0,29,-17.027109253060594,240.001,5.284503320845988e-08,5.284503320845988e-08,25.742848995410107,25.742848995410107,22.068604165617995,22.068604165617995
1,0,0,1,1,1,1,0,0,1,1,1,1,1,0,1,0,1,0,0,0,1,1,1,0,0,1,1,1,1,0,1,1,1,1,1,1,1,1,1,0,1,0,1,0,0,1,0,1,1,0,1,0,1,1,1,0,0,1,0,0,0,1,0,0,1,1,0,1,1,0,1,0,1,0,1,0,1,0,0,30,-17.026453659090734,240.001,5.2864044379675025e-08,5.2864044379675025e-08,25.741942481937418,25.741942481937418,22.176130975351256,22.176130975351256
1,0,0,1,1,1,1,0,0,1,1,1,1,1,0,1,0,1,0,0,0,1,1,1,0,0,1,1,1,1,0,1,1,1,1,1,1,1,1,1,0,1,0,1,0,0,1,0,1,1,0,1,0,1,1,1,0,0,1,0,0,0,1,0,0,1,1,0,1,1,0,1,0,1,0,1,0,1,0,0,32,-17.026744942226212,240.001,5.2889107307763614e-08,5.2889107307763614e-08,25.739592689641817,25.739592689641817,22.128029425338347,22.128029425338347
1,0,0,1,1,1,1,0,0,1,1,1,1,1,0,1,0,1,0,0,0,1,1,1,0,0,1,1,1,1,0,1,1,1,1,1,1,1,1,1,0,1,0,1,0,0,1,0,1,1,0,1,0,1,1,1,0,0,1,0,0,0,1,0,0,1,1,0,1,1,0,1,0,1,0,1,0,1,0,0,33,-17.027757170134027,240.001,5.289462444081542e-08,5.289462444081542e-08,25.7381274505946,25.7381274505946,21.96487417472619,21.96487417472619
1,0,0,1,1,1,1,0,0,1,1,1,1,1,0,1,0,1,0,0,0,1,1,1,0,0,1,1,1,1,0,1,1,1,1,1,1,1,1,1,0,1,0,1,0,0,1,0,1,1,0,1,0,1,1,1,0,0,1,0,0,0,1,0,0,1,1,0,1,1,0,1,0,1,0,1,0,1,0,0,34,-17.028074488761455,240.001,5.290576353841508e-08,5.290576353841508e-08,25.73689564597498,25.73689564597498,21.91495650612073,21.91495650612073
1,0,0,1,1,1,1,0,0,1,1,1,1,1,0,1,0,1,0,0,0,1,1,1,0,0,1,1,1,1,0,1,1,1,1,1,1,1,1,1,0,1,0,1,0,0,1,0,1,1,0,1,0,1,1,1,0,0,1,0,0,0,1,0,0,1,1,0,1,1,0,1,0,1,0,1,0,1,0,0,35,-17.028188863274185,240.001,5.291854401348793e-08,5.291854401348793e-08,25.735732270536914,25.735732270536914,21.897103017345042,21.897103017345042
1,0,0,1,1,1,1,0,0,1,1,1,1,1,0,1,0,1,0,0,0,1,1,1,0,0,1,1,1,1,0,1,1,1,1,1,1,1,1,1,0,1,0,1,0,0,1,0,1,1,0,1,0,1,1,1,0,0,1,0,0,0,1,0,0,1,1,0,1,1,0,1,0,1,0,1,0,1,0,0,36,-17.028188225433368,240.001,5.293225499016e-08,5.293225499016e-08,25.734607815020002,25.734607815020002,21.89720238028486,21.89720238028486
1,0,0,1,1,1,1,0,0,1,1,1,1,1,0,1,0,1,0,0,0,1,1,1,0,0,1,1,1,1,0,1,1,1,1,1,1,1,1,1,0,1,0,1,0,0,1,0,1,1,0,1,0,1,1,1,0,0,1,0,0,0,1,0,0,1,1,0,1,1,0,1,0,1,0,1,0,1,0,0,37,-17.028086594328528,240.001,5.2946783651205836e-08,5.2946783651205836e-08,25.733517573315602,25.733517573315602,21.9130634120944,21.9130634120944
1,0,0,1,1,1,1,0,0,1,1,1,1,1,0,1,0,1,0,0,0,1,1,1,0,0,1,1,1,1,0,1,1,1,1,1,1,1,1,1,0,1,0,1,0,0,1,0,1,1,0,1,0,1,1,1,0,0,1,0,0,0,1,0,0,1,1,0,1,1,0,1,0,1,0,1,0,1,0,0,38,-17.027856814889766,240.001,5.296235068844966e-08,5.296235068844966e-08,25.732470658640032,25.732470658640032,21.949137481041113,21.949137481041113
1,0,0,1,1,1,1,0,0,1,1,1,1,1,0,1,0,1,0,0,0,1,1,1,0,0,1,1,1,1,0,1,1,1,1,1,1,1,1,1,0,1,0,1,0,0,1,0,1,1,0,1,0,1,1,1,0,0,1,0,0,0,1,0,0,1,1,0,1,1,0,1,0,1,0,1,0,1,0,0,39,-17.02739175693061,240.001,5.297982538270886e-08,5.297982538270886e-08,25.731503017434424,25.731503017434424,22.02307294233524,22.02307294233524
1,0,0,1,1,1,1,0,0,1,1,1,1,1,0,1,0,1,0,0,0,1,1,1,0,0,1,1,1,1,0,1,1,1,1,1,1,1,1,1,0,1,0,1,0,0,1,0,1,1,0,1,0,1,1,1,0,0,1,0,0,0,1,0,0,1,1,0,1,1,0,1,0,1,0,1,0,1,0,0,40,-17.026160754737653,240.001,5.3003514114015776e-08,5.3003514114015776e-08,25.730792604021858,25.730792604021858,22.225040203690064,22.225040203690064
1,0,0,1,1,1,1,0,0,1,1,1,1,1,0,1,0,1,0,0,0,1,1,1,0,0,1,1,1,1,0,1,1,1,1,1,1,1,1,1,0,1,0,1,0,0,1,0,1,1,0,1,0,1,1,1,0,0,1,0,0,0,1,0,0,1,1,0,1,1,0,1,0,1,0,1,0,1,0,0,42,-17.024378054012224,240.001,5.304540070440735e-08,5.304540070440735e-08,25.729144601840062,25.729144601840062,22.53513900755616,22.53513900755616
1,0,0,1,1,1,1,0,0,1,1,1,1,1,0,1,0,1,0,0,0,1,1,1,0,0,1,1,1,1,0,1,1,1,1,1,1,1,1,1,0,1,0,1,0,0,1,0,1,1,0,1,0,1,1,1,0,0,1,0,0,0,1,0,0,1,1,0,1,1,0,1,0,1,0,1,0,1,0,0,44,-17.02363541542245,240.001,5.3078859605645484e-08,5.3078859605645484e-08,25.727148749416138,25.727148749416138,22.671111473200924,22.671111473200924
1,0,0,1,1,1,1,0,0,1,1,1,1,1,0,1,0,1,0,0,0,1,1,1,0,0,1,1,1,1,0,1,1,1,1,1,1,1,1,1,0,1,0,1,0,0,1,0,1,1,0,1,0,1,1,1,0,0,1,0,0,0,1,0,0,1,1,0,1,1,0,1,0,1,0,1,0,1,0,0,47,-17.02349623807326,240.001,5.31211364475111e-08,5.31211364475111e-08,25.723830186504166,25.723830186504166,22.697071890237368,22.697071890237368
1,0,0,1,1,1,1,0,0,1,1,1,1,1,0,1,0,1,0,0,0,1,1,1,0,0,1,1,1,1,0,1,1,1,1,1,1,1,1,1,0,1,0,1,0,0,1,0,1,1,0,1,0,1,1,1,0,0,1,0,0,0,1,0,0,1,1,0,1,1,0,1,0,1,0,1,0,1,0,0,49,-17.02465518118952,240.001,5.313914099299472e-08,5.313914099299472e-08,25.72119952224885,25.72119952224885,22.485464156813517,22.485464156813517
1,0,0,1,1,1,1,0,0,1,1,1,1,1,0,1,0,1,0,0,0,1,1,1,0,0,1,1,1,1,0,1,1,1,1,1,1,1,1,1,0,1,0,1,0,0,1,0,1,1,0,1,0,1,1,1,0,0,1,0,0,0,1,0,0,1,1,0,1,1,0,1,0,1,0,1,0,1,0,0,50,-17.024684108833963,240.001,5.315261883791831e-08,5.315261883791831e-08,25.72006921972475,25.72006921972475,22.480311315319685,22.480311315319685
1,0,0,1,1,1,1,0,0,1,1,1,1,1,0,1,0,1,0,0,0,1,1,1,0,0,1,1,1,1,0,1,1,1,1,1,1,1,1,1,0,1,0,1,0,0,1,0,1,1,0,1,0,1,1,1,0,0,1,0,0,0,1,0,0,1,1,0,1,1,0,1,0,1,0,1,0,1,0,0,52,-17.023845902998993,240.001,5.318686782178959e-08,5.318686782178959e-08,25.71810994257619,25.71810994257619,22.63214064078133,22.63214064078133
1,0,0,1,1,1,1,0,0,1,1,1,1,1,0,1,0,1,0,0,0,1,1,1,0,0,1,1,1,1,0,1,1,1,1,1,1,1,1,1,0,1,0,1,0,0,1,0,1,1,0,1,0,1,1,1,0,0,1,0,0,0,1,0,0,1,1,0,1,1,0,1,0,1,0,1,0,1,0,0,54,-17.02474987054719,240.001,5.320693598013479e-08,5.320693598013479e-08,25.715567629518535,25.715567629518535,22.468619841954013,22.468619841954013
1,0,0,1,1,1,1,0,0,1,1,1,1,1,0,1,0,1,0,0,0,1,1,1,0,0,1,1,1,1,0,1,1,1,1,1,1,1,1,1,0,1,0,1,0,0,1,0,1,1,0,1,0,1,1,1,0,0,1,0,0,0,1,0,0,1,1,0,1,1,0,1,0,1,0,1,0,1,0,0,55,-17.025284449465236,240.001,5.3216294649914576e-08,5.3216294649914576e-08,25.714269228899205,25.714269228899205,22.374723162230094,22.374723162230094
1,0,0,1,1,1,1,0,0,1,1,1,1,1,0,1,0,1,0,0,0,1,1,1,0,0,1,1,1,1,0,1,1,1,1,1,1,1,1,1,0,1,0,1,0,0,1,0,1,1,0,1,0,1,1,1,0,0,1,0,0,0,1,0,0,1,1,0,1,1,0,1,0,1,0,1,0,1,0,0,56,-17.02420265362028,240.001,5.3238820310518957e-08,5.3238820310518957e-08,25.713513110191847,25.713513110191847,22.566873917845555,22.566873917845555
1,0,0,1,1,1,1,0,0,1,1,1,1,1,0,1,0,1,0,0,0,1,1,1,0,0,1,1,1,1,0,1,1,1,1,1,1,1,1,1,0,1,0,1,0,0,1,0,1,1,0,1,0,1,1,1,0,0,1,0,0,0,1,0,0,1,1,0,1,1,0,1,0,1,0,1,0,1,0,0,59,-17.022052923087347,240.001,5.329749606612261e-08,5.329749606612261e-08,25.71087901482889,25.71087901482889,22.975803229689582,22.975803229689582
1,0,0,1,1,1,1,0,0,1,1,1,1,1,0,1,0,1,0,0,0,1,1,1,0,0,1,1,1,1,0,1,1,1,1,1,1,1,1,1,0,1,0,1,0,0,1,0,1,1,0,1,0,1,1,1,0,0,1,0,0,0,1,0,0,1,1,0,1,1,0,1,0,1,0,1,0,1,0,0,63,-17.02180110120555,240.001,5.335442698013841e-08,5.335442698013841e-08,25.706494298812643,25.706494298812643,23.02631208011556,23.02631208011556
1,0,0,1,1,1,1,0,0,1,1,1,1,1,0,1,0,1,0,0,0,1,1,1,0,0,1,1,1,1,0,1,1,1,1,1,1,1,1,1,0,1,0,1,0,0,1,0,1,1,0,1,0,1,1,1,0,0,1,0,0,0,1,0,0,1,1,0,1,1,0,1,0,1,0,1,0,1,0,0,66,-17.02335042867945,240.001,5.338292261688335e-08,5.338292261688335e-08,25.702626102051212,25.702626102051212,22.724435948808186,22.724435948808186
1,0,0,1,1,1,1,0,0,1,1,1,1,1,0,1,0,1,0,0,0,1,1,1,0,0,1,1,1,1,0,1,1,1,1,1,1,1,1,1,0,1,0,1,0,0,1,0,1,1,0,1,0,1,1,1,0,0,1,0,0,0,1,0,0,1,1,0,1,1,0,1,0,1,0,1,0,1,0,0,67,-17.023651996802755,240.001,5.3394173786650503e-08,5.3394173786650503e-08,25.70140929627349,25.70140929627349,22.66802885273127,22.66802885273127
1,0,0,1,1,1,1,0,0,1,1,1,1,1,0,1,0,1,0,0,0,1,1,1,0,0,1,1,1,1,0,1,1,1,1,1,1,1,1,1,0,1,0,1,0,0,1,0,1,1,0,1,0,1,1,1,0,0,1,0,0,0,1,0,0,1,1,0,1,1,0,1,0,1,0,1,0,1,0,0,69,-17.023721940872115,240.001,5.342103249376846e-08,5.342103249376846e-08,25.69915528329776,25.69915528329776,22.655049550317,22.655049550317
1,0,0,1,1,1,1,0,0,1,1,1,1,1,0,1,0,1,0,0,0,1,1,1,0,0,1,1,1,1,0,1,1,1,1,1,1,1,1,1,0,1,0,1,0,0,1,0,1,1,0,1,0,1,1,1,0,0,1,0,0,0,1,0,0,1,1,0,1,1,0,1,0,1,0,1,0,1,0,0,70,-17.023592474481998,240.001,5.3435806401264925e-08,5.3435806401264925e-08,25.698083848255813,25.698083848255813,22.67910469185413,22.67910469185413
1,0,0,1,1,1,1,0,0,1,1,1,1,1,0,1,0,1,0,0,0,1,1,1,0,0,1,1,1,1,0,1,1,1,1,1,1,1,1,1,0,1,0,1,0,0,1,0,1,1,0,1,0,1,1,1,0,0,1,0,0,0,1,0,0,1,1,0,1,1,0,1,0,1,0,1,0,1,0,0,72,-17.022399652871858,240.001,5.3472999391379165e-08,5.3472999391379165e-08,25.69625489613945,25.69625489613945,22.90720111854386,22.90720111854386
1,0,0,1,1,1,1,0,0,1,1,1,1,1,0,1,0,1,0,0,0,1,1,1,0,0,1,1,1,1,0,1,1,1,1,1,1,1,1,1,0,1,0,1,0,0,1,0,1,1,0,1,0,1,1,1,0,0,1,0,0,0,1,0,0,1,1,0,1,1,0,1,0,1,0,1,0,1,0,0,74,-17.02195557116549,240.001,5.350407187967564e-08,5.350407187967564e-08,25.694176080102352,25.694176080102352,22.99526022452991,22.99526022452991
1,0,0,1,1,1,1,0,0,1,1,1,1,1,0,1,0,1,0,0,0,1,1,1,0,0,1,1,1,1,0,1,1,1,1,1,1,1,1,1,0,1,0,1,0,0,1,0,1,1,0,1,0,1,1,1,0,0,1,0,0,0,1,0,0,1,1,0,1,1,0,1,0,1,0,1,0,1,0,0,76,-17.021454122714953,240.001,5.353561888825004e-08,5.353561888825004e-08,25.69211760110115,25.69211760110115,23.096878497015112,23.096878497015112
1,0,0,1,1,1,1,0,0,1,1,1,1,1,0,1,0,1,0,0,0,1,1,1,0,0,1,1,1,1,0,1,1,1,1,1,1,1,1,1,0,1,0,1,0,0,1,0,1,1,0,1,0,1,1,1,0,0,1,0,0,0,1,0,0,1,1,0,1,1,0,1,0,1,0,1,0,1,0,0,78,-17.02051503058697,240.001,5.35707606295188e-08,5.35707606295188e-08,25.690206841533303,25.690206841533303,23.293794544152068,23.293794544152068
1,0,0,1,1,1,1,0,0,1,1,1,1,1,0,1,0,1,0,0,0,1,1,1,0,0,1,1,1,1,0,1,1,1,1,1,1,1,1,1,0,1,0,1,0,0,1,0,1,1,0,1,0,1,1,1,0,0,1,0,0,0,1,0,0,1,1,0,1,1,0,1,0,1,0,1,1,1,0,0,1,-17.020506875640663,240.001,5.251423667599856e-08,5.251423667599856e-08,25.776722552841917,25.776722552841917,23.295544056969927,23.295544056969927
1,0,0,1,1,1,1,0,0,1,1,1,1,1,0,1,0,1,0,0,0,1,1,1,0,0,1,1,1,1,0,1,1,1,1,1,1,1,1,1,0,1,0,1,0,0,1,0,1,1,0,1,0,1,1,1,0,0,1,0,0,0,1,0,0,1,1,0,1,1,0,1,0,1,0,1,1,1,0,0,4,-17.02335873799224,240.001,5.2532465215190497e-08,5.2532465215190497e-08,25.772363445822744,25.772363445822744,22.722871922848814,22.722871922848814
1,0,0,1,1,1,1,0,0,1,1,1,1,1,0,1,0,1,0,0,0,1,1,1,0,0,1,1,1,1,0,1,1,1,1,1,1,1,1,1,0,1,0,1,0,0,1,0,1,1,0,1,0,1,1,1,0,0,1,0,0,0,1,0,0,1,1,0,1,1,0,1,0,1,0,1,1,1,0,0,5,-17.024746744869173,240.001,5.253501962647994e-08,5.253501962647994e-08,25.77076426672076,25.77076426672076,22.469174834055554,22.469174834055554
1,0,0,1,1,1,1,0,0,1,1,1,1,1,0,1,0,1,0,0,0,1,1,1,0,0,1,1,1,1,0,1,1,1,1,1,1,1,1,1,0,1,0,1,0,0,1,0,1,1,0,1,0,1,1,1,0,0,1,0,0,0,1,0,0,1,1,0,1,1,0,1,0,1,0,1,1,1,0,0,6,-17.025006824514634,240.001,5.254664165670868e-08,5.254664165670868e-08,25.76954352780216,25.76954352780216,22.42323488553888,22.42323488553888
1,0,0,1,1,1,1,0,0,1,1,1,1,1,0,1,0,1,0,0,0,1,1,1,0,0,1,1,1,1,0,1,1,1,1,1,1,1,1,1,0,1,0,1,0,0,1,0,1,1,0,1,0,1,1,1,0,0,1,0,0,0,1,0,0,1,1,0,1,1,0,1,0,1,0,1,1,1,0,0,7,-17.02416721899684,240.001,5.256710918378329e-08,5.256710918378329e-08,25.768691835253247,25.768691835253247,22.57331314326572,22.57331314326572
1,0,0,1,1,1,1,0,0,1,1,1,1,1,0,1,0,1,0,0,0,1,1,1,0,0,1,1,1,1,0,1,1,1,1,1,1,1,1,1,0,1,0,1,0,0,1,0,1,1,0,1,0,1,1,1,0,0,1,0,0,0,1,0,0,1,1,0,1,1,0,1,0,1,0,1,1,1,0,0,10,-17.024688649517444,240.001,5.2604055565788085e-08,5.2604055565788085e-08,25.7651190720733,25.7651190720733,22.479503041364282,22.479503041364282
1,0,0,1,1,1,1,0,0,1,1,1,1,1,0,1,0,1,0,0,0,1,1,1,0,0,1,1,1,1,0,1,1,1,1,1,1,1,1,1,0,1,0,1,0,0,1,0,1,1,0,1,0,1,1,1,0,0,1,0,0,0,1,0,0,1,1,0,1,1,0,1,0,1,0,1,1,1,0,0,11,-17.025940639129335,240.001,5.2607688669229035e-08,5.2607688669229035e-08,25.763567146976328,25.763567146976328,22.262158885229443,22.262158885229443
1,0,0,1,1,1,1,0,0,1,1,1,1,1,0,1,0,1,0,0,0,1,1,1,0,0,1,1,1,1,0,1,1,1,1,1,1,1,1,1,0,1,0,1,0,0,1,0,1,1,0,1,0,1,1,1,0,0,1,0,0,0,1,0,0,1,1,0,1,1,0,1,0,1,0,1,1,1,0,0,12,-17.026258337037806,240.001,5.2618841613601416e-08,5.2618841613601416e-08,25.762328832907077,25.762328832907077,22.20868499805556,22.20868499805556
1,0,0,1,1,1,1,0,0,1,1,1,1,1,0,1,0,1,0,0,0,1,1,1,0,0,1,1,1,1,0,1,1,1,1,1,1,1,1,1,0,1,0,1,0,0,1,0,1,1,0,1,0,1,1,1,0,0,1,0,0,0,1,0,0,1,1,0,1,1,0,1,0,1,0,1,1,1,0,0,13,-17.026118811306713,240.001,5.263367502286739e-08,5.263367502286739e-08,25.76124424200124,25.76124424200124,22.232088957481576,22.232088957481576
1,0,0,1,1,1,1,0,0,1,1,1,1,1,0,1,0,1,0,0,0,1,1,1,0,0,1,1,1,1,0,1,1,1,1,1,1,1,1,1,0,1,0,1,0,0,1,0,1,1,0,1,0,1,1,1,0,0,1,0,0,0,1,0,0,1,1,0,1,1,0,1,0,1,0,1,1,1,0,0,14,-17.02511578116822,240.001,5.2655466512536765e-08,5.2655466512536765e-08,25.760449570360997,25.760449570360997,22.404131696846058,22.404131696846058
1,0,0,1,1,1,1,0,0,1,1,1,1,1,0,1,0,1,0,0,0,1,1,1,0,0,1,1,1,1,0,1,1,1,1,1,1,1,1,1,0,1,0,1,0,0,1,0,1,1,0,1,0,1,1,1,0,0,1,0,0,0,1,0,0,1,1,0,1,1,0,1,0,1,0,1,1,1,0,0,16,-17.023644618938796,240.001,5.269475308018709e-08,5.269475308018709e-08,25.758681642933023,25.758681642933023,22.66940019203654,22.66940019203654
1,0,0,1,1,1,1,0,0,1,1,1,1,1,0,1,0,1,0,0,0,1,1,1,0,0,1,1,1,1,0,1,1,1,1,1,1,1,1,1,0,1,0,1,0,0,1,0,1,1,0,1,0,1,1,1,0,0,1,0,0,0,1,0,0,1,1,0,1,1,0,1,0,1,0,1,1,1,0,0,18,-17.023068018156227,240.001,5.272683691550086e-08,5.272683691550086e-08,25.75661479410232,25.75661479410232,22.777928743406587,22.777928743406587
1,0,0,1,1,1,1,0,0,1,1,1,1,1,0,1,0,1,0,0,0,1,1,1,0,0,1,1,1,1,0,1,1,1,1,1,1,1,1,1,0,1,0,1,0,0,1,0,1,1,0,1,0,1,1,1,0,0,1,0,0,0,1,0,0,1,1,0,1,1,0,1,0,1,0,1,1,1,0,0,22,-17.024601896913385,240.001,5.276931527584189e-08,5.276931527584189e-08,25.751583514139483,25.751583514139483,22.49497155367983,22.49497155367983
1,0,0,1,1,1,1,0,0,1,1,1,1,1,0,1,0,1,0,0,0,1,1,1,0,0,1,1,1,1,0,1,1,1,1,1,1,1,1,1,0,1,0,1,0,0,1,0,1,1,0,1,0,1,1,1,0,0,1,0,0,0,1,0,0,1,1,0,1,1,0,1,0,1,0,1,1,1,0,0,23,-17.025676718741032,240.001,5.277434725019379e-08,5.277434725019379e-08,25.7500945776898,25.7500945776898,22.307084293445328,22.307084293445328
1,0,0,1,1,1,1,0,0,1,1,1,1,1,0,1,0,1,0,0,0,1,1,1,0,0,1,1,1,1,0,1,1,1,1,1,1,1,1,1,0,1,0,1,0,0,1,0,1,1,0,1,0,1,1,1,0,0,1,0,0,0,1,0,0,1,1,0,1,1,0,1,0,1,0,1,1,1,0,0,24,-17.025036856381583,240.001,5.2793228431421986e-08,5.2793228431421986e-08,25.749180934088027,25.749180934088027,22.417961102149867,22.417961102149867
1,0,0,1,1,1,1,0,0,1,1,1,1,1,0,1,0,1,0,0,0,1,1,1,0,0,1,1,1,1,0,1,1,1,1,1,1,1,1,1,0,1,0,1,0,0,1,0,1,1,0,1,0,1,1,1,0,0,1,0,0,0,1,0,0,1,1,0,1,1,0,1,0,1,0,1,1,1,0,0,27,-17.02566205779273,240.001,5.282931340057486e-08,5.282931340057486e-08,25.745588278320902,25.745588278320902,22.309593525843148,22.309593525843148
1,0,0,1,1,1,1,0,0,1,1,1,1,1,0,1,0,1,0,0,0,1,1,1,0,0,1,1,1,1,0,1,1,1,1,1,1,1,1,1,0,1,0,1,0,0,1,0,1,1,0,1,0,1,1,1,0,0,1,0,0,0,1,0,0,1,1,0,1,1,0,1,0,1,0,1,1,1,0,0,28,-17.02690471970747,240.001,5.2832978087873336e-08,5.2832978087873336e-08,25.744044363527795,25.744044363527795,22.101867467482414,22.101867467482414
1,0,0,1,1,1,1,0,0,1,1,1,1,1,0,1,0,1,0,0,0,1,1,1,0,0,1,1,1,1,0,1,1,1,1,1,1,1,1,1,0,1,0,1,0,0,1,0,1,1,0,1,0,1,1,1,0,0,1,0,0,0,1,0,0,1,1,0,1,1,0,1,0,1,0,1,1,1,0,0,29,-17.02714759085156,240.001,5.28447234862118e-08,5.28447234862118e-08,25.742836111488554,25.742836111488554,22.062397362541418,22.062397362541418
1,0,0,1,1,1,1,0,0,1,1,1,1,1,0,1,0,1,0,0,0,1,1,1,0,0,1,1,1,1,0,1,1,1,1,1,1,1,1,1,0,1,0,1,0,0,1,0,1,1,0,1,0,1,1,1,0,0,1,0,0,0,1,0,0,1,1,0,1,1,0,1,0,1,0,1,1,1,0,0,30,-17.02649282296624,240.001,5.2863727841655504e-08,5.2863727841655504e-08,25.74192932271751,25.74192932271751,22.169632684764196,22.169632684764196
1,0,0,1,1,1,1,0,0,1,1,1,1,1,0,1,0,1,0,0,0,1,1,1,0,0,1,1,1,1,0,1,1,1,1,1,1,1,1,1,0,1,0,1,0,0,1,0,1,1,0,1,0,1,1,1,0,0,1,0,0,0,1,0,0,1,1,0,1,1,0,1,0,1,0,1,1,1,0,0,32,-17.026785842748517,240.001,5.288877658768938e-08,5.288877658768938e-08,25.739578946006763,25.739578946006763,22.12131744472281,22.12131744472281
1,0,0,1,1,1,1,0,0,1,1,1,1,1,0,1,0,1,0,0,0,1,1,1,0,0,1,1,1,1,0,1,1,1,1,1,1,1,1,1,0,1,0,1,0,0,1,0,1,1,0,1,0,1,1,1,0,0,1,0,0,0,1,0,0,1,1,0,1,1,0,1,0,1,0,1,1,1,0,0,33,-17.027798984549026,240.001,5.289428633847672e-08,5.289428633847672e-08,25.73811339636333,25.73811339636333,21.95826360819975,21.95826360819975
1,0,0,1,1,1,1,0,0,1,1,1,1,1,0,1,0,1,0,0,0,1,1,1,0,0,1,1,1,1,0,1,1,1,1,1,1,1,1,1,0,1,0,1,0,0,1,0,1,1,0,1,0,1,1,1,0,0,1,0,0,0,1,0,0,1,1,0,1,1,0,1,0,1,0,1,1,1,0,0,34,-17.02811727101252,240.001,5.290541755009944e-08,5.290541755009944e-08,25.736881265413555,25.736881265413555,21.908269796062147,21.908269796062147
1,0,0,1,1,1,1,0,0,1,1,1,1,1,0,1,0,1,0,0,0,1,1,1,0,0,1,1,1,1,0,1,1,1,1,1,1,1,1,1,0,1,0,1,0,0,1,0,1,1,0,1,0,1,1,1,0,0,1,0,0,0,1,0,0,1,1,0,1,1,0,1,0,1,0,1,1,1,0,0,35,-17.02823266287719,240.001,5.2918189715644e-08,5.2918189715644e-08,25.735717547719098,25.735717547719098,21.890285305806746,21.890285305806746
1,0,0,1,1,1,1,0,0,1,1,1,1,1,0,1,0,1,0,0,0,1,1,1,0,0,1,1,1,1,0,1,1,1,1,1,1,1,1,1,0,1,0,1,0,0,1,0,1,1,0,1,0,1,1,1,0,0,1,0,0,0,1,0,0,1,1,0,1,1,0,1,0,1,0,1,1,1,0,0,36,-17.028233094012815,240.001,5.293189194947511e-08,5.293189194947511e-08,25.73459273302472,25.73459273302472,21.89021824938502,21.89021824938502
1,0,0,1,1,1,1,0,0,1,1,1,1,1,0,1,0,1,0,0,0,1,1,1,0,0,1,1,1,1,0,1,1,1,1,1,1,1,1,1,0,1,0,1,0,0,1,0,1,1,0,1,0,1,1,1,0,0,1,0,0,0,1,0,0,1,1,0,1,1,0,1,0,1,0,1,1,1,0,0,37,-17.02813258713434,240.001,5.29464114053108e-08,5.29464114053108e-08,25.733502113980432,25.733502113980432,21.90587842642653,21.90587842642653
1,0,0,1,1,1,1,0,0,1,1,1,1,1,0,1,0,1,0,0,0,1,1,1,0,0,1,1,1,1,0,1,1,1,1,1,1,1,1,1,0,1,0,1,0,0,1,0,1,1,0,1,0,1,1,1,0,0,1,0,0,0,1,0,0,1,1,0,1,1,0,1,0,1,0,1,1,1,0,0,38,-17.0279039919154,240.001,5.296196873245881e-08,5.296196873245881e-08,25.73245480234982,25.73245480234982,21.941706626685328,21.941706626685328
1,0,0,1,1,1,1,0,0,1,1,1,1,1,0,1,0,1,0,0,0,1,1,1,0,0,1,1,1,1,0,1,1,1,1,1,1,1,1,1,0,1,0,1,0,0,1,0,1,1,0,1,0,1,1,1,0,0,1,0,0,0,1,0,0,1,1,0,1,1,0,1,0,1,0,1,1,1,0,0,39,-17.027440184901074,240.001,5.2979433143816424e-08,5.2979433143816424e-08,25.731486742800804,25.731486742800804,22.015315202418847,22.015315202418847
1,0,0,1,1,1,1,0,0,1,1,1,1,1,0,1,0,1,0,0,0,1,1,1,0,0,1,1,1,1,0,1,1,1,1,1,1,1,1,1,0,1,0,1,0,0,1,0,1,1,0,1,0,1,1,1,0,0,1,0,0,0,1,0,0,1,1,0,1,1,0,1,0,1,0,1,1,1,0,0,40,-17.026210515942086,240.001,5.300311083016971e-08,5.300311083016971e-08,25.730775886780304,25.730775886780304,22.21669236576104,22.21669236576104
1,0,0,1,1,1,1,0,0,1,1,1,1,1,0,1,0,1,0,0,0,1,1,1,0,0,1,1,1,1,0,1,1,1,1,1,1,1,1,1,0,1,0,1,0,0,1,0,1,1,0,1,0,1,1,1,0,0,1,0,0,0,1,0,0,1,1,0,1,1,0,1,0,1,0,1,1,1,0,0,42,-17.024430695755203,240.001,5.304497363772373e-08,5.304497363772373e-08,25.729126925136136,25.729126925136136,22.525659439822515,22.525659439822515
1,0,0,1,1,1,1,0,0,1,1,1,1,1,0,1,0,1,0,0,0,1,1,1,0,0,1,1,1,1,0,1,1,1,1,1,1,1,1,1,0,1,0,1,0,0,1,0,1,1,0,1,0,1,1,1,0,0,1,0,0,0,1,0,0,1,1,0,1,1,0,1,0,1,0,1,1,1,0,0,44,-17.02369126466463,240.001,5.3078406185513514e-08,5.3078406185513514e-08,25.727129999445463,25.727129999445463,22.66073728903652,22.66073728903652
1,0,0,1,1,1,1,0,0,1,1,1,1,1,0,1,0,1,0,0,0,1,1,1,0,0,1,1,1,1,0,1,1,1,1,1,1,1,1,1,0,1,0,1,0,0,1,0,1,1,0,1,0,1,1,1,0,0,1,0,0,0,1,0,0,1,1,0,1,1,0,1,0,1,0,1,1,1,0,0,47,-17.023557677079275,240.001,5.3120637236522545e-08,5.3120637236522545e-08,25.723809560931535,25.723809560931535,22.6855927864096,22.6855927864096
1,0,0,1,1,1,1,0,0,1,1,1,1,1,0,1,0,1,0,0,0,1,1,1,0,0,1,1,1,1,0,1,1,1,1,1,1,1,1,1,0,1,0,1,0,0,1,0,1,1,0,1,0,1,1,1,0,0,1,0,0,0,1,0,0,1,1,0,1,1,0,1,0,1,0,1,1,1,0,0,49,-17.02472098106958,240.001,5.3138606243670306e-08,5.3138606243670306e-08,25.72117742647183,25.72117742647183,22.473752115595644,22.473752115595644
1,0,0,1,1,1,1,0,0,1,1,1,1,1,0,1,0,1,0,0,0,1,1,1,0,0,1,1,1,1,0,1,1,1,1,1,1,1,1,1,0,1,0,1,0,0,1,0,1,1,0,1,0,1,1,1,0,0,1,0,0,0,1,0,0,1,1,0,1,1,0,1,0,1,0,1,1,1,0,0,50,-17.024752346650565,240.001,5.315206413309929e-08,5.315206413309929e-08,25.720046305450865,25.720046305450865,22.46818023769969,22.46818023769969
1,0,0,1,1,1,1,0,0,1,1,1,1,1,0,1,0,1,0,0,0,1,1,1,0,0,1,1,1,1,0,1,1,1,1,1,1,1,1,1,0,1,0,1,0,0,1,0,1,1,0,1,0,1,1,1,0,0,1,0,0,0,1,0,0,1,1,0,1,1,0,1,0,1,0,1,1,1,0,0,52,-17.02391962572172,240.001,5.318626807454403e-08,5.318626807454403e-08,25.718085192165326,25.718085192165326,22.61857303707229,22.61857303707229
1,0,0,1,1,1,1,0,0,1,1,1,1,1,0,1,0,1,0,0,0,1,1,1,0,0,1,1,1,1,0,1,1,1,1,1,1,1,1,1,0,1,0,1,0,0,1,0,1,1,0,1,0,1,1,1,0,0,1,0,0,0,1,0,0,1,1,0,1,1,0,1,0,1,0,1,1,1,0,0,54,-17.024829978732836,240.001,5.320628411086305e-08,5.320628411086305e-08,25.715540729614226,25.715540729614226,22.454419928966374,22.454419928966374
1,0,0,1,1,1,1,0,0,1,1,1,1,1,0,1,0,1,0,0,0,1,1,1,0,0,1,1,1,1,0,1,1,1,1,1,1,1,1,1,0,1,0,1,0,0,1,0,1,1,0,1,0,1,1,1,0,0,1,0,0,0,1,0,0,1,1,0,1,1,0,1,0,1,0,1,1,1,0,0,55,-17.025368184318335,240.001,5.321561319038956e-08,5.321561319038956e-08,25.714241107840383,25.714241107840383,22.36019660563725,22.36019660563725
1,0,0,1,1,1,1,0,0,1,1,1,1,1,0,1,0,1,0,0,0,1,1,1,0,0,1,1,1,1,0,1,1,1,1,1,1,1,1,1,0,1,0,1,0,0,1,0,1,1,0,1,0,1,1,1,0,0,1,0,0,0,1,0,0,1,1,0,1,1,0,1,0,1,0,1,1,1,0,0,56,-17.024290415177784,240.001,5.32381056717401e-08,5.32381056717401e-08,25.713483645523617,25.713483645523617,22.550966534198018,22.550966534198018
1,0,0,1,1,1,1,0,0,1,1,1,1,1,0,1,0,1,0,0,0,1,1,1,0,0,1,1,1,1,0,1,1,1,1,1,1,1,1,1,0,1,0,1,0,0,1,0,1,1,0,1,0,1,1,1,0,0,1,0,0,0,1,0,0,1,1,0,1,1,0,1,0,1,0,1,1,1,0,0,59,-17.022155401450775,240.001,5.329666042912565e-08,5.329666042912565e-08,25.710844628854126,25.710844628854126,22.955414925417635,22.955414925417635
1,0,0,1,1,1,1,0,0,1,1,1,1,1,0,1,0,1,0,0,0,1,1,1,0,0,1,1,1,1,0,1,1,1,1,1,1,1,1,1,0,1,0,1,0,0,1,0,1,1,0,1,0,1,1,1,0,0,1,0,0,0,1,0,0,1,1,0,1,1,0,1,0,1,0,1,1,1,0,0,63,-17.021932883592836,240.001,5.335335119400281e-08,5.335335119400281e-08,25.706450084171667,25.706450084171667,22.9998071077765,22.9998071077765
1,0,0,1,1,1,1,0,0,1,1,1,1,1,0,1,0,1,0,0,0,1,1,1,0,0,1,1,1,1,0,1,1,1,1,1,1,1,1,1,0,1,0,1,0,0,1,0,1,1,0,1,0,1,1,1,0,0,1,0,0,0,1,0,0,1,1,0,1,1,0,1,0,1,0,1,1,1,0,0,66,-17.02351807291588,240.001,5.3381553599951644e-08,5.3381553599951644e-08,25.702569835029408,25.702569835029408,22.692988867452367,22.692988867452367
1,0,0,1,1,1,1,0,0,1,1,1,1,1,0,1,0,1,0,0,0,1,1,1,0,0,1,1,1,1,0,1,1,1,1,1,1,1,1,1,0,1,0,1,0,0,1,0,1,1,0,1,0,1,1,1,0,0,1,0,0,0,1,0,0,1,1,0,1,1,0,1,0,1,0,1,1,1,0,0,67,-17.023836402162363,240.001,5.339266760856368e-08,5.339266760856368e-08,25.701347401295,25.701347401295,22.63389220314387,22.63389220314387
1,0,0,1,1,1,1,0,0,1,1,1,1,1,0,1,0,1,0,0,0,1,1,1,0,0,1,1,1,1,0,1,1,1,1,1,1,1,1,1,0,1,0,1,0,0,1,0,1,1,0,1,0,1,1,1,0,0,1,0,0,0,1,0,0,1,1,0,1,1,0,1,0,1,0,1,1,1,0,0,69,-17.02395248714067,240.001,5.3419148479812246e-08,5.3419148479812246e-08,25.69907790353597,25.69907790353597,22.612538923487566,22.612538923487566
1,0,0,1,1,1,1,0,0,1,1,1,1,1,0,1,0,1,0,0,0,1,1,1,0,0,1,1,1,1,0,1,1,1,1,1,1,1,1,1,0,1,0,1,0,0,1,0,1,1,0,1,0,1,1,1,0,0,1,0,0,0,1,0,0,1,1,0,1,1,0,1,0,1,0,1,1,1,0,0,70,-17.023856019434824,240.001,5.343365203769977e-08,5.343365203769977e-08,25.69799540070165,25.69799540070165,22.630276359349292,22.630276359349292
1,0,0,1,1,1,1,0,0,1,1,1,1,1,0,1,0,1,0,0,0,1,1,1,0,0,1,1,1,1,0,1,1,1,1,1,1,1,1,1,0,1,0,1,0,0,1,0,1,1,0,1,0,1,1,1,0,0,1,0,0,0,1,0,0,1,1,0,1,1,0,1,0,1,0,1,1,1,0,0,72,-17.022768990034066,240.001,5.3469977570075134e-08,5.3469977570075134e-08,25.696130990768143,25.696130990768143,22.835292793161045,22.835292793161045
1,0,0,1,1,1,1,0,0,1,1,1,1,1,0,1,0,1,0,0,0,1,1,1,0,0,1,1,1,1,0,1,1,1,1,1,1,1,1,1,0,1,0,1,0,0,1,0,1,1,0,1,0,1,1,1,0,0,1,0,0,0,1,0,0,1,1,0,1,1,0,1,0,1,0,1,1,1,0,0,74,-17.02257234069338,240.001,5.34990222131337e-08,5.34990222131337e-08,25.69396921317304,25.69396921317304,22.87343206600756,22.87343206600756
1,0,0,1,1,1,1,0,0,1,1,1,1,1,0,1,0,1,0,0,0,1,1,1,0,0,1,1,1,1,0,1,1,1,1,1,1,1,1,1,0,1,0,1,0,0,1,0,1,1,0,1,0,1,1,1,0,0,1,0,0,0,1,0,0,1,1,0,1,1,0,1,0,1,0,1,1,1,0,0,76,-17.02334264763945,240.001,5.352014634714983e-08,5.352014634714983e-08,25.6914844292635,25.6914844292635,22.725901048407465,22.725901048407465
1,0,0,1,1,1,1,0,0,1,1,1,1,1,0,1,0,1,0,0,0,1,1,1,0,0,1,1,1,1,0,1,1,1,1,1,1,1,1,1,0,1,0,1,0,0,1,0,1,1,0,1,0,1,1,1,0,0,1,0,0,0,1,0,0,1,1,0,1,1,0,1,0,1,0,1,1,1,0,0,77,-17.02372496799066,240.001,5.353072915749035e-08,5.353072915749035e-08,25.690243441269033,25.690243441269033,22.65448868745269,22.65448868745269
1,0,0,1,1,1,1,0,0,1,1,1,1,1,0,1,0,1,0,0,0,1,1,1,0,0,1,1,1,1,0,1,1,1,1,1,1,1,1,1,0,1,0,1,0,0,1,0,1,1,0,1,0,1,1,1,0,0,1,0,0,0,1,0,0,1,1,0,1,1,0,1,0,1,0,1,1,1,0,0,78,-17.022404025841922,240.001,5.3555272783639975e-08,5.3555272783639975e-08,25.689573616857043,25.689573616857043,22.90634275378016,22.90634275378016
1,0,0,1,1,1,1,0,0,1,1,1,1,1,0,1,0,1,0,0,0,1,1,1,0,0,1,1,1,1,0,1,1,1,1,1,1,1,1,1,0,1,0,1,0,0,1,0,1,1,0,1,0,1,1,1,0,0,1,0,0,0,1,0,0,1,1,1,1,1,0,1,0,1,0,1,1,1,0,0,1,-17.0205343878565,240.001,5.251401567670146e-08,5.251401567670146e-08,25.776713317379823,25.776713317379823,23.28964455934615,23.28964455934615
1,0,0,1,1,1,1,0,0,1,1,1,1,1,0,1,0,1,0,0,0,1,1,1,0,0,1,1,1,1,0,1,1,1,1,1,1,1,1,1,0,1,0,1,0,0,1,0,1,1,0,1,0,1,1,1,0,0,1,0,0,0,1,0,0,1,1,1,1,1,0,1,0,1,0,1,1,1,0,0,4,-17.023387508703127,240.001,5.2532234110626757e-08,5.2532234110626757e-08,25.77235378094615,25.77235378094615,22.717460860770878,22.717460860770878
1,0,0,1,1,1,1,0,0,1,1,1,1,1,0,1,0,1,0,0,0,1,1,1,0,0,1,1,1,1,0,1,1,1,1,1,1,1,1,1,0,1,0,1,0,0,1,0,1,1,0,1,0,1,1,1,0,0,1,0,0,0,1,0,0,1,1,1,1,1,0,1,0,1,0,1,1,1,0,0,5,-17.024775956990606,240.001,5.2534785006104865e-08,5.2534785006104865e-08,25.770754450149663,25.770754450149663,22.463990708828497,22.463990708828497
1,0,0,1,1,1,1,0,0,1,1,1,1,1,0,1,0,1,0,0,0,1,1,1,0,0,1,1,1,1,0,1,1,1,1,1,1,1,1,1,0,1,0,1,0,0,1,0,1,1,0,1,0,1,1,1,0,0,1,0,0,0,1,0,0,1,1,1,1,1,0,1,0,1,0,1,1,1,0,0,6,-17.025036505156436,240.001,5.254640322779203e-08,5.254640322779203e-08,25.7695335531957,25.7695335531957,22.418022742693637,22.418022742693637
1,0,0,1,1,1,1,0,0,1,1,1,1,1,0,1,0,1,0,0,0,1,1,1,0,0,1,1,1,1,0,1,1,1,1,1,1,1,1,1,0,1,0,1,0,0,1,0,1,1,0,1,0,1,1,1,0,0,1,0,0,0,1,0,0,1,1,1,1,1,0,1,0,1,0,1,1,1,0,0,7,-17.02419739627546,240.001,5.256686664365974e-08,5.256686664365974e-08,25.768681695994964,25.768681695994964,22.567828689669874,22.567828689669874
1,0,0,1,1,1,1,0,0,1,1,1,1,1,0,1,0,1,0,0,0,1,1,1,0,0,1,1,1,1,0,1,1,1,1,1,1,1,1,1,0,1,0,1,0,0,1,0,1,1,0,1,0,1,1,1,0,0,1,0,0,0,1,0,0,1,1,1,1,1,0,1,0,1,0,1,1,1,0,0,10,-17.024720381803913,240.001,5.260380036454945e-08,5.260380036454945e-08,25.765108409029,25.765108409029,22.473858640218317,22.473858640218317
1,0,0,1,1,1,1,0,0,1,1,1,1,1,0,1,0,1,0,0,0,1,1,1,0,0,1,1,1,1,0,1,1,1,1,1,1,1,1,1,0,1,0,1,0,0,1,0,1,1,0,1,0,1,1,1,0,0,1,0,0,0,1,0,0,1,1,1,1,1,0,1,0,1,0,1,1,1,0,0,11,-17.02597291297844,240.001,5.260742913567231e-08,5.260742913567231e-08,25.763556298563778,25.763556298563778,22.256696690335925,22.256696690335925
1,0,0,1,1,1,1,0,0,1,1,1,1,1,0,1,0,1,0,0,0,1,1,1,0,0,1,1,1,1,0,1,1,1,1,1,1,1,1,1,0,1,0,1,0,0,1,0,1,1,0,1,0,1,1,1,0,0,1,0,0,0,1,0,0,1,1,1,1,1,0,1,0,1,0,1,1,1,0,0,12,-17.026291183591944,240.001,5.261857742839751e-08,5.261857742839751e-08,25.762317791178123,25.762317791178123,22.203193520809773,22.203193520809773
1,0,0,1,1,1,1,0,0,1,1,1,1,1,0,1,0,1,0,0,0,1,1,1,0,0,1,1,1,1,0,1,1,1,1,1,1,1,1,1,0,1,0,1,0,0,1,0,1,1,0,1,0,1,1,1,0,0,1,0,0,0,1,0,0,1,1,1,1,1,0,1,0,1,0,1,1,1,0,0,13,-17.02615225727248,240.001,5.263340593482603e-08,5.263340593482603e-08,25.761232999263765,25.761232999263765,22.226467316872956,22.226467316872956
1,0,0,1,1,1,1,0,0,1,1,1,1,1,0,1,0,1,0,0,0,1,1,1,0,0,1,1,1,1,0,1,1,1,1,1,1,1,1,1,0,1,0,1,0,0,1,0,1,1,0,1,0,1,1,1,0,0,1,0,0,0,1,0,0,1,1,1,1,1,0,1,0,1,0,1,1,1,0,0,14,-17.02514986006109,240.001,5.2655192182076686e-08,5.2655192182076686e-08,25.760438117896733,25.760438117896733,22.398173813427608,22.398173813427608
1,0,0,1,1,1,1,0,0,1,1,1,1,1,0,1,0,1,0,0,0,1,1,1,0,0,1,1,1,1,0,1,1,1,1,1,1,1,1,1,0,1,0,1,0,0,1,0,1,1,0,1,0,1,1,1,0,0,1,0,0,0,1,0,0,1,1,1,1,1,0,1,0,1,0,1,1,1,0,0,16,-17.02368002908438,240.001,5.269446776506361e-08,5.269446776506361e-08,25.758669747674965,25.758669747674965,22.66282235619888,22.66282235619888
1,0,0,1,1,1,1,0,0,1,1,1,1,1,0,1,0,1,0,0,0,1,1,1,0,0,1,1,1,1,0,1,1,1,1,1,1,1,1,1,0,1,0,1,0,0,1,0,1,1,0,1,0,1,1,1,0,0,1,0,0,0,1,0,0,1,1,1,1,1,0,1,0,1,0,1,1,1,0,0,18,-17.023104853438134,240.001,5.272653991313098e-08,5.272653991313098e-08,25.756602422046573,25.756602422046573,22.770914307571495,22.770914307571495
1,0,0,1,1,1,1,0,0,1,1,1,1,1,0,1,0,1,0,0,0,1,1,1,0,0,1,1,1,1,0,1,1,1,1,1,1,1,1,1,0,1,0,1,0,0,1,0,1,1,0,1,0,1,1,1,0,0,1,0,0,0,1,0,0,1,1,1,1,1,0,1,0,1,0,1,1,1,0,0,22,-17.024641912539032,240.001,5.276899243239928e-08,5.276899243239928e-08,25.751570068795033,25.751570068795033,22.487829718608303,22.487829718608303
1,0,0,1,1,1,1,0,0,1,1,1,1,1,0,1,0,1,0,0,0,1,1,1,0,0,1,1,1,1,0,1,1,1,1,1,1,1,1,1,0,1,0,1,0,0,1,0,1,1,0,1,0,1,1,1,0,0,1,0,0,0,1,0,0,1,1,1,1,1,0,1,0,1,0,1,1,1,0,0,23,-17.025717607339466,240.001,5.277401737644708e-08,5.277401737644708e-08,25.750080835385564,25.750080835385564,22.300093784472374,22.300093784472374
1,0,0,1,1,1,1,0,0,1,1,1,1,1,0,1,0,1,0,0,0,1,1,1,0,0,1,1,1,1,0,1,1,1,1,1,1,1,1,1,0,1,0,1,0,0,1,0,1,1,0,1,0,1,1,1,0,0,1,0,0,0,1,0,0,1,1,1,1,1,0,1,0,1,0,1,1,1,0,0,24,-17.025078685205948,240.001,5.279289082189932e-08,5.279289082189932e-08,25.74916687822355,25.74916687822355,22.410626294085418,22.410626294085418
1,0,0,1,1,1,1,0,0,1,1,1,1,1,0,1,0,1,0,0,0,1,1,1,0,0,1,1,1,1,0,1,1,1,1,1,1,1,1,1,0,1,0,1,0,0,1,0,1,1,0,1,0,1,1,1,0,0,1,0,0,0,1,0,0,1,1,1,1,1,0,1,0,1,0,1,1,1,0,0,27,-17.025706937469103,240.001,5.2828950946279804e-08,5.2828950946279804e-08,25.74557319506438,25.74557319506438,22.301916877793655,22.301916877793655
1,0,0,1,1,1,1,0,0,1,1,1,1,1,0,1,0,1,0,0,0,1,1,1,0,0,1,1,1,1,0,1,1,1,1,1,1,1,1,1,0,1,0,1,0,0,1,0,1,1,0,1,0,1,1,1,0,0,1,0,0,0,1,0,0,1,1,1,1,1,0,1,0,1,0,1,1,1,0,0,28,-17.02695070021674,240.001,5.2832606774987595e-08,5.2832606774987595e-08,25.744028905565205,25.744028905565205,22.094367554142515,22.094367554142515
1,0,0,1,1,1,1,0,0,1,1,1,1,1,0,1,0,1,0,0,0,1,1,1,0,0,1,1,1,1,0,1,1,1,1,1,1,1,1,1,0,1,0,1,0,0,1,0,1,1,0,1,0,1,1,1,0,0,1,0,0,0,1,0,0,1,1,1,1,1,0,1,0,1,0,1,1,1,0,0,29,-17.02719474678619,240.001,5.284434260640245e-08,5.284434260640245e-08,25.7428202575619,25.7428202575619,22.054774992371513,22.054774992371513
1,0,0,1,1,1,1,0,0,1,1,1,1,1,0,1,0,1,0,0,0,1,1,1,0,0,1,1,1,1,0,1,1,1,1,1,1,1,1,1,0,1,0,1,0,0,1,0,1,1,0,1,0,1,1,1,0,0,1,0,0,0,1,0,0,1,1,1,1,1,0,1,0,1,0,1,1,1,0,0,30,-17.026541232913562,240.001,5.286333665710225e-08,5.286333665710225e-08,25.741913050102987,25.741913050102987,22.161613567508894,22.161613567508894
1,0,0,1,1,1,1,0,0,1,1,1,1,1,0,1,0,1,0,0,0,1,1,1,0,0,1,1,1,1,0,1,1,1,1,1,1,1,1,1,0,1,0,1,0,0,1,0,1,1,0,1,0,1,1,1,0,0,1,0,0,0,1,0,0,1,1,1,1,1,0,1,0,1,0,1,1,1,0,0,32,-17.026836937533332,240.001,5.2888363525082596e-08,5.2888363525082596e-08,25.739561769857033,25.739561769857033,22.112946993534294,22.112946993534294
1,0,0,1,1,1,1,0,0,1,1,1,1,1,0,1,0,1,0,0,0,1,1,1,0,0,1,1,1,1,0,1,1,1,1,1,1,1,1,1,0,1,0,1,0,0,1,0,1,1,0,1,0,1,1,1,0,0,1,0,0,0,1,0,0,1,1,1,1,1,0,1,0,1,0,1,1,1,0,0,33,-17.02785151978862,240.001,5.289386163963325e-08,5.289386163963325e-08,25.738095731639525,25.738095731639525,21.949972301657237,21.949972301657237
1,0,0,1,1,1,1,0,0,1,1,1,1,1,0,1,0,1,0,0,0,1,1,1,0,0,1,1,1,1,0,1,1,1,1,1,1,1,1,1,0,1,0,1,0,0,1,0,1,1,0,1,0,1,1,1,0,0,1,0,0,0,1,0,0,1,1,1,1,1,0,1,0,1,0,1,1,1,0,0,34,-17.02817134591272,240.001,5.290498032769699e-08,5.290498032769699e-08,25.736863081745327,25.736863081745327,21.89983269572863,21.89983269572863
1,0,0,1,1,1,1,0,0,1,1,1,1,1,0,1,0,1,0,0,0,1,1,1,0,0,1,1,1,1,0,1,1,1,1,1,1,1,1,1,0,1,0,1,0,0,1,0,1,1,0,1,0,1,1,1,0,0,1,0,0,0,1,0,0,1,1,1,1,1,0,1,0,1,0,1,1,1,0,0,35,-17.028288375131165,240.001,5.291773914939518e-08,5.291773914939518e-08,25.735698813160255,25.735698813160255,21.88162864488353,21.88162864488353
1,0,0,1,1,1,1,0,0,1,1,1,1,1,0,1,0,1,0,0,0,1,1,1,0,0,1,1,1,1,0,1,1,1,1,1,1,1,1,1,0,1,0,1,0,0,1,0,1,1,0,1,0,1,1,1,0,0,1,0,0,0,1,0,0,1,1,1,1,1,0,1,0,1,0,1,1,1,0,0,36,-17.02829054853495,240.001,5.293142716935559e-08,5.293142716935559e-08,25.734573412852214,25.734573412852214,21.881291285059007,21.881291285059007
1,0,0,1,1,1,1,0,0,1,1,1,1,1,0,1,0,1,0,0,0,1,1,1,0,0,1,1,1,1,0,1,1,1,1,1,1,1,1,1,0,1,0,1,0,0,1,0,1,1,0,1,0,1,1,1,0,0,1,0,0,0,1,0,0,1,1,1,1,1,0,1,0,1,0,1,1,1,0,0,37,-17.028191898676507,240.001,5.294593146151609e-08,5.294593146151609e-08,25.733482170146264,25.733482170146264,21.896630192857522,21.896630192857522
1,0,0,1,1,1,1,0,0,1,1,1,1,1,0,1,0,1,0,0,0,1,1,1,0,0,1,1,1,1,0,1,1,1,1,1,1,1,1,1,0,1,0,1,0,0,1,0,1,1,0,1,0,1,1,1,0,0,1,0,0,0,1,0,0,1,1,1,1,1,0,1,0,1,0,1,1,1,0,0,38,-17.027965287348707,240.001,5.296147257114714e-08,5.296147257114714e-08,25.732434192928437,25.732434192928437,21.93207081361387,21.93207081361387
1,0,0,1,1,1,1,0,0,1,1,1,1,1,0,1,0,1,0,0,0,1,1,1,0,0,1,1,1,1,0,1,1,1,1,1,1,1,1,1,0,1,0,1,0,0,1,0,1,1,0,1,0,1,1,1,0,0,1,0,0,0,1,0,0,1,1,1,1,1,0,1,0,1,0,1,1,1,0,0,39,-17.027503606837907,240.001,5.297891956534525e-08,5.297891956534525e-08,25.731465421234606,25.731465421234606,22.005176341422427,22.005176341422427
1,0,0,1,1,1,1,0,0,1,1,1,1,1,0,1,0,1,0,0,0,1,1,1,0,0,1,1,1,1,0,1,1,1,1,1,1,1,1,1,0,1,0,1,0,0,1,0,1,1,0,1,0,1,1,1,0,0,1,0,0,0,1,0,0,1,1,1,1,1,0,1,0,1,0,1,1,1,0,0,40,-17.02627623569276,240.001,5.3002578317700975e-08,5.3002578317700975e-08,25.73075380001359,25.73075380001359,22.20569174142684,22.20569174142684
1,0,0,1,1,1,1,0,0,1,1,1,1,1,0,1,0,1,0,0,0,1,1,1,0,0,1,1,1,1,0,1,1,1,1,1,1,1,1,1,0,1,0,1,0,0,1,0,1,1,0,1,0,1,1,1,0,0,1,0,0,0,1,0,0,1,1,1,1,1,0,1,0,1,0,1,1,1,0,0,42,-17.02450152166393,240.001,5.3044399160390195e-08,5.3044399160390195e-08,25.729103133596524,25.729103133596524,22.51293770121112,22.51293770121112
1,0,0,1,1,1,1,0,0,1,1,1,1,1,0,1,0,1,0,0,0,1,1,1,0,0,1,1,1,1,0,1,1,1,1,1,1,1,1,1,0,1,0,1,0,0,1,0,1,1,0,1,0,1,1,1,0,0,1,0,0,0,1,0,0,1,1,1,1,1,0,1,0,1,0,1,1,1,0,0,44,-17.02376801743992,240.001,5.3077783176334036e-08,5.3077783176334036e-08,25.727104222397625,25.727104222397625,22.646520296432694,22.646520296432694
1,0,0,1,1,1,1,0,0,1,1,1,1,1,0,1,0,1,0,0,0,1,1,1,0,0,1,1,1,1,0,1,1,1,1,1,1,1,1,1,0,1,0,1,0,0,1,0,1,1,0,1,0,1,1,1,0,0,1,0,0,0,1,0,0,1,1,1,1,1,0,1,0,1,0,1,1,1,0,0,47,-17.023645403753097,240.001,5.3119924562981776e-08,5.3119924562981776e-08,25.7237801001744,25.7237801001744,22.669254296457197,22.669254296457197
1,0,0,1,1,1,1,0,0,1,1,1,1,1,0,1,0,1,0,0,0,1,1,1,0,0,1,1,1,1,0,1,1,1,1,1,1,1,1,1,0,1,0,1,0,0,1,0,1,1,0,1,0,1,1,1,0,0,1,0,0,0,1,0,0,1,1,1,1,1,0,1,0,1,0,1,1,1,0,0,49,-17.02481790392213,240.001,5.3137818703913195e-08,5.3137818703913195e-08,25.72114486863174,25.72114486863174,22.456557347568484,22.456557347568484
1,0,0,1,1,1,1,0,0,1,1,1,1,1,0,1,0,1,0,0,0,1,1,1,0,0,1,1,1,1,0,1,1,1,1,1,1,1,1,1,0,1,0,1,0,0,1,0,1,1,0,1,0,1,1,1,0,0,1,0,0,0,1,0,0,1,1,1,1,1,0,1,0,1,0,1,1,1,0,0,50,-17.02485465755865,240.001,5.315123259544417e-08,5.315123259544417e-08,25.72001193828982,25.72001193828982,22.450054665749434,22.450054665749434
1,0,0,1,1,1,1,0,0,1,1,1,1,1,0,1,0,1,0,0,0,1,1,1,0,0,1,1,1,1,0,1,1,1,1,1,1,1,1,1,0,1,0,1,0,0,1,0,1,1,0,1,0,1,1,1,0,0,1,0,0,0,1,0,0,1,1,1,1,1,0,1,0,1,0,1,1,1,0,0,52,-17.02403477018334,240.001,5.3185331513729234e-08,5.3185331513729234e-08,25.718046523604308,25.718046523604308,22.59746633817403,22.59746633817403
1,0,0,1,1,1,1,0,0,1,1,1,1,1,0,1,0,1,0,0,0,1,1,1,0,0,1,1,1,1,0,1,1,1,1,1,1,1,1,1,0,1,0,1,0,0,1,0,1,1,0,1,0,1,1,1,0,0,1,0,0,0,1,0,0,1,1,1,1,1,0,1,0,1,0,1,1,1,0,0,54,-17.024961537512336,240.001,5.3205213743341765e-08,5.3205213743341765e-08,25.715496540097917,25.715496540097917,22.43119962652402,22.43119962652402
1,0,0,1,1,1,1,0,0,1,1,1,1,1,0,1,0,1,0,0,0,1,1,1,0,0,1,1,1,1,0,1,1,1,1,1,1,1,1,1,0,1,0,1,0,0,1,0,1,1,0,1,0,1,1,1,0,0,1,0,0,0,1,0,0,1,1,1,1,1,0,1,0,1,0,1,1,1,0,0,55,-17.02550984398893,240.001,5.3214460499658367e-08,5.3214460499658367e-08,25.71419352068267,25.71419352068267,22.33573055261118,22.33573055261118
1,0,0,1,1,1,1,0,0,1,1,1,1,1,0,1,0,1,0,0,0,1,1,1,0,0,1,1,1,1,0,1,1,1,1,1,1,1,1,1,0,1,0,1,0,0,1,0,1,1,0,1,0,1,1,1,0,0,1,0,0,0,1,0,0,1,1,1,1,1,0,1,0,1,0,1,1,1,0,0,56,-17.024443955992123,240.001,5.32368555778607e-08,5.32368555778607e-08,25.713432083403113,25.713432083403113,22.52327481684956,22.52327481684956
1,0,0,1,1,1,1,0,0,1,1,1,1,1,0,1,0,1,0,0,0,1,1,1,0,0,1,1,1,1,0,1,1,1,1,1,1,1,1,1,0,1,0,1,0,0,1,0,1,1,0,1,0,1,1,1,0,0,1,0,0,0,1,0,0,1,1,1,1,1,0,1,0,1,0,1,1,1,0,0,59,-17.022360336800148,240.001,5.3294989545808994e-08,5.3294989545808994e-08,25.710775849649174,25.710775849649174,22.91492601055929,22.91492601055929
1,0,0,1,1,1,1,0,0,1,1,1,1,1,0,1,0,1,0,0,0,1,1,1,0,0,1,1,1,1,0,1,1,1,1,1,1,1,1,1,0,1,0,1,0,0,1,0,1,1,0,1,0,1,1,1,0,0,1,0,0,0,1,0,0,1,1,1,1,1,0,1,0,1,0,1,1,1,0,0,63,-17.022302104967803,240.001,5.335033739702232e-08,5.335033739702232e-08,25.70632619178501,25.70632619178501,22.926392682473093,22.926392682473093
1,0,0,1,1,1,1,0,0,1,1,1,1,1,0,1,0,1,0,0,0,1,1,1,0,0,1,1,1,1,0,1,1,1,1,1,1,1,1,1,0,1,0,1,0,0,1,0,1,1,0,1,0,1,1,1,0,0,1,0,0,0,1,0,0,1,1,1,1,1,0,1,0,1,0,1,1,1,0,0,66,-17.02444531912154,240.001,5.337398180231402e-08,5.337398180231402e-08,25.702258648670245,25.702258648670245,22.523029755521836,22.523029755521836
1,0,0,1,1,1,1,0,0,1,1,1,1,1,0,1,0,1,0,0,0,1,1,1,0,0,1,1,1,1,0,1,1,1,1,1,1,1,1,1,0,1,0,1,0,0,1,0,1,1,0,1,0,1,1,1,0,0,1,0,0,0,1,0,0,1,1,1,1,1,0,1,0,1,0,1,1,1,0,0,67,-17.025722911539496,240.001,5.3377258371845206e-08,5.3377258371845206e-08,25.70071445587086,25.70071445587086,22.299187772375348,22.299187772375348
1,0,0,1,1,1,1,0,0,1,1,1,1,1,0,1,0,1,0,0,0,1,1,1,0,0,1,1,1,1,0,1,1,1,1,1,1,1,1,1,0,1,0,1,0,0,1,0,1,1,0,1,0,1,1,1,0,0,1,0,0,0,1,0,0,1,1,1,1,1,0,1,0,1,0,1,1,1,0,0,68,-17.026021155365193,240.001,5.338853312411553e-08,5.338853312411553e-08,25.699498958935266,25.699498958935266,22.248544609252058,22.248544609252058
1,0,0,1,1,1,1,0,0,1,1,1,1,1,0,1,0,1,0,0,0,1,1,1,0,0,1,1,1,1,0,1,1,1,1,1,1,1,1,1,0,1,0,1,0,0,1,0,1,1,0,1,0,1,1,1,0,0,1,0,0,0,1,0,0,1,1,1,1,1,0,1,0,1,0,1,1,1,0,0,69,-17.02583893286887,240.001,5.340373229530114e-08,5.340373229530114e-08,25.698444965270415,25.698444965270415,22.27941699286303,22.27941699286303
1,0,0,1,1,1,1,0,0,1,1,1,1,1,0,1,0,1,0,0,0,1,1,1,0,0,1,1,1,1,0,1,1,1,1,1,1,1,1,1,0,1,0,1,0,0,1,0,1,1,0,1,0,1,1,1,0,0,1,0,0,0,1,0,0,1,1,1,1,1,0,1,0,1,0,1,1,1,0,0,70,-17.024783158532276,240.001,5.342607401977991e-08,5.342607401977991e-08,25.697684226382194,25.697684226382194,22.46271363310533,22.46271363310533
1,0,0,1,1,1,1,0,0,1,1,1,1,1,0,1,0,1,0,0,0,1,1,1,0,0,1,1,1,1,0,1,1,1,1,1,1,1,1,1,0,1,0,1,0,0,1,0,1,1,0,1,0,1,1,1,0,0,1,0,0,0,1,0,0,1,1,1,1,1,0,1,0,1,0,1,1,1,0,0,72,-17.023230623629722,240.001,5.3466201597244624e-08,5.3466201597244624e-08,25.695976060512287,25.695976060512287,22.74704883124108,22.74704883124108
1,0,0,1,1,1,1,0,0,1,1,1,1,1,0,1,0,1,0,0,0,1,1,1,0,0,1,1,1,1,0,1,1,1,1,1,1,1,1,1,0,1,0,1,0,0,1,0,1,1,0,1,0,1,1,1,0,0,1,0,0,0,1,0,0,1,1,1,1,1,0,1,0,1,0,1,1,1,0,0,74,-17.022879812240753,240.001,5.3496505939654495e-08,5.3496505939654495e-08,25.693866012534187,25.693866012534187,22.813945210854982,22.813945210854982
1,0,0,1,1,1,1,0,0,1,1,1,1,1,0,1,0,1,0,0,0,1,1,1,0,0,1,1,1,1,0,1,1,1,1,1,1,1,1,1,0,1,0,1,0,0,1,0,1,1,0,1,0,1,1,1,0,0,1,0,0,0,1,0,0,1,1,1,1,1,0,1,0,1,0,1,1,1,0,0,76,-17.0235730851621,240.001,5.351826002753835e-08,5.351826002753835e-08,25.691407061695124,25.691407061695124,22.68271870735866,22.68271870735866
1,0,0,1,1,1,1,0,0,1,1,1,1,1,0,1,0,1,0,0,0,1,1,1,0,0,1,1,1,1,0,1,1,1,1,1,1,1,1,1,0,1,0,1,0,0,1,0,1,1,0,1,0,1,1,1,0,0,1,0,0,0,1,0,0,1,1,1,1,1,0,1,0,1,0,1,1,1,0,0,77,-17.023929736497816,240.001,5.3529052761502153e-08,5.3529052761502153e-08,25.690174680796673,25.690174680796673,22.616715577421367,22.616715577421367
1,0,0,1,1,1,1,0,0,1,1,1,1,1,0,1,0,1,0,0,0,1,1,1,0,0,1,1,1,1,0,1,1,1,1,1,1,1,1,1,0,1,0,1,0,0,1,0,1,1,0,1,0,1,1,1,0,0,1,0,0,0,1,0,0,1,1,1,1,1,0,1,0,1,0,1,1,1,0,0,78,-17.022588385528923,240.001,5.355376256141895e-08,5.355376256141895e-08,25.68951172698316,25.68951172698316,22.87030772602558,22.87030772602558
1,0,0,1,1,1,1,0,0,1,1,1,1,1,0,1,0,1,0,1,0,1,1,1,0,0,1,1,1,1,0,1,1,1,1,1,1,1,1,1,0,1,0,1,0,0,1,0,1,1,0,1,0,1,1,1,0,0,1,0,0,0,1,0,0,1,1,1,1,1,0,1,0,1,0,1,1,1,0,0,1,-17.020631504567596,240.001,5.2513235312906895e-08,5.2513235312906895e-08,25.776680737764895,25.776680737764895,23.26888317853834,23.26888317853834
1,0,0,1,1,1,1,0,0,1,1,1,1,1,0,1,0,1,0,1,0,1,1,1,0,0,1,1,1,1,0,1,1,1,1,1,1,1,1,1,0,1,0,1,0,0,1,0,1,1,0,1,0,1,1,1,0,0,1,0,0,0,1,0,0,1,1,1,1,1,0,1,0,1,0,1,1,1,0,0,4,-17.023502720782332,240.001,5.253130834059578e-08,5.253130834059578e-08,25.772315104800647,25.772315104800647,22.69585925262204,22.69585925262204
1,0,0,1,1,1,1,0,0,1,1,1,1,1,0,1,0,1,0,1,0,1,1,1,0,0,1,1,1,1,0,1,1,1,1,1,1,1,1,1,0,1,0,1,0,0,1,0,1,1,0,1,0,1,1,1,0,0,1,0,0,0,1,0,0,1,1,1,1,1,0,1,0,1,0,1,1,1,0,0,5,-17.024898792669482,240.001,5.253379808893538e-08,5.253379808893538e-08,25.770713201690903,25.770713201690903,22.442258779242543,22.442258779242543
1,0,0,1,1,1,1,0,0,1,1,1,1,1,0,1,0,1,0,1,0,1,1,1,0,0,1,1,1,1,0,1,1,1,1,1,1,1,1,1,0,1,0,1,0,0,1,0,1,1,0,1,0,1,1,1,0,0,1,0,0,0,1,0,0,1,1,1,1,1,0,1,0,1,0,1,1,1,0,0,6,-17.025168111391306,240.001,5.254534562542822e-08,5.254534562542822e-08,25.769489358365753,25.769489358365753,22.394986341128515,22.394986341128515
1,0,0,1,1,1,1,0,0,1,1,1,1,1,0,1,0,1,0,1,0,1,1,1,0,0,1,1,1,1,0,1,1,1,1,1,1,1,1,1,0,1,0,1,0,0,1,0,1,1,0,1,0,1,1,1,0,0,1,0,0,0,1,0,0,1,1,1,1,1,0,1,0,1,0,1,1,1,0,0,7,-17.02433918344245,240.001,5.256572663529364e-08,5.256572663529364e-08,25.76863409452763,25.76863409452763,22.542151933752933,22.542151933752933
1,0,0,1,1,1,1,0,0,1,1,1,1,1,0,1,0,1,0,1,0,1,1,1,0,0,1,1,1,1,0,1,1,1,1,1,1,1,1,1,0,1,0,1,0,0,1,0,1,1,0,1,0,1,1,1,0,0,1,0,0,0,1,0,0,1,1,1,1,1,0,1,0,1,0,1,1,1,0,0,10,-17.02490470813059,240.001,5.2602317331137825e-08,5.2602317331137825e-08,25.76504652296365,25.76504652296365,22.441214947586513,22.441214947586513
1,0,0,1,1,1,1,0,0,1,1,1,1,1,0,1,0,1,0,1,0,1,1,1,0,0,1,1,1,1,0,1,1,1,1,1,1,1,1,1,0,1,0,1,0,0,1,0,1,1,0,1,0,1,1,1,0,0,1,0,0,0,1,0,0,1,1,1,1,1,0,1,0,1,0,1,1,1,0,0,11,-17.026177651002673,240.001,5.2605781981074734e-08,5.2605781981074734e-08,25.763487541590784,25.763487541590784,22.222203931986332,22.222203931986332
1,0,0,1,1,1,1,0,0,1,1,1,1,1,0,1,0,1,0,1,0,1,1,1,0,0,1,1,1,1,0,1,1,1,1,1,1,1,1,1,0,1,0,1,0,0,1,0,1,1,0,1,0,1,1,1,0,0,1,0,0,0,1,0,0,1,1,1,1,1,0,1,0,1,0,1,1,1,0,0,12,-17.026521526103508,240.001,5.261672390533112e-08,5.261672390533112e-08,25.76224043437187,25.76224043437187,22.16487622848271,22.16487622848271
1,0,0,1,1,1,1,0,0,1,1,1,1,1,0,1,0,1,0,1,0,1,1,1,0,0,1,1,1,1,0,1,1,1,1,1,1,1,1,1,0,1,0,1,0,0,1,0,1,1,0,1,0,1,1,1,0,0,1,0,0,0,1,0,0,1,1,1,1,1,0,1,0,1,0,1,1,1,0,0,13,-17.026415578504576,240.001,5.263128632730015e-08,5.263128632730015e-08,25.761144576914216,25.761144576914216,22.182458801473132,22.182458801473132
1,0,0,1,1,1,1,0,0,1,1,1,1,1,0,1,0,1,0,1,0,1,1,1,0,0,1,1,1,1,0,1,1,1,1,1,1,1,1,1,0,1,0,1,0,0,1,0,1,1,0,1,0,1,1,1,0,0,1,0,0,0,1,0,0,1,1,1,1,1,0,1,0,1,0,1,1,1,0,0,14,-17.02545727833354,240.001,5.265271616937227e-08,5.265271616937227e-08,25.76033492334721,25.76033492334721,22.34479318884142,22.34479318884142
1,0,0,1,1,1,1,0,0,1,1,1,1,1,0,1,0,1,0,1,0,1,1,1,0,0,1,1,1,1,0,1,1,1,1,1,1,1,1,1,0,1,0,1,0,0,1,0,1,1,0,1,0,1,1,1,0,0,1,0,0,0,1,0,0,1,1,1,1,1,0,1,0,1,0,1,1,1,0,0,16,-17.024141883604138,240.001,5.2690744176820235e-08,5.2690744176820235e-08,25.758514792728278,25.758514792728278,22.57792295171699,22.57792295171699
1,0,0,1,1,1,1,0,0,1,1,1,1,1,0,1,0,1,0,1,0,1,1,1,0,0,1,1,1,1,0,1,1,1,1,1,1,1,1,1,0,1,0,1,0,0,1,0,1,1,0,1,0,1,1,1,0,0,1,0,0,0,1,0,0,1,1,1,1,1,0,1,0,1,0,1,1,1,0,0,18,-17.024033029443125,240.001,5.271905100274944e-08,5.271905100274944e-08,25.756291131476313,25.756291131476313,22.597784668419344,22.597784668419344
1,0,0,1,1,1,1,0,0,1,1,1,1,1,0,1,0,1,0,1,0,1,1,1,0,0,1,1,1,1,0,1,1,1,1,1,1,1,1,1,0,1,0,1,0,0,1,0,1,1,0,1,0,1,1,1,0,0,1,0,0,0,1,0,0,1,1,1,1,1,0,1,0,1,0,1,1,1,0,0,20,-17.024256229078695,240.001,5.274467896651537e-08,5.274467896651537e-08,25.753957237772124,25.753957237772124,22.557156111265403,22.557156111265403
1,0,0,1,1,1,1,0,0,1,1,1,1,1,0,1,0,1,0,1,0,1,1,1,0,0,1,1,1,1,0,1,1,1,1,1,1,1,1,1,0,1,0,1,0,0,1,0,1,1,0,1,0,1,1,1,0,0,1,0,0,0,1,0,0,1,1,1,1,1,0,1,0,1,0,1,1,1,0,0,22,-17.025569625013254,240.001,5.2761502490539054e-08,5.2761502490539054e-08,25.75125883034143,25.75125883034143,22.32544674155269,22.32544674155269
1,0,0,1,1,1,1,0,0,1,1,1,1,1,0,1,0,1,0,1,0,1,1,1,0,0,1,1,1,1,0,1,1,1,1,1,1,1,1,1,0,1,0,1,0,0,1,0,1,1,0,1,0,1,1,1,0,0,1,0,0,0,1,0,0,1,1,1,1,1,0,1,0,1,0,1,1,1,0,0,23,-17.026333707102363,240.001,5.276904383358276e-08,5.276904383358276e-08,25.74987404386109,25.74987404386109,22.19609443046491,22.19609443046491
1,0,0,1,1,1,1,0,0,1,1,1,1,1,0,1,0,1,0,1,0,1,1,1,0,0,1,1,1,1,0,1,1,1,1,1,1,1,1,1,0,1,0,1,0,0,1,0,1,1,0,1,0,1,1,1,0,0,1,0,0,0,1,0,0,1,1,1,1,1,0,1,0,1,0,1,1,1,0,0,24,-17.025540266269818,240.001,5.2789163228967934e-08,5.2789163228967934e-08,25.749011954016492,25.749011954016492,22.330494144512635,22.330494144512635
1,0,0,1,1,1,1,0,0,1,1,1,1,1,0,1,0,1,0,1,0,1,1,1,0,0,1,1,1,1,0,1,1,1,1,1,1,1,1,1,0,1,0,1,0,0,1,0,1,1,0,1,0,1,1,1,0,0,1,0,0,0,1,0,0,1,1,1,1,1,0,1,0,1,0,1,1,1,0,0,27,-17.02597032825255,240.001,5.282682271285144e-08,5.282682271285144e-08,25.745484764910582,25.745484764910582,22.257133891373073,22.257133891373073
1,0,0,1,1,1,1,0,0,1,1,1,1,1,0,1,0,1,0,1,0,1,1,1,0,0,1,1,1,1,0,1,1,1,1,1,1,1,1,1,0,1,0,1,0,0,1,0,1,1,0,1,0,1,1,1,0,0,1,0,0,0,1,0,0,1,1,1,1,1,0,1,0,1,0,1,1,1,0,0,28,-17.027181008767112,240.001,5.2830746079037984e-08,5.2830746079037984e-08,25.743951552597196,25.743951552597196,22.056994258376584,22.056994258376584
1,0,0,1,1,1,1,0,0,1,1,1,1,1,0,1,0,1,0,1,0,1,1,1,0,0,1,1,1,1,0,1,1,1,1,1,1,1,1,1,0,1,0,1,0,0,1,0,1,1,0,1,0,1,1,1,0,0,1,0,0,0,1,0,0,1,1,1,1,1,0,1,0,1,0,1,1,1,0,0,29,-17.02739941296461,240.001,5.284268880956685e-08,5.284268880956685e-08,25.742751508691466,25.742751508691466,22.02184559541397,22.02184559541397
1,0,0,1,1,1,1,0,0,1,1,1,1,1,0,1,0,1,0,1,0,1,1,1,0,0,1,1,1,1,0,1,1,1,1,1,1,1,1,1,0,1,0,1,0,0,1,0,1,1,0,1,0,1,1,1,0,0,1,0,0,0,1,0,0,1,1,1,1,1,0,1,0,1,0,1,1,1,0,0,30,-17.02672545432643,240.001,5.286184743984732e-08,5.286184743984732e-08,25.74185117585683,25.74185117585683,22.131231117514027,22.131231117514027
1,0,0,1,1,1,1,0,0,1,1,1,1,1,0,1,0,1,0,1,0,1,1,1,0,0,1,1,1,1,0,1,1,1,1,1,1,1,1,1,0,1,0,1,0,0,1,0,1,1,0,1,0,1,1,1,0,0,1,0,0,0,1,0,0,1,1,1,1,1,0,1,0,1,0,1,1,1,0,0,32,-17.026990414661263,240.001,5.288712233124109e-08,5.288712233124109e-08,25.739510214952762,25.739510214952762,22.087900047428985,22.087900047428985
1,0,0,1,1,1,1,0,0,1,1,1,1,1,0,1,0,1,0,1,0,1,1,1,0,0,1,1,1,1,0,1,1,1,1,1,1,1,1,1,0,1,0,1,0,0,1,0,1,1,0,1,0,1,1,1,0,0,1,0,0,0,1,0,0,1,1,1,1,1,0,1,0,1,0,1,1,1,0,0,33,-17.02799312408398,240.001,5.289271651616409e-08,5.289271651616409e-08,25.738048150766126,25.738048150766126,21.927701805687466,21.927701805687466
1,0,0,1,1,1,1,0,0,1,1,1,1,1,0,1,0,1,0,1,0,1,1,1,0,0,1,1,1,1,0,1,1,1,1,1,1,1,1,1,0,1,0,1,0,0,1,0,1,1,0,1,0,1,1,1,0,0,1,0,0,0,1,0,0,1,1,1,1,1,0,1,0,1,0,1,1,1,0,0,34,-17.02830280989652,240.001,5.290391704580762e-08,5.290391704580762e-08,25.736818902946176,25.736818902946176,21.879388541085312,21.879388541085312
1,0,0,1,1,1,1,0,0,1,1,1,1,1,0,1,0,1,0,1,0,1,1,1,0,0,1,1,1,1,0,1,1,1,1,1,1,1,1,1,0,1,0,1,0,0,1,0,1,1,0,1,0,1,1,1,0,0,1,0,0,0,1,0,0,1,1,1,1,1,0,1,0,1,0,1,1,1,0,0,35,-17.02841106134015,240.001,5.2916746654048986e-08,5.2916746654048986e-08,25.735657581545006,25.735657581545006,21.862625692104455,21.862625692104455
1,0,0,1,1,1,1,0,0,1,1,1,1,1,0,1,0,1,0,1,0,1,1,1,0,0,1,1,1,1,0,1,1,1,1,1,1,1,1,1,0,1,0,1,0,0,1,0,1,1,0,1,0,1,1,1,0,0,1,0,0,0,1,0,0,1,1,1,1,1,0,1,0,1,0,1,1,1,0,0,36,-17.028405559978623,240.001,5.293049653430268e-08,5.293049653430268e-08,25.734534759300786,25.734534759300786,21.863476035029265,21.863476035029265
1,0,0,1,1,1,1,0,0,1,1,1,1,1,0,1,0,1,0,1,0,1,1,1,0,0,1,1,1,1,0,1,1,1,1,1,1,1,1,1,0,1,0,1,0,0,1,0,1,1,0,1,0,1,1,1,0,0,1,0,0,0,1,0,0,1,1,1,1,1,0,1,0,1,0,1,1,1,0,0,37,-17.028300143016928,240.001,5.294505534491738e-08,5.294505534491738e-08,25.73344579077109,25.73344579077109,21.87980232261356,21.87980232261356
1,0,0,1,1,1,1,0,0,1,1,1,1,1,0,1,0,1,0,1,0,1,1,1,0,0,1,1,1,1,0,1,1,1,1,1,1,1,1,1,0,1,0,1,0,0,1,0,1,1,0,1,0,1,1,1,0,0,1,0,0,0,1,0,0,1,1,1,1,1,0,1,0,1,0,1,1,1,0,0,38,-17.028067521952703,240.001,5.296064484055807e-08,5.296064484055807e-08,25.732399834389632,25.732399834389632,21.916046362150425,21.916046362150425
1,0,0,1,1,1,1,0,0,1,1,1,1,1,0,1,0,1,0,1,0,1,1,1,0,0,1,1,1,1,0,1,1,1,1,1,1,1,1,1,0,1,0,1,0,0,1,0,1,1,0,1,0,1,1,1,0,0,1,0,0,0,1,0,0,1,1,1,1,1,0,1,0,1,0,1,1,1,0,0,39,-17.027600473409613,240.001,5.297813500113293e-08,5.297813500113293e-08,25.73143286975915,25.73143286975915,21.989736155356315,21.989736155356315
1,0,0,1,1,1,1,0,0,1,1,1,1,1,0,1,0,1,0,1,0,1,1,1,0,0,1,1,1,1,0,1,1,1,1,1,1,1,1,1,0,1,0,1,0,0,1,0,1,1,0,1,0,1,1,1,0,0,1,0,0,0,1,0,0,1,1,1,1,1,0,1,0,1,0,1,1,1,0,0,40,-17.026368298389308,240.001,5.300183221976246e-08,5.300183221976246e-08,25.73072287179551,25.73072287179551,22.190328081596977,22.190328081596977
1,0,0,1,1,1,1,0,0,1,1,1,1,1,0,1,0,1,0,1,0,1,1,1,0,0,1,1,1,1,0,1,1,1,1,1,1,1,1,1,0,1,0,1,0,0,1,0,1,1,0,1,0,1,1,1,0,0,1,0,0,0,1,0,0,1,1,1,1,1,0,1,0,1,0,1,1,1,0,0,42,-17.02458526792705,240.001,5.304371977826078e-08,5.304371977826078e-08,25.729075011264307,25.729075011264307,22.49794286972002,22.49794286972002
1,0,0,1,1,1,1,0,0,1,1,1,1,1,0,1,0,1,0,1,0,1,1,1,0,0,1,1,1,1,0,1,1,1,1,1,1,1,1,1,0,1,0,1,0,0,1,0,1,1,0,1,0,1,1,1,0,0,1,0,0,0,1,0,0,1,1,1,1,1,0,1,0,1,0,1,1,1,0,0,44,-17.02384480313767,240.001,5.307715981716181e-08,5.307715981716181e-08,25.72707844166321,25.72707844166321,22.632343373883728,22.632343373883728
1,0,0,1,1,1,1,0,0,1,1,1,1,1,0,1,0,1,0,1,0,1,1,1,0,0,1,1,1,1,0,1,1,1,1,1,1,1,1,1,0,1,0,1,0,0,1,0,1,1,0,1,0,1,1,1,0,0,1,0,0,0,1,0,0,1,1,1,1,1,0,1,0,1,0,1,1,1,0,0,47,-17.02371365787547,240.001,5.311937002228852e-08,5.311937002228852e-08,25.72375718407202,25.72375718407202,22.65658458774923,22.65658458774923
1,0,0,1,1,1,1,0,0,1,1,1,1,1,0,1,0,1,0,1,0,1,1,1,0,0,1,1,1,1,0,1,1,1,1,1,1,1,1,1,0,1,0,1,0,0,1,0,1,1,0,1,0,1,1,1,0,0,1,0,0,0,1,0,0,1,1,1,1,1,0,1,0,1,0,1,1,1,0,0,49,-17.024881420202803,240.001,5.3137302565549246e-08,5.3137302565549246e-08,25.721123536456,25.721123536456,22.445325736438633,22.445325736438633
1,0,0,1,1,1,1,0,0,1,1,1,1,1,0,1,0,1,0,1,0,1,1,1,0,0,1,1,1,1,0,1,1,1,1,1,1,1,1,1,0,1,0,1,0,0,1,0,1,1,0,1,0,1,1,1,0,0,1,0,0,0,1,0,0,1,1,1,1,1,0,1,0,1,0,1,1,1,0,0,50,-17.024916054227024,240.001,5.315073356147176e-08,5.315073356147176e-08,25.719991317480698,25.719991317480698,22.43921353360768,22.43921353360768
1,0,0,1,1,1,1,0,0,1,1,1,1,1,0,1,0,1,0,1,0,1,1,1,0,0,1,1,1,1,0,1,1,1,1,1,1,1,1,1,0,1,0,1,0,0,1,0,1,1,0,1,0,1,1,1,0,0,1,0,0,0,1,0,0,1,1,1,1,1,0,1,0,1,0,1,1,1,0,0,52,-17.024092346086658,240.001,5.318486318899074e-08,5.318486318899074e-08,25.718027189776276,25.718027189776276,22.58695045265233,22.58695045265233
1,0,0,1,1,1,1,0,0,1,1,1,1,1,0,1,0,1,0,1,0,1,1,1,0,0,1,1,1,1,0,1,1,1,1,1,1,1,1,1,0,1,0,1,0,0,1,0,1,1,0,1,0,1,1,1,0,0,1,0,0,0,1,0,0,1,1,1,1,1,0,1,0,1,0,1,1,1,0,0,54,-17.025015705934393,240.001,5.3204773026532615e-08,5.3204773026532615e-08,25.715478345907997,25.715478345907997,22.42167458954127,22.42167458954127
1,0,0,1,1,1,1,0,0,1,1,1,1,1,0,1,0,1,0,1,0,1,1,1,0,0,1,1,1,1,0,1,1,1,1,1,1,1,1,1,0,1,0,1,0,0,1,0,1,1,0,1,0,1,1,1,0,0,1,0,0,0,1,0,0,1,1,1,1,1,0,1,0,1,0,1,1,1,0,0,55,-17.025562452581152,240.001,5.32140324323938e-08,5.32140324323938e-08,25.71417584770699,25.71417584770699,22.326679299509962,22.326679299509962
1,0,0,1,1,1,1,0,0,1,1,1,1,1,0,1,0,1,0,1,0,1,1,1,0,0,1,1,1,1,0,1,1,1,1,1,1,1,1,1,0,1,0,1,0,0,1,0,1,1,0,1,0,1,1,1,0,0,1,0,0,0,1,0,0,1,1,1,1,1,0,1,0,1,0,1,1,1,0,0,56,-17.024495123169988,240.001,5.3236439009133734e-08,5.3236439009133734e-08,25.713414899112724,25.713414899112724,22.514085476189525,22.514085476189525
1,0,0,1,1,1,1,0,0,1,1,1,1,1,0,1,0,1,0,1,0,1,1,1,0,0,1,1,1,1,0,1,1,1,1,1,1,1,1,1,0,1,0,1,0,0,1,0,1,1,0,1,0,1,1,1,0,0,1,0,0,0,1,0,0,1,1,1,1,1,0,1,0,1,0,1,1,1,0,0,59,-17.022407604693605,240.001,5.329460420127681e-08,5.329460420127681e-08,25.710759983133293,25.710759983133293,22.90564039108252,22.90564039108252
1,0,0,1,1,1,1,0,0,1,1,1,1,1,0,1,0,1,0,1,0,1,1,1,0,0,1,1,1,1,0,1,1,1,1,1,1,1,1,1,0,1,0,1,0,0,1,0,1,1,0,1,0,1,1,1,0,0,1,0,0,0,1,0,0,1,1,1,1,1,0,1,0,1,0,1,1,1,0,0,63,-17.022344975779195,240.001,5.334998753585542e-08,5.334998753585542e-08,25.706311801256938,25.706311801256938,22.917947889299832,22.917947889299832
1,0,0,1,1,1,1,0,0,1,1,1,1,1,0,1,0,1,0,1,0,1,1,1,0,0,1,1,1,1,0,1,1,1,1,1,1,1,1,1,0,1,0,1,0,0,1,0,1,1,0,1,0,1,1,1,0,0,1,0,0,0,1,0,0,1,1,1,1,1,0,1,0,1,0,1,1,1,0,0,66,-17.024485360292157,240.001,5.337365498079262e-08,5.337365498079262e-08,25.70224520045992,25.70224520045992,22.515837342726147,22.515837342726147
1,0,0,1,1,1,1,0,0,1,1,1,1,1,0,1,0,1,0,1,0,1,1,1,0,0,1,1,1,1,0,1,1,1,1,1,1,1,1,1,0,1,0,1,0,0,1,0,1,1,0,1,0,1,1,1,0,0,1,0,0,0,1,0,0,1,1,1,1,1,0,1,0,1,0,1,1,1,0,0,67,-17.025762080986734,240.001,5.337693870006828e-08,5.337693870006828e-08,25.700701296021847,25.700701296021847,22.292503037457273,22.292503037457273
1,0,0,1,1,1,1,0,0,1,1,1,1,1,0,1,0,1,0,1,0,1,1,1,0,0,1,1,1,1,0,1,1,1,1,1,1,1,1,1,0,1,0,1,0,0,1,0,1,1,0,1,0,1,1,1,0,0,1,0,0,0,1,0,0,1,1,1,1,1,0,1,0,1,0,1,1,1,0,0,68,-17.026059503862605,240.001,5.33882200996589e-08,5.33882200996589e-08,25.699486073807005,25.699486073807005,22.242075248974036,22.242075248974036
1,0,0,1,1,1,1,0,0,1,1,1,1,1,0,1,0,1,0,1,0,1,1,1,0,0,1,1,1,1,0,1,1,1,1,1,1,1,1,1,0,1,0,1,0,0,1,0,1,1,0,1,0,1,1,1,0,0,1,0,0,0,1,0,0,1,1,1,1,1,0,1,0,1,0,1,1,1,0,0,69,-17.025876500869057,240.001,5.340342554855523e-08,5.340342554855523e-08,25.698432342867843,25.698432342867843,22.27303429371372,22.27303429371372
1,0,0,1,1,1,1,0,0,1,1,1,1,1,0,1,0,1,0,1,0,1,1,1,0,0,1,1,1,1,0,1,1,1,1,1,1,1,1,1,0,1,0,1,0,0,1,0,1,1,0,1,0,1,1,1,0,0,1,0,0,0,1,0,0,1,1,1,1,1,0,1,0,1,0,1,1,1,0,0,70,-17.024819989621424,240.001,5.342577312440346e-08,5.342577312440346e-08,25.697671854805,25.697671854805,22.456188073458957,22.456188073458957
1,0,0,1,1,1,1,0,0,1,1,1,1,1,0,1,0,1,0,1,0,1,1,1,0,0,1,1,1,1,0,1,1,1,1,1,1,1,1,1,0,1,0,1,0,0,1,0,1,1,0,1,0,1,1,1,0,0,1,0,0,0,1,0,0,1,1,1,1,1,0,1,0,1,0,1,1,1,0,0,72,-17.023266058765117,240.001,5.346591183199361e-08,5.346591183199361e-08,25.69596416245018,25.69596416245018,22.74034833842263,22.74034833842263
1,0,0,1,1,1,1,0,0,1,1,1,1,1,0,1,0,1,0,1,0,1,1,1,0,0,1,1,1,1,0,1,1,1,1,1,1,1,1,1,0,1,0,1,0,0,1,0,1,1,0,1,0,1,1,1,0,0,1,0,0,0,1,0,0,1,1,1,1,1,0,1,0,1,0,1,1,1,0,0,74,-17.02291393910558,240.001,5.349622670293172e-08,5.349622670293172e-08,25.693854554679646,25.693854554679646,22.807392350443564,22.807392350443564
1,0,0,1,1,1,1,0,0,1,1,1,1,1,0,1,0,1,0,1,0,1,1,1,0,0,1,1,1,1,0,1,1,1,1,1,1,1,1,1,0,1,0,1,0,0,1,0,1,1,0,1,0,1,1,1,0,0,1,0,0,0,1,0,0,1,1,1,1,1,0,1,0,1,0,1,1,1,0,0,76,-17.02360598403532,240.001,5.3517990754344196e-08,5.3517990754344196e-08,25.691396014084713,25.691396014084713,22.67658838523156,22.67658838523156
1,0,0,1,1,1,1,0,0,1,1,1,1,1,0,1,0,1,0,1,0,1,1,1,0,0,1,1,1,1,0,1,1,1,1,1,1,1,1,1,0,1,0,1,0,0,1,0,1,1,0,1,0,1,1,1,0,0,1,0,0,0,1,0,0,1,1,1,1,1,0,1,0,1,0,1,1,1,0,0,77,-17.023962053404865,240.001,5.3528788211453716e-08,5.3528788211453716e-08,25.69016382754426,25.69016382754426,22.61078390281609,22.61078390281609
1,0,0,1,1,1,1,0,0,1,1,1,1,1,0,1,0,1,0,1,0,1,1,1,0,0,1,1,1,1,0,1,1,1,1,1,1,1,1,1,0,1,0,1,0,0,1,0,1,1,0,1,0,1,1,1,0,0,1,0,0,0,1,0,0,1,1,1,1,1,0,1,0,1,0,1,1,1,0,0,78,-17.0226201612661,240.001,5.3553502277209556e-08,5.3553502277209556e-08,25.689501059057115,25.689501059057115,22.864126768628758,22.864126768628758
1,0,0,1,1,1,1,0,0,1,1,1,1,1,0,1,0,1,0,1,0,1,1,1,0,0,1,1,1,1,0,1,1,1,1,1,1,1,1,1,0,1,0,1,0,0,1,0,1,1,0,1,0,1,1,1,0,0,1,0,0,1,1,0,0,1,1,1,1,1,0,1,0,1,0,1,1,1,0,0,1,-17.020661739993013,240.001,5.251299239724413e-08,5.251299239724413e-08,25.776670591975034,25.776670591975034,23.262439633825437,23.262439633825437
1,0,0,1,1,1,1,0,0,1,1,1,1,1,0,1,0,1,0,1,0,1,1,1,0,0,1,1,1,1,0,1,1,1,1,1,1,1,1,1,0,1,0,1,0,0,1,0,1,1,0,1,0,1,1,1,0,0,1,0,0,1,1,0,0,1,1,1,1,1,0,1,0,1,0,1,1,1,0,0,4,-17.023534485583408,240.001,5.2531053143164353e-08,5.2531053143164353e-08,25.77230443810449,25.77230443810449,22.68992228004209,22.68992228004209
1,0,0,1,1,1,1,0,0,1,1,1,1,1,0,1,0,1,0,1,0,1,1,1,0,0,1,1,1,1,0,1,1,1,1,1,1,1,1,1,0,1,0,1,0,0,1,0,1,1,0,1,0,1,1,1,0,0,1,0,0,1,1,0,0,1,1,1,1,1,0,1,0,1,0,1,1,1,0,0,5,-17.024931097818097,240.001,5.253353858383669e-08,5.253353858383669e-08,25.770702349761905,25.770702349761905,22.436561307092887,22.436561307092887
1,0,0,1,1,1,1,0,0,1,1,1,1,1,0,1,0,1,0,1,0,1,1,1,0,0,1,1,1,1,0,1,1,1,1,1,1,1,1,1,0,1,0,1,0,0,1,0,1,1,0,1,0,1,1,1,0,0,1,0,0,1,1,0,0,1,1,1,1,1,0,1,0,1,0,1,1,1,0,0,6,-17.025200990427912,240.001,5.2545081460381857e-08,5.2545081460381857e-08,25.7694783129871,25.7694783129871,22.38925010092067,22.38925010092067
1,0,0,1,1,1,1,0,0,1,1,1,1,1,0,1,0,1,0,1,0,1,1,1,0,0,1,1,1,1,0,1,1,1,1,1,1,1,1,1,0,1,0,1,0,0,1,0,1,1,0,1,0,1,1,1,0,0,1,0,0,1,1,0,0,1,1,1,1,1,0,1,0,1,0,1,1,1,0,0,7,-17.024372671371623,240.001,5.256545744379854e-08,5.256545744379854e-08,25.76862284707485,25.76862284707485,22.536109457952893,22.536109457952893
1,0,0,1,1,1,1,0,0,1,1,1,1,1,0,1,0,1,0,1,0,1,1,1,0,0,1,1,1,1,0,1,1,1,1,1,1,1,1,1,0,1,0,1,0,0,1,0,1,1,0,1,0,1,1,1,0,0,1,0,0,1,1,0,0,1,1,1,1,1,0,1,0,1,0,1,1,1,0,0,10,-17.024940121006388,240.001,5.260203248706468e-08,5.260203248706468e-08,25.765034627406173,25.765034627406173,22.434971266516243,22.434971266516243
1,0,0,1,1,1,1,0,0,1,1,1,1,1,0,1,0,1,0,1,0,1,1,1,0,0,1,1,1,1,0,1,1,1,1,1,1,1,1,1,0,1,0,1,0,0,1,0,1,1,0,1,0,1,1,1,0,0,1,0,0,1,1,0,0,1,1,1,1,1,0,1,0,1,0,1,1,1,0,0,11,-17.02621374109749,240.001,5.2605491717114817e-08,5.2605491717114817e-08,25.763475414714296,25.763475414714296,22.21615187027675,22.21615187027675
1,0,0,1,1,1,1,0,0,1,1,1,1,1,0,1,0,1,0,1,0,1,1,1,0,0,1,1,1,1,0,1,1,1,1,1,1,1,1,1,0,1,0,1,0,0,1,0,1,1,0,1,0,1,1,1,0,0,1,0,0,1,1,0,0,1,1,1,1,1,0,1,0,1,0,1,1,1,0,0,12,-17.02655833365688,240.001,5.2616427821255796e-08,5.2616427821255796e-08,25.762228065444155,25.762228065444155,22.158784340116085,22.158784340116085
1,0,0,1,1,1,1,0,0,1,1,1,1,1,0,1,0,1,0,1,0,1,1,1,0,0,1,1,1,1,0,1,1,1,1,1,1,1,1,1,0,1,0,1,0,0,1,0,1,1,0,1,0,1,1,1,0,0,1,0,0,1,1,0,0,1,1,1,1,1,0,1,0,1,0,1,1,1,0,0,13,-17.02645313930037,240.001,5.263098409489024e-08,5.263098409489024e-08,25.76113195532358,25.76113195532358,22.176217286913204,22.176217286913204
1,0,0,1,1,1,1,0,0,1,1,1,1,1,0,1,0,1,0,1,0,1,1,1,0,0,1,1,1,1,0,1,1,1,1,1,1,1,1,1,0,1,0,1,0,0,1,0,1,1,0,1,0,1,1,1,0,0,1,0,0,1,1,0,0,1,1,1,1,1,0,1,0,1,0,1,1,1,0,0,14,-17.025495636330103,240.001,5.2652407356895395e-08,5.2652407356895395e-08,25.7603220371511,25.7603220371511,22.338178185189008,22.338178185189008
1,0,0,1,1,1,1,0,0,1,1,1,1,1,0,1,0,1,0,1,0,1,1,1,0,0,1,1,1,1,0,1,1,1,1,1,1,1,1,1,0,1,0,1,0,0,1,0,1,1,0,1,0,1,1,1,0,0,1,0,0,1,1,0,0,1,1,1,1,1,0,1,0,1,0,1,1,1,0,0,16,-17.024181930289465,240.001,5.2690421479537806e-08,5.2690421479537806e-08,25.75850134389812,25.75850134389812,22.57063863543552,22.57063863543552
1,0,0,1,1,1,1,0,0,1,1,1,1,1,0,1,0,1,0,1,0,1,1,1,0,0,1,1,1,1,0,1,1,1,1,1,1,1,1,1,0,1,0,1,0,0,1,0,1,1,0,1,0,1,1,1,0,0,1,0,0,1,1,0,0,1,1,1,1,1,0,1,0,1,0,1,1,1,0,0,18,-17.024074898986253,240.001,5.271871342881119e-08,5.271871342881119e-08,25.756277071039232,25.756277071039232,22.590134385172828,22.590134385172828
1,0,0,1,1,1,1,0,0,1,1,1,1,1,0,1,0,1,0,1,0,1,1,1,0,0,1,1,1,1,0,1,1,1,1,1,1,1,1,1,0,1,0,1,0,0,1,0,1,1,0,1,0,1,1,1,0,0,1,0,0,1,1,0,0,1,1,1,1,1,0,1,0,1,0,1,1,1,0,0,20,-17.02430008954178,240.001,5.274432517680665e-08,5.274432517680665e-08,25.75394250810224,25.75394250810224,22.549216529965438,22.549216529965438
1,0,0,1,1,1,1,0,0,1,1,1,1,1,0,1,0,1,0,1,0,1,1,1,0,0,1,1,1,1,0,1,1,1,1,1,1,1,1,1,0,1,0,1,0,0,1,0,1,1,0,1,0,1,1,1,0,0,1,0,0,1,1,0,0,1,1,1,1,1,0,1,0,1,0,1,1,1,0,0,22,-17.025615656261113,240.001,5.2761131132851503e-08,5.2761131132851503e-08,25.751243366676842,25.751243366676842,22.31754469608248,22.31754469608248
1,0,0,1,1,1,1,0,0,1,1,1,1,1,0,1,0,1,0,1,0,1,1,1,0,0,1,1,1,1,0,1,1,1,1,1,1,1,1,1,0,1,0,1,0,0,1,0,1,1,0,1,0,1,1,1,0,0,1,0,0,1,1,0,0,1,1,1,1,1,0,1,0,1,0,1,1,1,0,0,23,-17.02638090566182,240.001,5.276866303952094e-08,5.276866303952094e-08,25.749858185144934,25.749858185144934,22.188228346933556,22.188228346933556
1,0,0,1,1,1,1,0,0,1,1,1,1,1,0,1,0,1,0,1,0,1,1,1,0,0,1,1,1,1,0,1,1,1,1,1,1,1,1,1,0,1,0,1,0,0,1,0,1,1,0,1,0,1,1,1,0,0,1,0,0,1,1,0,0,1,1,1,1,1,0,1,0,1,0,1,1,1,0,0,24,-17.025588722595618,240.001,5.2788772095783906e-08,5.2788772095783906e-08,25.748995676191434,25.748995676191434,22.322166582030647,22.322166582030647
1,0,0,1,1,1,1,0,0,1,1,1,1,1,0,1,0,1,0,1,0,1,1,1,0,0,1,1,1,1,0,1,1,1,1,1,1,1,1,1,0,1,0,1,0,0,1,0,1,1,0,1,0,1,1,1,0,0,1,0,0,1,1,0,0,1,1,1,1,1,0,1,0,1,0,1,1,1,0,0,27,-17.02602293082358,240.001,5.282639782876391e-08,5.282639782876391e-08,25.745467092616874,25.745467092616874,22.248244879278122,22.248244879278122
1,0,0,1,1,1,1,0,0,1,1,1,1,1,0,1,0,1,0,1,0,1,1,1,0,0,1,1,1,1,0,1,1,1,1,1,1,1,1,1,0,1,0,1,0,0,1,0,1,1,0,1,0,1,1,1,0,0,1,0,0,1,1,0,0,1,1,1,1,1,0,1,0,1,0,1,1,1,0,0,28,-17.027235134472054,240.001,5.283030892518266e-08,5.283030892518266e-08,25.74393336321848,25.74393336321848,22.048257207333442,22.048257207333442
1,0,0,1,1,1,1,0,0,1,1,1,1,1,0,1,0,1,0,1,0,1,1,1,0,0,1,1,1,1,0,1,1,1,1,1,1,1,1,1,0,1,0,1,0,0,1,0,1,1,0,1,0,1,1,1,0,0,1,0,0,1,1,0,0,1,1,1,1,1,0,1,0,1,0,1,1,1,0,0,29,-17.027455175413444,240.001,5.284223834406474e-08,5.284223834406474e-08,25.742732768491145,25.742732768491145,22.012916641066326,22.012916641066326
1,0,0,1,1,1,1,0,0,1,1,1,1,1,0,1,0,1,0,1,0,1,1,1,0,0,1,1,1,1,0,1,1,1,1,1,1,1,1,1,0,1,0,1,0,0,1,0,1,1,0,1,0,1,1,1,0,0,1,0,0,1,1,0,0,1,1,1,1,1,0,1,0,1,0,1,1,1,0,0,30,-17.026782975583643,240.001,5.2861382553802835e-08,5.2861382553802835e-08,25.741831848181832,25.741831848181832,22.121787624950485,22.121787624950485
1,0,0,1,1,1,1,0,0,1,1,1,1,1,0,1,0,1,0,1,0,1,1,1,0,0,1,1,1,1,0,1,1,1,1,1,1,1,1,1,0,1,0,1,0,0,1,0,1,1,0,1,0,1,1,1,0,0,1,0,0,1,1,0,0,1,1,1,1,1,0,1,0,1,0,1,1,1,0,0,32,-17.027051766281108,240.001,5.2886626263757856e-08,5.2886626263757856e-08,25.73948959921937,25.73948959921937,22.077927699216655,22.077927699216655
1,0,0,1,1,1,1,0,0,1,1,1,1,1,0,1,0,1,0,1,0,1,1,1,0,0,1,1,1,1,0,1,1,1,1,1,1,1,1,1,0,1,0,1,0,0,1,0,1,1,0,1,0,1,1,1,0,0,1,0,0,1,1,0,0,1,1,1,1,1,0,1,0,1,0,1,1,1,0,0,33,-17.02805656849298,240.001,5.289220353524543e-08,5.289220353524543e-08,25.738026826686227,25.738026826686227,21.9177604215052,21.9177604215052
1,0,0,1,1,1,1,0,0,1,1,1,1,1,0,1,0,1,0,1,0,1,1,1,0,0,1,1,1,1,0,1,1,1,1,1,1,1,1,1,0,1,0,1,0,0,1,0,1,1,0,1,0,1,1,1,0,0,1,0,0,1,1,0,0,1,1,1,1,1,0,1,0,1,0,1,1,1,0,0,34,-17.02836851414292,240.001,5.2903385697293326e-08,5.2903385697293326e-08,25.736796817943773,25.736796817943773,21.86920650439888,21.86920650439888
1,0,0,1,1,1,1,0,0,1,1,1,1,1,0,1,0,1,0,1,0,1,1,1,0,0,1,1,1,1,0,1,1,1,1,1,1,1,1,1,0,1,0,1,0,0,1,0,1,1,0,1,0,1,1,1,0,0,1,0,0,1,1,0,0,1,1,1,1,1,0,1,0,1,0,1,1,1,0,0,35,-17.028479198170338,240.001,5.2916195502635566e-08,5.2916195502635566e-08,25.7356346786491,25.7356346786491,21.85210750257102,21.85210750257102
1,0,0,1,1,1,1,0,0,1,1,1,1,1,0,1,0,1,0,1,0,1,1,1,0,0,1,1,1,1,0,1,1,1,1,1,1,1,1,1,0,1,0,1,0,0,1,0,1,1,0,1,0,1,1,1,0,0,1,0,0,1,1,0,0,1,1,1,1,1,0,1,0,1,0,1,1,1,0,0,36,-17.028476319696935,240.001,5.292992401238523e-08,5.292992401238523e-08,25.73451097523367,25.73451097523367,21.852551336949617,21.852551336949617
1,0,0,1,1,1,1,0,0,1,1,1,1,1,0,1,0,1,0,1,0,1,1,1,0,0,1,1,1,1,0,1,1,1,1,1,1,1,1,1,0,1,0,1,0,0,1,0,1,1,0,1,0,1,1,1,0,0,1,0,0,1,1,0,0,1,1,1,1,1,0,1,0,1,0,1,1,1,0,0,37,-17.028373738383337,240.001,5.294445970213136e-08,5.294445970213136e-08,25.733421054703932,25.733421054703932,21.868397932789176,21.868397932789176
1,0,0,1,1,1,1,0,0,1,1,1,1,1,0,1,0,1,0,1,0,1,1,1,0,0,1,1,1,1,0,1,1,1,1,1,1,1,1,1,0,1,0,1,0,0,1,0,1,1,0,1,0,1,1,1,0,0,1,0,0,1,1,0,0,1,1,1,1,1,0,1,0,1,0,1,1,1,0,0,38,-17.028144193138264,240.001,5.29600240962948e-08,5.29600240962948e-08,25.732374066547287,25.732374066547287,21.904067203818634,21.904067203818634
1,0,0,1,1,1,1,0,0,1,1,1,1,1,0,1,0,1,0,1,0,1,1,1,0,0,1,1,1,1,0,1,1,1,1,1,1,1,1,1,0,1,0,1,0,0,1,0,1,1,0,1,0,1,1,1,0,0,1,0,0,1,1,0,0,1,1,1,1,1,0,1,0,1,0,1,1,1,0,0,39,-17.027680495224494,240.001,5.297748686991228e-08,5.297748686991228e-08,25.73140597958706,25.73140597958706,21.977021979999773,21.977021979999773
1,0,0,1,1,1,1,0,0,1,1,1,1,1,0,1,0,1,0,1,0,1,1,1,0,0,1,1,1,1,0,1,1,1,1,1,1,1,1,1,0,1,0,1,0,0,1,0,1,1,0,1,0,1,1,1,0,0,1,0,0,1,1,0,0,1,1,1,1,1,0,1,0,1,0,1,1,1,0,0,40,-17.0264520002188,240.001,5.3001153864032765e-08,5.3001153864032765e-08,25.730694754466242,25.730694754466242,22.176406438186497,22.176406438186497
1,0,0,1,1,1,1,0,0,1,1,1,1,1,0,1,0,1,0,1,0,1,1,1,0,0,1,1,1,1,0,1,1,1,1,1,1,1,1,1,0,1,0,1,0,0,1,0,1,1,0,1,0,1,1,1,0,0,1,0,0,1,1,0,0,1,1,1,1,1,0,1,0,1,0,1,1,1,0,0,42,-17.02467740780207,240.001,5.3042972264618775e-08,5.3042972264618775e-08,25.729044074362747,25.729044074362747,22.48150441999089,22.48150441999089
1,0,0,1,1,1,1,0,0,1,1,1,1,1,0,1,0,1,0,1,0,1,1,1,0,0,1,1,1,1,0,1,1,1,1,1,1,1,1,1,0,1,0,1,0,0,1,0,1,1,0,1,0,1,1,1,0,0,1,0,0,1,1,0,0,1,1,1,1,1,0,1,0,1,0,1,1,1,0,0,44,-17.0239472161404,240.001,5.3076328343629624e-08,5.3076328343629624e-08,25.727044063046,25.727044063046,22.613506239285908,22.613506239285908
1,0,0,1,1,1,1,0,0,1,1,1,1,1,0,1,0,1,0,1,0,1,1,1,0,0,1,1,1,1,0,1,1,1,1,1,1,1,1,1,0,1,0,1,0,0,1,0,1,1,0,1,0,1,1,1,0,0,1,0,0,1,1,0,0,1,1,1,1,1,0,1,0,1,0,1,1,1,0,0,47,-17.02383657166706,240.001,5.311837127505379e-08,5.311837127505379e-08,25.723715926838175,25.723715926838175,22.633860947313575,22.633860947313575
1,0,0,1,1,1,1,0,0,1,1,1,1,1,0,1,0,1,0,1,0,1,1,1,0,0,1,1,1,1,0,1,1,1,1,1,1,1,1,1,0,1,0,1,0,0,1,0,1,1,0,1,0,1,1,1,0,0,1,0,0,1,1,0,0,1,1,1,1,1,0,1,0,1,0,1,1,1,0,0,49,-17.025023194474755,240.001,5.313615032624554e-08,5.313615032624554e-08,25.721075936440705,25.721075936440705,22.42035942885176,22.42035942885176
1,0,0,1,1,1,1,0,0,1,1,1,1,1,0,1,0,1,0,1,0,1,1,1,0,0,1,1,1,1,0,1,1,1,1,1,1,1,1,1,0,1,0,1,0,0,1,0,1,1,0,1,0,1,1,1,0,0,1,0,0,1,1,0,0,1,1,1,1,1,0,1,0,1,0,1,1,1,0,0,50,-17.025069654046884,240.001,5.314948487788037e-08,5.314948487788037e-08,25.719939748757547,25.719939748757547,22.412208892277825,22.412208892277825
1,0,0,1,1,1,1,0,0,1,1,1,1,1,0,1,0,1,0,1,0,1,1,1,0,0,1,1,1,1,0,1,1,1,1,1,1,1,1,1,0,1,0,1,0,0,1,0,1,1,0,1,0,1,1,1,0,0,1,0,0,1,1,0,0,1,1,1,1,1,0,1,0,1,0,1,1,1,0,0,52,-17.024276753158357,240.001,5.318336289631241e-08,5.318336289631241e-08,25.71796529463421,25.71796529463421,22.55343906397787,22.55343906397787
1,0,0,1,1,1,1,0,0,1,1,1,1,1,0,1,0,1,0,1,0,1,1,1,0,0,1,1,1,1,0,1,1,1,1,1,1,1,1,1,0,1,0,1,0,0,1,0,1,1,0,1,0,1,1,1,0,0,1,0,0,1,1,0,0,1,1,1,1,1,0,1,0,1,0,1,1,1,0,0,54,-17.025246187625665,240.001,5.320289734115215e-08,5.320289734115215e-08,25.715400973444247,25.715400973444247,22.381377048083458,22.381377048083458
1,0,0,1,1,1,1,0,0,1,1,1,1,1,0,1,0,1,0,1,0,1,1,1,0,0,1,1,1,1,0,1,1,1,1,1,1,1,1,1,0,1,0,1,0,0,1,0,1,1,0,1,0,1,1,1,0,0,1,0,0,1,1,0,0,1,1,1,1,1,0,1,0,1,0,1,1,1,0,0,55,-17.02582586119979,240.001,5.321188849217197e-08,5.321188849217197e-08,25.714087415522645,25.714087415522645,22.28164002187414,22.28164002187414
1,0,0,1,1,1,1,0,0,1,1,1,1,1,0,1,0,1,0,1,0,1,1,1,0,0,1,1,1,1,0,1,1,1,1,1,1,1,1,1,0,1,0,1,0,0,1,0,1,1,0,1,0,1,1,1,0,0,1,0,0,1,1,0,0,1,1,1,1,1,0,1,0,1,0,1,1,1,0,0,56,-17.02480264822328,240.001,5.3233934502716083e-08,5.3233934502716083e-08,25.71331169255319,25.71331169255319,22.459259326518826,22.459259326518826
1,0,0,1,1,1,1,0,0,1,1,1,1,1,0,1,0,1,0,1,0,1,1,1,0,0,1,1,1,1,0,1,1,1,1,1,1,1,1,1,0,1,0,1,0,0,1,0,1,1,0,1,0,1,1,1,0,0,1,0,0,1,1,0,0,1,1,1,1,1,0,1,0,1,0,1,1,1,0,0,59,-17.02302449003772,240.001,5.328957304130599e-08,5.328957304130599e-08,25.710553103302388,25.710553103302388,22.786232230275548,22.786232230275548
1,0,0,1,1,1,1,0,0,1,1,1,1,1,0,1,0,1,0,1,0,1,1,1,0,0,1,1,1,1,0,1,1,1,1,1,1,1,1,1,0,1,0,1,0,0,1,0,1,1,0,1,0,1,1,1,0,0,1,0,0,1,1,0,0,1,1,1,1,1,0,1,0,1,0,1,1,1,0,0,62,-17.0241402446521,240.001,5.332161623322393e-08,5.332161623322393e-08,25.70682670679455,25.70682670679455,22.57822132886944,22.57822132886944
1,0,0,1,1,1,1,0,0,1,1,1,1,1,0,1,0,1,0,1,0,1,1,1,0,0,1,1,1,1,0,1,1,1,1,1,1,1,1,1,0,1,0,1,0,0,1,0,1,1,0,1,0,1,1,1,0,0,1,0,0,1,1,0,0,1,1,1,1,1,0,1,0,1,0,1,1,1,0,0,63,-17.02423319357813,240.001,5.333457199076776e-08,5.333457199076776e-08,25.705678664088865,25.705678664088865,22.561331765236886,22.561331765236886
1,0,0,1,1,1,1,0,0,1,1,1,1,1,0,1,0,1,0,1,0,1,1,1,0,0,1,1,1,1,0,1,1,1,1,1,1,1,1,1,0,1,0,1,0,0,1,0,1,1,0,1,0,1,1,1,0,0,1,0,0,1,1,0,0,1,1,1,1,1,0,1,0,1,0,1,1,1,0,0,66,-17.024947060112385,240.001,5.336988508627912e-08,5.336988508627912e-08,25.70209026288202,25.70209026288202,22.433748870612483,22.433748870612483
1,0,0,1,1,1,1,0,0,1,1,1,1,1,0,1,0,1,0,1,0,1,1,1,0,0,1,1,1,1,0,1,1,1,1,1,1,1,1,1,0,1,0,1,0,0,1,0,1,1,0,1,0,1,1,1,0,0,1,0,0,1,1,0,0,1,1,1,1,1,0,1,0,1,0,1,1,1,0,0,67,-17.026131010948724,240.001,5.337392674853233e-08,5.337392674853233e-08,25.700577436472486,25.700577436472486,22.23003758794766,22.23003758794766
1,0,0,1,1,1,1,0,0,1,1,1,1,1,0,1,0,1,0,1,0,1,1,1,0,0,1,1,1,1,0,1,1,1,1,1,1,1,1,1,0,1,0,1,0,0,1,0,1,1,0,1,0,1,1,1,0,0,1,0,0,1,1,0,0,1,1,1,1,1,0,1,0,1,0,1,1,1,0,0,68,-17.026366783471133,240.001,5.3385711130802655e-08,5.3385711130802655e-08,25.69938289482813,25.69938289482813,22.190580458355214,22.190580458355214
1,0,0,1,1,1,1,0,0,1,1,1,1,1,0,1,0,1,0,1,0,1,1,1,0,0,1,1,1,1,0,1,1,1,1,1,1,1,1,1,0,1,0,1,0,0,1,0,1,1,0,1,0,1,1,1,0,0,1,0,0,1,1,0,0,1,1,1,1,1,0,1,0,1,0,1,1,1,0,0,69,-17.026139827210514,240.001,5.340127487594752e-08,5.340127487594752e-08,25.698343919923392,25.698343919923392,22.228555733037688,22.228555733037688
1,0,0,1,1,1,1,0,0,1,1,1,1,1,0,1,0,1,0,1,0,1,1,1,0,0,1,1,1,1,0,1,1,1,1,1,1,1,1,1,0,1,0,1,0,0,1,0,1,1,0,1,0,1,1,1,0,0,1,0,0,1,1,0,0,1,1,1,1,1,0,1,0,1,0,1,1,1,0,0,70,-17.025050445068118,240.001,5.342388993457323e-08,5.342388993457323e-08,25.6975944852789,25.6975944852789,22.415576934768907,22.415576934768907
1,0,0,1,1,1,1,0,0,1,1,1,1,1,0,1,0,1,0,1,0,1,1,1,0,0,1,1,1,1,0,1,1,1,1,1,1,1,1,1,0,1,0,1,0,0,1,0,1,1,0,1,0,1,1,1,0,0,1,0,0,1,1,0,0,1,1,1,1,1,0,1,0,1,0,1,1,1,0,0,72,-17.02345048971712,240.001,5.3464403350434737e-08,5.3464403350434737e-08,25.6959022646107,25.6959022646107,22.70563903895149,22.70563903895149
1,0,0,1,1,1,1,0,0,1,1,1,1,1,0,1,0,1,0,1,0,1,1,1,0,0,1,1,1,1,0,1,1,1,1,1,1,1,1,1,0,1,0,1,0,0,1,0,1,1,0,1,0,1,1,1,0,0,1,0,0,1,1,0,0,1,1,1,1,1,0,1,0,1,0,1,1,1,0,0,74,-17.023067627878127,240.001,5.349496893021736e-08,5.349496893021736e-08,25.693802975944497,25.693802975944497,22.77800312330143,22.77800312330143
1,0,0,1,1,1,1,0,0,1,1,1,1,1,0,1,0,1,0,1,0,1,1,1,0,0,1,1,1,1,0,1,1,1,1,1,1,1,1,1,0,1,0,1,0,0,1,0,1,1,0,1,0,1,1,1,0,0,1,0,0,1,1,0,0,1,1,1,1,1,0,1,0,1,0,1,1,1,0,0,76,-17.023737666745532,240.001,5.3516912760484173e-08,5.3516912760484173e-08,25.691351810648943,25.691351810648943,22.652136653788546,22.652136653788546
1,0,0,1,1,1,1,0,0,1,1,1,1,1,0,1,0,1,0,1,0,1,1,1,0,0,1,1,1,1,0,1,1,1,1,1,1,1,1,1,0,1,0,1,0,0,1,0,1,1,0,1,0,1,1,1,0,0,1,0,0,1,1,0,0,1,1,1,1,1,0,1,0,1,0,1,1,1,0,0,77,-17.02408493194776,240.001,5.352778215215241e-08,5.352778215215241e-08,25.690122574258286,25.690122574258286,22.588303179974787,22.588303179974787
1,0,0,1,1,1,1,0,0,1,1,1,1,1,0,1,0,1,0,1,0,1,1,1,0,0,1,1,1,1,0,1,1,1,1,1,1,1,1,1,0,1,0,1,0,0,1,0,1,1,0,1,0,1,1,1,0,0,1,0,0,1,1,0,0,1,1,1,1,1,0,1,0,1,0,1,1,1,0,0,78,-17.02273541202586,240.001,5.355255808618709e-08,5.355255808618709e-08,25.689462378558563,25.689462378558563,22.84178155490693,22.84178155490693
1,0,0,1,1,1,1,0,0,1,1,1,1,1,0,1,0,1,0,1,0,1,1,1,0,0,1,1,1,1,0,1,1,1,1,1,1,1,1,1,0,1,1,1,0,0,1,0,1,1,0,1,0,1,1,1,0,0,1,0,0,1,1,0,0,1,1,1,1,1,0,1,0,1,0,1,1,1,0,0,1,-17.02070561961787,240.001,5.251263995608098e-08,5.251263995608098e-08,25.77665586013989,25.77665586013989,23.253105233259497,23.253105233259497
1,0,0,1,1,1,1,0,0,1,1,1,1,1,0,1,0,1,0,1,0,1,1,1,0,0,1,1,1,1,0,1,1,1,1,1,1,1,1,1,0,1,1,1,0,0,1,0,1,1,0,1,0,1,1,1,0,0,1,0,0,1,1,0,0,1,1,1,1,1,0,1,0,1,0,1,1,1,0,0,4,-17.02358168981517,240.001,5.253067400578029e-08,5.253067400578029e-08,25.772288578736028,25.772288578736028,22.681114499049432,22.681114499049432
1,0,0,1,1,1,1,0,0,1,1,1,1,1,0,1,0,1,0,1,0,1,1,1,0,0,1,1,1,1,0,1,1,1,1,1,1,1,1,1,0,1,1,1,0,0,1,0,1,1,0,1,0,1,1,1,0,0,1,0,0,1,1,0,0,1,1,1,1,1,0,1,0,1,0,1,1,1,0,0,5,-17.02497951926094,240.001,5.253314971932473e-08,5.253314971932473e-08,25.770686075846406,25.770686075846406,22.428035391627418,22.428035391627418
1,0,0,1,1,1,1,0,0,1,1,1,1,1,0,1,0,1,0,1,0,1,1,1,0,0,1,1,1,1,0,1,1,1,1,1,1,1,1,1,0,1,1,1,0,0,1,0,1,1,0,1,0,1,1,1,0,0,1,0,0,1,1,0,0,1,1,1,1,1,0,1,0,1,0,1,1,1,0,0,6,-17.02525071643755,240.001,5.2544682042661115e-08,5.2544682042661115e-08,25.769461599690835,25.769461599690835,22.380588940645826,22.380588940645826
1,0,0,1,1,1,1,0,0,1,1,1,1,1,0,1,0,1,0,1,0,1,1,1,0,0,1,1,1,1,0,1,1,1,1,1,1,1,1,1,0,1,1,1,0,0,1,0,1,1,0,1,0,1,1,1,0,0,1,0,0,1,1,0,0,1,1,1,1,1,0,1,0,1,0,1,1,1,0,0,7,-17.024423796030998,240.001,5.256504658551357e-08,5.256504658551357e-08,25.76860566755588,25.76860566755588,22.526900750423135,22.526900750423135
1,0,0,1,1,1,1,0,0,1,1,1,1,1,0,1,0,1,0,1,0,1,1,1,0,0,1,1,1,1,0,1,1,1,1,1,1,1,1,1,0,1,1,1,0,0,1,0,1,1,0,1,0,1,1,1,0,0,1,0,0,1,1,0,0,1,1,1,1,1,0,1,0,1,0,1,1,1,0,0,10,-17.024995883163122,240.001,5.260158407643413e-08,5.260158407643413e-08,25.765015887220514,25.765015887220514,22.42515783884599,22.42515783884599
1,0,0,1,1,1,1,0,0,1,1,1,1,1,0,1,0,1,0,1,0,1,1,1,0,0,1,1,1,1,0,1,1,1,1,1,1,1,1,1,0,1,1,1,0,0,1,0,1,1,0,1,0,1,1,1,0,0,1,0,0,1,1,0,0,1,1,1,1,1,0,1,0,1,0,1,1,1,0,0,11,-17.02627121910333,240.001,5.260502955070935e-08,5.260502955070935e-08,25.763456091888596,25.763456091888596,22.20653047695874,22.20653047695874
1,0,0,1,1,1,1,0,0,1,1,1,1,1,0,1,0,1,0,1,0,1,1,1,0,0,1,1,1,1,0,1,1,1,1,1,1,1,1,1,0,1,1,1,0,0,1,0,1,1,0,1,0,1,1,1,0,0,1,0,0,1,1,0,0,1,1,1,1,1,0,1,0,1,0,1,1,1,0,0,12,-17.026617659443858,240.001,5.2615950715619316e-08,5.2615950715619316e-08,25.76220811999773,25.76220811999773,22.14898338045922,22.14898338045922
1,0,0,1,1,1,1,0,0,1,1,1,1,1,0,1,0,1,0,1,0,1,1,1,0,0,1,1,1,1,0,1,1,1,1,1,1,1,1,1,0,1,1,1,0,0,1,0,1,1,0,1,0,1,1,1,0,0,1,0,0,1,1,0,0,1,1,1,1,1,0,1,0,1,0,1,1,1,0,0,13,-17.026514446704894,240.001,5.263049090568093e-08,5.263049090568093e-08,25.7611113445466,25.7611113445466,22.166048889314478,22.166048889314478
1,0,0,1,1,1,1,0,0,1,1,1,1,1,0,1,0,1,0,1,0,1,1,1,0,0,1,1,1,1,0,1,1,1,1,1,1,1,1,1,0,1,1,1,0,0,1,0,1,1,0,1,0,1,1,1,0,0,1,0,0,1,1,0,0,1,1,1,1,1,0,1,0,1,0,1,1,1,0,0,14,-17.025559082865087,240.001,5.265189668401812e-08,5.265189668401812e-08,25.760300712809446,25.760300712809446,22.327258493804763,22.327258493804763
1,0,0,1,1,1,1,0,0,1,1,1,1,1,0,1,0,1,0,1,0,1,1,1,0,0,1,1,1,1,0,1,1,1,1,1,1,1,1,1,0,1,1,1,0,0,1,0,1,1,0,1,0,1,1,1,0,0,1,0,0,1,1,0,0,1,1,1,1,1,0,1,0,1,0,1,1,1,0,0,16,-17.024250113529856,240.001,5.268987218602596e-08,5.268987218602596e-08,25.758478435752885,25.758478435752885,22.55826428990595,22.55826428990595
1,0,0,1,1,1,1,0,0,1,1,1,1,1,0,1,0,1,0,1,0,1,1,1,0,0,1,1,1,1,0,1,1,1,1,1,1,1,1,1,0,1,1,1,0,0,1,0,1,1,0,1,0,1,1,1,0,0,1,0,0,1,1,0,0,1,1,1,1,1,0,1,0,1,0,1,1,1,0,0,18,-17.024148542985373,240.001,5.2718119808849494e-08,5.2718119808849494e-08,25.756252329471224,25.756252329471224,22.576710796917666,22.576710796917666
1,0,0,1,1,1,1,0,0,1,1,1,1,1,0,1,0,1,0,1,0,1,1,1,0,0,1,1,1,1,0,1,1,1,1,1,1,1,1,1,0,1,1,1,0,0,1,0,1,1,0,1,0,1,1,1,0,0,1,0,0,1,1,0,0,1,1,1,1,1,0,1,0,1,0,1,1,1,0,0,20,-17.02438013416704,240.001,5.274367966047229e-08,5.274367966047229e-08,25.753915615336744,25.753915615336744,22.5347640287522,22.5347640287522
1,0,0,1,1,1,1,0,0,1,1,1,1,1,0,1,0,1,0,1,0,1,1,1,0,0,1,1,1,1,0,1,1,1,1,1,1,1,1,1,0,1,1,1,0,0,1,0,1,1,0,1,0,1,1,1,0,0,1,0,0,1,1,0,0,1,1,1,1,1,0,1,0,1,0,1,1,1,0,0,22,-17.025703284467944,240.001,5.276042434412971e-08,5.276042434412971e-08,25.751213916998626,25.751213916998626,22.302541217888244,22.302541217888244
1,0,0,1,1,1,1,0,0,1,1,1,1,1,0,1,0,1,0,1,0,1,1,1,0,0,1,1,1,1,0,1,1,1,1,1,1,1,1,1,0,1,1,1,0,0,1,0,1,1,0,1,0,1,1,1,0,0,1,0,0,1,1,0,0,1,1,1,1,1,0,1,0,1,0,1,1,1,0,0,23,-17.026472892196526,240.001,5.276792105586817e-08,5.276792105586817e-08,25.74982726547322,25.74982726547322,22.172938502503847,22.172938502503847
1,0,0,1,1,1,1,0,0,1,1,1,1,1,0,1,0,1,0,1,0,1,1,1,0,0,1,1,1,1,0,1,1,1,1,1,1,1,1,1,0,1,1,1,0,0,1,0,1,1,0,1,0,1,1,1,0,0,1,0,0,1,1,0,0,1,1,1,1,1,0,1,0,1,0,1,1,1,0,0,24,-17.02568558446695,240.001,5.278799039849926e-08,5.278799039849926e-08,25.748963125217546,25.748963125217546,22.305567616765053,22.305567616765053
1,0,0,1,1,1,1,0,0,1,1,1,1,1,0,1,0,1,0,1,0,1,1,1,0,0,1,1,1,1,0,1,1,1,1,1,1,1,1,1,0,1,1,1,0,0,1,0,1,1,0,1,0,1,1,1,0,0,1,0,0,1,1,0,0,1,1,1,1,1,0,1,0,1,0,1,1,1,0,0,27,-17.026137945819656,240.001,5.28254690024254e-08,5.28254690024254e-08,25.74542843862899,25.74542843862899,22.228871918793295,22.228871918793295
1,0,0,1,1,1,1,0,0,1,1,1,1,1,0,1,0,1,0,1,0,1,1,1,0,0,1,1,1,1,0,1,1,1,1,1,1,1,1,1,0,1,1,1,0,0,1,0,1,1,0,1,0,1,1,1,0,0,1,0,0,1,1,0,0,1,1,1,1,1,0,1,0,1,0,1,1,1,0,0,28,-17.027357767715998,240.001,5.282931864184591e-08,5.282931864184591e-08,25.743892137527947,25.743892137527947,22.028525955196812,22.028525955196812
1,0,0,1,1,1,1,0,0,1,1,1,1,1,0,1,0,1,0,1,0,1,1,1,0,0,1,1,1,1,0,1,1,1,1,1,1,1,1,1,0,1,1,1,0,0,1,0,1,1,0,1,0,1,1,1,0,0,1,0,0,1,1,0,0,1,1,1,1,1,0,1,0,1,0,1,1,1,0,0,29,-17.027586566121045,240.001,5.2841177114819574e-08,5.2841177114819574e-08,25.74268859790284,25.74268859790284,21.991949576733433,21.991949576733433
1,0,0,1,1,1,1,0,0,1,1,1,1,1,0,1,0,1,0,1,0,1,1,1,0,0,1,1,1,1,0,1,1,1,1,1,1,1,1,1,0,1,1,1,0,0,1,0,1,1,0,1,0,1,1,1,0,0,1,0,0,1,1,0,0,1,1,1,1,1,0,1,0,1,0,1,1,1,0,0,30,-17.02692452069773,240.001,5.2860238773197735e-08,5.2860238773197735e-08,25.741784273931806,25.741784273931806,22.098636135773475,22.098636135773475
1,0,0,1,1,1,1,0,0,1,1,1,1,1,0,1,0,1,0,1,0,1,1,1,0,0,1,1,1,1,0,1,1,1,1,1,1,1,1,1,0,1,1,1,0,0,1,0,1,1,0,1,0,1,1,1,0,0,1,0,0,1,1,0,0,1,1,1,1,1,0,1,0,1,0,1,1,1,0,0,32,-17.027219052324213,240.001,5.288527384552024e-08,5.288527384552024e-08,25.739433372498688,25.739433372498688,22.05085138778869,22.05085138778869
1,0,0,1,1,1,1,0,0,1,1,1,1,1,0,1,0,1,0,1,0,1,1,1,0,0,1,1,1,1,0,1,1,1,1,1,1,1,1,1,0,1,1,1,0,0,1,0,1,1,0,1,0,1,1,1,0,0,1,0,0,1,1,0,0,1,1,1,1,1,0,1,0,1,0,1,1,1,0,0,33,-17.028240533224025,240.001,5.2890716279389545e-08,5.2890716279389545e-08,25.73796498129402,25.73796498129402,21.889061358099763,21.889061358099763
1,0,0,1,1,1,1,0,0,1,1,1,1,1,0,1,0,1,0,1,0,1,1,1,0,0,1,1,1,1,0,1,1,1,1,1,1,1,1,1,0,1,1,1,0,0,1,0,1,1,0,1,0,1,1,1,0,0,1,0,0,1,1,0,0,1,1,1,1,1,0,1,0,1,0,1,1,1,0,0,34,-17.028572922752275,240.001,5.2901732837420725e-08,5.2901732837420725e-08,25.736728098029257,25.736728098029257,21.83768059255421,21.83768059255421
1,0,0,1,1,1,1,0,0,1,1,1,1,1,0,1,0,1,0,1,0,1,1,1,0,0,1,1,1,1,0,1,1,1,1,1,1,1,1,1,0,1,1,1,0,0,1,0,1,1,0,1,0,1,1,1,0,0,1,0,0,1,1,0,0,1,1,1,1,1,0,1,0,1,0,1,1,1,0,0,35,-17.02870918652301,240.001,5.2914335325428024e-08,5.2914335325428024e-08,25.735557361683476,25.735557361683476,21.81679024663458,21.81679024663458
1,0,0,1,1,1,1,0,0,1,1,1,1,1,0,1,0,1,0,1,0,1,1,1,0,0,1,1,1,1,0,1,1,1,1,1,1,1,1,1,0,1,1,1,0,0,1,0,1,1,0,1,0,1,1,1,0,0,1,0,0,1,1,0,0,1,1,1,1,1,0,1,0,1,0,1,1,1,0,0,36,-17.02873921998009,240.001,5.2927797016802335e-08,5.2927797016802335e-08,25.734422600235174,25.734422600235174,21.812199268741253,21.812199268741253
1,0,0,1,1,1,1,0,0,1,1,1,1,1,0,1,0,1,0,1,0,1,1,1,0,0,1,1,1,1,0,1,1,1,1,1,1,1,1,1,0,1,1,1,0,0,1,0,1,1,0,1,0,1,1,1,0,0,1,0,0,1,1,0,0,1,1,1,1,1,0,1,0,1,0,1,1,1,0,0,37,-17.02868055593979,240.001,5.294197658650722e-08,5.294197658650722e-08,25.733317927714747,25.733317927714747,21.82117127171633,21.82117127171633
1,0,0,1,1,1,1,0,0,1,1,1,1,1,0,1,0,1,0,1,0,1,1,1,0,0,1,1,1,1,0,1,1,1,1,1,1,1,1,1,0,1,1,1,0,0,1,0,1,1,0,1,0,1,1,1,0,0,1,0,0,1,1,0,0,1,1,1,1,1,0,1,0,1,0,1,1,1,0,0,38,-17.02851256145123,240.001,5.2957041748588606e-08,5.2957041748588606e-08,25.732250270181613,25.732250270181613,21.84696647404854,21.84696647404854
1,0,0,1,1,1,1,0,0,1,1,1,1,1,0,1,0,1,0,1,0,1,1,1,0,0,1,1,1,1,0,1,1,1,1,1,1,1,1,1,0,1,1,1,0,0,1,0,1,1,0,1,0,1,1,1,0,0,1,0,0,1,1,0,0,1,1,1,1,1,0,1,0,1,0,1,1,1,0,0,39,-17.028141353064544,240.001,5.2973754072912566e-08,5.2973754072912566e-08,25.73125113668847,25.73125113668847,21.904510353833295,21.904510353833295
1,0,0,1,1,1,1,0,0,1,1,1,1,1,0,1,0,1,0,1,0,1,1,1,0,0,1,1,1,1,0,1,1,1,1,1,1,1,1,1,0,1,1,1,0,0,1,0,1,1,0,1,0,1,1,1,0,0,1,0,0,1,1,0,0,1,1,1,1,1,0,1,0,1,0,1,1,1,0,0,40,-17.02706758342824,240.001,5.299616451058065e-08,5.299616451058065e-08,25.7304880209725,25.7304880209725,22.075360399808233,22.075360399808233
1,0,0,1,1,1,1,0,0,1,1,1,1,1,0,1,0,1,0,1,0,1,1,1,0,0,1,1,1,1,0,1,1,1,1,1,1,1,1,1,0,1,1,1,0,0,1,0,1,1,0,1,0,1,1,1,0,0,1,0,0,1,1,0,0,1,1,1,1,1,0,1,0,1,0,1,1,1,0,0,42,-17.026563433545718,240.001,5.302766918992477e-08,5.302766918992477e-08,25.72841118348295,25.72841118348295,22.157940945039126,22.157940945039126
1,0,0,1,1,1,1,0,0,1,1,1,1,1,0,1,0,1,0,1,0,1,1,1,0,0,1,1,1,1,0,1,1,1,1,1,1,1,1,1,0,1,1,1,0,0,1,0,1,1,0,1,0,1,1,1,0,0,1,0,0,1,1,0,0,1,1,1,1,1,0,1,0,1,0,1,1,1,0,0,43,-17.02695188957016,240.001,5.303822498860594e-08,5.303822498860594e-08,25.72715829781881,25.72715829781881,22.09417372855057,22.09417372855057
1,0,0,1,1,1,1,0,0,1,1,1,1,1,0,1,0,1,0,1,0,1,1,1,0,0,1,1,1,1,0,1,1,1,1,1,1,1,1,1,0,1,1,1,0,0,1,0,1,1,0,1,0,1,1,1,0,0,1,0,0,1,1,0,0,1,1,1,1,1,0,1,0,1,0,1,1,1,0,0,44,-17.02583361571364,240.001,5.3061011592399486e-08,5.3061011592399486e-08,25.72641113008312,25.72641113008312,22.280321116600614,22.280321116600614
1,0,0,1,1,1,1,0,0,1,1,1,1,1,0,1,0,1,0,1,0,1,1,1,0,0,1,1,1,1,0,1,1,1,1,1,1,1,1,1,0,1,1,1,0,0,1,0,1,1,0,1,0,1,1,1,0,0,1,0,0,1,1,0,0,1,1,1,1,1,0,1,0,1,0,1,1,1,0,0,47,-17.024298103783927,240.001,5.311462123296196e-08,5.311462123296196e-08,25.723561008052936,25.723561008052936,22.54957567826038,22.54957567826038
1,0,0,1,1,1,1,0,0,1,1,1,1,1,0,1,0,1,0,1,0,1,1,1,0,0,1,1,1,1,0,1,1,1,1,1,1,1,1,1,0,1,1,1,0,0,1,0,1,1,0,1,0,1,1,1,0,0,1,0,0,1,1,0,0,1,1,1,1,1,0,1,0,1,0,1,1,1,0,0,49,-17.02533042450598,240.001,5.3133653742180846e-08,5.3133653742180846e-08,25.720972762997825,25.720972762997825,22.36674130365332,22.36674130365332
1,0,0,1,1,1,1,0,0,1,1,1,1,1,0,1,0,1,0,1,0,1,1,1,0,0,1,1,1,1,0,1,1,1,1,1,1,1,1,1,0,1,1,1,0,0,1,0,1,1,0,1,0,1,1,1,0,0,1,0,0,1,1,0,0,1,1,1,1,1,0,1,0,1,0,1,1,1,0,0,50,-17.02533290871701,240.001,5.314734521088998e-08,5.314734521088998e-08,25.71985133383878,25.71985133383878,22.366310427717373,22.366310427717373
1,0,0,1,1,1,1,0,0,1,1,1,1,1,0,1,0,1,0,1,0,1,1,1,0,0,1,1,1,1,0,1,1,1,1,1,1,1,1,1,0,1,1,1,0,0,1,0,1,1,0,1,0,1,1,1,0,0,1,0,0,1,1,0,0,1,1,1,1,1,0,1,0,1,0,1,1,1,0,0,52,-17.02448150069435,240.001,5.318169760614909e-08,5.318169760614909e-08,25.7178965365529,25.7178965365529,22.516530109046265,22.516530109046265
1,0,0,1,1,1,1,0,0,1,1,1,1,1,0,1,0,1,0,1,0,1,1,1,0,0,1,1,1,1,0,1,1,1,1,1,1,1,1,1,0,1,1,1,0,0,1,0,1,1,0,1,0,1,1,1,0,0,1,0,0,1,1,0,0,1,1,1,1,1,0,1,0,1,0,1,1,1,0,0,54,-17.02541361048678,240.001,5.320153534798509e-08,5.320153534798509e-08,25.71534473131159,25.71534473131159,22.352336112852846,22.352336112852846
1,0,0,1,1,1,1,0,0,1,1,1,1,1,0,1,0,1,0,1,0,1,1,1,0,0,1,1,1,1,0,1,1,1,1,1,1,1,1,1,0,1,1,1,0,0,1,0,1,1,0,1,0,1,1,1,0,0,1,0,0,1,1,0,0,1,1,1,1,1,0,1,0,1,0,1,1,1,0,0,55,-17.02597928162725,240.001,5.321064032296508e-08,5.321064032296508e-08,25.71403586694602,25.71403586694602,22.255619633239945,22.255619633239945
1,0,0,1,1,1,1,0,0,1,1,1,1,1,0,1,0,1,0,1,0,1,1,1,0,0,1,1,1,1,0,1,1,1,1,1,1,1,1,1,0,1,1,1,0,0,1,0,1,1,0,1,0,1,1,1,0,0,1,0,0,1,1,0,0,1,1,1,1,1,0,1,0,1,0,1,1,1,0,0,56,-17.024944309531122,240.001,5.3232781397285244e-08,5.3232781397285244e-08,25.71326410521418,25.71326410521418,22.434233373266185,22.434233373266185
1,0,0,1,1,1,1,0,0,1,1,1,1,1,0,1,0,1,0,1,0,1,1,1,0,0,1,1,1,1,0,1,1,1,1,1,1,1,1,1,0,1,1,1,0,0,1,0,1,1,0,1,0,1,1,1,0,0,1,0,0,1,1,0,0,1,1,1,1,1,0,1,0,1,0,1,1,1,0,0,59,-17.023139651803557,240.001,5.3288634472927066e-08,5.3288634472927066e-08,25.710514432796327,25.710514432796327,22.764298091991613,22.764298091991613
1,0,0,1,1,1,1,0,0,1,1,1,1,1,0,1,0,1,0,1,0,1,1,1,0,0,1,1,1,1,0,1,1,1,1,1,1,1,1,1,0,1,1,1,0,0,1,0,1,1,0,1,0,1,1,1,0,0,1,0,0,1,1,0,0,1,1,1,1,1,0,1,0,1,0,1,1,1,0,0,62,-17.024237171226254,240.001,5.332082594061745e-08,5.332082594061745e-08,25.70679414853588,25.70679414853588,22.56061045019287,22.56061045019287
1,0,0,1,1,1,1,0,0,1,1,1,1,1,0,1,0,1,0,1,0,1,1,1,0,0,1,1,1,1,0,1,1,1,1,1,1,1,1,1,0,1,1,1,0,0,1,0,1,1,0,1,0,1,1,1,0,0,1,0,0,1,1,0,0,1,1,1,1,1,0,1,0,1,0,1,1,1,0,0,63,-17.0243252659829,240.001,5.33338211140102e-08,5.33338211140102e-08,25.70564773475055,25.70564773475055,22.54466562574833,22.54466562574833
1,0,0,1,1,1,1,0,0,1,1,1,1,1,0,1,0,1,0,1,0,1,1,1,0,0,1,1,1,1,0,1,1,1,1,1,1,1,1,1,0,1,1,1,0,0,1,0,1,1,0,1,0,1,1,1,0,0,1,0,0,1,1,0,0,1,1,1,1,1,0,1,0,1,0,1,1,1,0,0,66,-17.025027095105994,240.001,5.336923201901261e-08,5.336923201901261e-08,25.702063371200413,25.702063371200413,22.41967454471488,22.41967454471488
1,0,0,1,1,1,1,0,0,1,1,1,1,1,0,1,0,1,0,1,0,1,1,1,0,0,1,1,1,1,0,1,1,1,1,1,1,1,1,1,0,1,1,1,0,0,1,0,1,1,0,1,0,1,1,1,0,0,1,0,0,1,1,0,0,1,1,1,1,1,0,1,0,1,0,1,1,1,0,0,67,-17.026207673327352,240.001,5.337330125664553e-08,5.337330125664553e-08,25.700551669593438,25.700551669593438,22.217168807685827,22.217168807685827
1,0,0,1,1,1,1,0,0,1,1,1,1,1,0,1,0,1,0,1,0,1,1,1,0,0,1,1,1,1,0,1,1,1,1,1,1,1,1,1,0,1,1,1,0,0,1,0,1,1,0,1,0,1,1,1,0,0,1,0,0,1,1,0,0,1,1,1,1,1,0,1,0,1,0,1,1,1,0,0,68,-17.026440370026396,240.001,5.338511062701042e-08,5.338511062701042e-08,25.6993581597248,25.6993581597248,22.178338169610466,22.178338169610466
1,0,0,1,1,1,1,0,0,1,1,1,1,1,0,1,0,1,0,1,0,1,1,1,0,0,1,1,1,1,0,1,1,1,1,1,1,1,1,1,0,1,1,1,0,0,1,0,1,1,0,1,0,1,1,1,0,0,1,0,0,1,1,0,0,1,1,1,1,1,0,1,0,1,0,1,1,1,0,0,69,-17.026210587248922,240.001,5.3400697258716535e-08,5.3400697258716535e-08,25.698320135792088,25.698320135792088,22.216680414909703,22.216680414909703
1,0,0,1,1,1,1,0,0,1,1,1,1,1,0,1,0,1,0,1,0,1,1,1,0,0,1,1,1,1,0,1,1,1,1,1,1,1,1,1,0,1,1,1,0,0,1,0,1,1,0,1,0,1,1,1,0,0,1,0,0,1,1,0,0,1,1,1,1,1,0,1,0,1,0,1,1,1,0,0,70,-17.025118610646533,240.001,5.342333318754097e-08,5.342333318754097e-08,25.697571579119845,25.697571579119845,22.40363672042662,22.40363672042662
1,0,0,1,1,1,1,0,0,1,1,1,1,1,0,1,0,1,0,1,0,1,1,1,0,0,1,1,1,1,0,1,1,1,1,1,1,1,1,1,0,1,1,1,0,0,1,0,1,1,0,1,0,1,1,1,0,0,1,0,0,1,1,0,0,1,1,1,1,1,0,1,0,1,0,1,1,1,0,0,72,-17.023513990665744,240.001,5.3463884207593373e-08,5.3463884207593373e-08,25.695880934144093,25.695880934144093,22.69375194074783,22.69375194074783
1,0,0,1,1,1,1,0,0,1,1,1,1,1,0,1,0,1,0,1,0,1,1,1,0,0,1,1,1,1,0,1,1,1,1,1,1,1,1,1,0,1,1,1,0,0,1,0,1,1,0,1,0,1,1,1,0,0,1,0,0,1,1,0,0,1,1,1,1,1,0,1,0,1,0,1,1,1,0,0,74,-17.023127038535787,240.001,5.349448293058036e-08,5.349448293058036e-08,25.693783020944736,25.693783020944736,22.766695095136807,22.766695095136807
1,0,0,1,1,1,1,0,0,1,1,1,1,1,0,1,0,1,0,1,0,1,1,1,0,0,1,1,1,1,0,1,1,1,1,1,1,1,1,1,0,1,1,1,0,0,1,0,1,1,0,1,0,1,1,1,0,0,1,0,0,1,1,0,0,1,1,1,1,1,0,1,0,1,0,1,1,1,0,0,76,-17.023793460522743,240.001,5.351645620510724e-08,5.351645620510724e-08,25.69133306690254,25.69133306690254,22.64181764616942,22.64181764616942
1,0,0,1,1,1,1,0,0,1,1,1,1,1,0,1,0,1,0,1,0,1,1,1,0,0,1,1,1,1,0,1,1,1,1,1,1,1,1,1,0,1,1,1,0,0,1,0,1,1,0,1,0,1,1,1,0,0,1,0,0,1,1,0,0,1,1,1,1,1,0,1,0,1,0,1,1,1,0,0,77,-17.02413907617809,240.001,5.3527339028214786e-08,5.3527339028214786e-08,25.690104382774308,25.690104382774308,22.578434066242387,22.578434066242387
1,0,0,1,1,1,1,0,0,1,1,1,1,1,0,1,0,1,0,1,0,1,1,1,0,0,1,1,1,1,0,1,1,1,1,1,1,1,1,1,0,1,1,1,0,0,1,0,1,1,0,1,0,1,1,1,0,0,1,0,0,1,1,0,0,1,1,1,1,1,0,1,0,1,0,1,1,1,0,0,78,-17.02278803531231,240.001,5.3552127138552104e-08,5.3552127138552104e-08,25.68944470391688,25.68944470391688,22.831616682013014,22.831616682013014
1,0,0,1,1,1,1,0,0,1,1,1,1,1,1,1,0,1,0,1,0,1,1,1,0,0,1,1,1,1,0,1,1,1,1,1,1,1,1,1,0,1,1,1,0,0,1,0,1,1,0,1,0,1,1,1,0,0,1,0,0,1,1,0,0,1,1,1,1,1,0,1,0,1,0,1,1,1,0,0,1,-17.02083731676524,240.001,5.251158205798373e-08,5.251158205798373e-08,25.77661165505812,25.77661165505812,23.22520894147508,23.22520894147508
1,0,0,1,1,1,1,0,0,1,1,1,1,1,1,1,0,1,0,1,0,1,1,1,0,0,1,1,1,1,0,1,1,1,1,1,1,1,1,1,0,1,1,1,0,0,1,0,1,1,0,1,0,1,1,1,0,0,1,0,0,1,1,0,0,1,1,1,1,1,0,1,0,1,0,1,1,1,0,0,4,-17.02374915071674,240.001,5.2529328813396957e-08,5.2529328813396957e-08,25.77223233230496,25.77223233230496,22.650010709890125,22.650010709890125
1,0,0,1,1,1,1,0,0,1,1,1,1,1,1,1,0,1,0,1,0,1,1,1,0,0,1,1,1,1,0,1,1,1,1,1,1,1,1,1,0,1,1,1,0,0,1,0,1,1,0,1,0,1,1,1,0,0,1,0,0,1,1,0,0,1,1,1,1,1,0,1,0,1,0,1,1,1,0,0,5,-17.025163649822243,240.001,5.2531670779998724e-08,5.2531670779998724e-08,25.770624211746004,25.770624211746004,22.3957653094382,22.3957653094382
1,0,0,1,1,1,1,0,0,1,1,1,1,1,1,1,0,1,0,1,0,1,1,1,0,0,1,1,1,1,0,1,1,1,1,1,1,1,1,1,0,1,1,1,0,0,1,0,1,1,0,1,0,1,1,1,0,0,1,0,0,1,1,0,0,1,1,1,1,1,0,1,0,1,0,1,1,1,0,0,6,-17.02545531412354,240.001,5.2543038360292374e-08,5.2543038360292374e-08,25.76939285844556,25.76939285844556,22.345132195178692,22.345132195178692
1,0,0,1,1,1,1,0,0,1,1,1,1,1,1,1,0,1,0,1,0,1,1,1,0,0,1,1,1,1,0,1,1,1,1,1,1,1,1,1,0,1,1,1,0,0,1,0,1,1,0,1,0,1,1,1,0,0,1,0,0,1,1,0,0,1,1,1,1,1,0,1,0,1,0,1,1,1,0,0,7,-17.02465408218477,240.001,5.2563195554260216e-08,5.2563195554260216e-08,25.768528317024906,25.768528317024906,22.485660040939518,22.485660040939518
1,0,0,1,1,1,1,0,0,1,1,1,1,1,1,1,0,1,0,1,0,1,1,1,0,0,1,1,1,1,0,1,1,1,1,1,1,1,1,1,0,1,1,1,0,0,1,0,1,1,0,1,0,1,1,1,0,0,1,0,0,1,1,0,0,1,1,1,1,1,0,1,0,1,0,1,1,1,0,0,10,-17.025364545598418,240.001,5.259861875320081e-08,5.259861875320081e-08,25.764892057681543,25.764892057681543,22.36082685793376,22.36082685793376
1,0,0,1,1,1,1,0,0,1,1,1,1,1,1,1,0,1,0,1,0,1,1,1,0,0,1,1,1,1,0,1,1,1,1,1,1,1,1,1,0,1,1,1,0,0,1,0,1,1,0,1,0,1,1,1,0,0,1,0,0,1,1,0,0,1,1,1,1,1,0,1,0,1,0,1,1,1,0,0,11,-17.02673214342592,240.001,5.260132228341025e-08,5.260132228341025e-08,25.763301241430092,25.763301241430092,22.130131892292837,22.130131892292837
1,0,0,1,1,1,1,0,0,1,1,1,1,1,1,1,0,1,0,1,0,1,1,1,0,0,1,1,1,1,0,1,1,1,1,1,1,1,1,1,0,1,1,1,0,0,1,0,1,1,0,1,0,1,1,1,0,0,1,0,0,1,1,0,0,1,1,1,1,1,0,1,0,1,0,1,1,1,0,0,12,-17.027232967690274,240.001,5.261100058106588e-08,5.261100058106588e-08,25.762001417359734,25.762001417359734,22.048606636999253,22.048606636999253
1,0,0,1,1,1,1,0,0,1,1,1,1,1,1,1,0,1,0,1,0,1,1,1,0,0,1,1,1,1,0,1,1,1,1,1,1,1,1,1,0,1,1,1,0,0,1,0,1,1,0,1,0,1,1,1,0,0,1,0,0,1,1,0,0,1,1,1,1,1,0,1,0,1,0,1,1,1,0,0,13,-17.027440654252754,240.001,5.2623036809642126e-08,5.2623036809642126e-08,25.760800275104398,25.760800275104398,22.015240083698224,22.015240083698224
1,0,0,1,1,1,1,0,0,1,1,1,1,1,1,1,0,1,0,1,0,1,1,1,0,0,1,1,1,1,0,1,1,1,1,1,1,1,1,1,0,1,1,1,0,0,1,0,1,1,0,1,0,1,1,1,0,0,1,0,0,1,1,0,0,1,1,1,1,1,0,1,0,1,0,1,1,1,0,0,14,-17.027444391318443,240.001,5.2636714152016174e-08,5.2636714152016174e-08,25.759667902582272,25.759667902582272,22.01464202048635,22.01464202048635
1,0,0,1,1,1,1,0,0,1,1,1,1,1,1,1,0,1,0,1,0,1,1,1,0,0,1,1,1,1,0,1,1,1,1,1,1,1,1,1,0,1,1,1,0,0,1,0,1,1,0,1,0,1,1,1,0,0,1,0,0,1,1,0,0,1,1,1,1,1,0,1,0,1,0,1,1,1,0,0,15,-17.027179170426873,240.001,5.26525575472217e-08,5.26525575472217e-08,25.758626114876808,25.758626114876808,22.05729131290804,22.05729131290804
1,0,0,1,1,1,1,0,0,1,1,1,1,1,1,1,0,1,0,1,0,1,1,1,0,0,1,1,1,1,0,1,1,1,1,1,1,1,1,1,0,1,1,1,0,0,1,0,1,1,0,1,0,1,1,1,0,0,1,0,0,1,1,0,0,1,1,1,1,1,0,1,0,1,0,1,1,1,0,0,16,-17.026136185040905,240.001,5.267467048998499e-08,5.267467048998499e-08,25.757845539662007,25.757845539662007,22.2291678552602,22.2291678552602
1,0,0,1,1,1,1,0,0,1,1,1,1,1,1,1,0,1,0,1,0,1,1,1,0,0,1,1,1,1,0,1,1,1,1,1,1,1,1,1,0,1,1,1,0,0,1,0,1,1,0,1,0,1,1,1,0,0,1,0,0,1,1,0,0,1,1,1,1,1,0,1,0,1,0,1,1,1,0,0,18,-17.02476451904805,240.001,5.2713152868082456e-08,5.2713152868082456e-08,25.756045551725876,25.756045551725876,22.466019808855833,22.466019808855833
1,0,0,1,1,1,1,0,0,1,1,1,1,1,1,1,0,1,0,1,0,1,1,1,0,0,1,1,1,1,0,1,1,1,1,1,1,1,1,1,0,1,1,1,0,0,1,0,1,1,0,1,0,1,1,1,0,0,1,0,0,1,1,0,0,1,1,1,1,1,0,1,0,1,0,1,1,1,0,0,20,-17.024748983788946,240.001,5.274070430903725e-08,5.274070430903725e-08,25.7537917647681,25.7537917647681,22.468777286649907,22.468777286649907
1,0,0,1,1,1,1,0,0,1,1,1,1,1,1,1,0,1,0,1,0,1,1,1,0,0,1,1,1,1,0,1,1,1,1,1,1,1,1,1,0,1,1,1,0,0,1,0,1,1,0,1,0,1,1,1,0,0,1,0,0,1,1,0,0,1,1,1,1,1,0,1,0,1,0,1,1,1,0,0,22,-17.025966449217623,240.001,5.2758301309164804e-08,5.2758301309164804e-08,25.751125512200712,25.751125512200712,22.257790104220266,22.257790104220266
1,0,0,1,1,1,1,0,0,1,1,1,1,1,1,1,0,1,0,1,0,1,1,1,0,0,1,1,1,1,0,1,1,1,1,1,1,1,1,1,0,1,1,1,0,0,1,0,1,1,0,1,0,1,1,1,0,0,1,0,0,1,1,0,0,1,1,1,1,1,0,1,0,1,0,1,1,1,0,0,23,-17.026703043079777,240.001,5.276606433893295e-08,5.276606433893295e-08,25.74974993018136,25.74974993018136,22.134915992706176,22.134915992706176
1,0,0,1,1,1,1,0,0,1,1,1,1,1,1,1,0,1,0,1,0,1,1,1,0,0,1,1,1,1,0,1,1,1,1,1,1,1,1,1,0,1,1,1,0,0,1,0,1,1,0,1,0,1,1,1,0,0,1,0,0,1,1,0,0,1,1,1,1,1,0,1,0,1,0,1,1,1,0,0,24,-17.02589019019885,240.001,5.278633901797732e-08,5.278633901797732e-08,25.74889438309041,25.74889438309041,22.270710830654977,22.270710830654977
1,0,0,1,1,1,1,0,0,1,1,1,1,1,1,1,0,1,0,1,0,1,1,1,0,0,1,1,1,1,0,1,1,1,1,1,1,1,1,1,0,1,1,1,0,0,1,0,1,1,0,1,0,1,1,1,0,0,1,0,0,1,1,0,0,1,1,1,1,1,0,1,0,1,0,1,1,1,0,0,27,-17.026291336962874,240.001,5.282423021326735e-08,5.282423021326735e-08,25.745376893359374,25.745376893359374,22.203167895551097,22.203167895551097
1,0,0,1,1,1,1,0,0,1,1,1,1,1,1,1,0,1,0,1,0,1,1,1,0,0,1,1,1,1,0,1,1,1,1,1,1,1,1,1,0,1,1,1,0,0,1,0,1,1,0,1,0,1,1,1,0,0,1,0,0,1,1,0,0,1,1,1,1,1,0,1,0,1,0,1,1,1,0,0,28,-17.027499281157667,240.001,5.282817589693668e-08,5.282817589693668e-08,25.74384456684168,25.74384456684168,22.005867113429638,22.005867113429638
1,0,0,1,1,1,1,0,0,1,1,1,1,1,1,1,0,1,0,1,0,1,1,1,0,0,1,1,1,1,0,1,1,1,1,1,1,1,1,1,0,1,1,1,0,0,1,0,1,1,0,1,0,1,1,1,0,0,1,0,0,1,1,0,0,1,1,1,1,1,0,1,0,1,0,1,1,1,0,0,29,-17.02771795008657,240.001,5.284011597967815e-08,5.284011597967815e-08,25.742644428073895,25.742644428073895,21.971083690392277,21.971083690392277
1,0,0,1,1,1,1,0,0,1,1,1,1,1,1,1,0,1,0,1,0,1,1,1,0,0,1,1,1,1,0,1,1,1,1,1,1,1,1,1,0,1,1,1,0,0,1,0,1,1,0,1,0,1,1,1,0,0,1,0,0,1,1,0,0,1,1,1,1,1,0,1,0,1,0,1,1,1,0,0,30,-17.027047168712592,240.001,5.285924776927465e-08,5.285924776927465e-08,25.741743046580147,25.741743046580147,22.078674218881076,22.078674218881076
1,0,0,1,1,1,1,0,0,1,1,1,1,1,1,1,0,1,0,1,0,1,1,1,0,0,1,1,1,1,0,1,1,1,1,1,1,1,1,1,0,1,1,1,0,0,1,0,1,1,0,1,0,1,1,1,0,0,1,0,0,1,1,0,0,1,1,1,1,1,0,1,0,1,0,1,1,1,0,0,32,-17.02732725042117,240.001,5.2884399232701574e-08,5.2884399232701574e-08,25.7393969983017,25.7393969983017,22.03342775925392,22.03342775925392
1,0,0,1,1,1,1,0,0,1,1,1,1,1,1,1,0,1,0,1,0,1,1,1,0,0,1,1,1,1,0,1,1,1,1,1,1,1,1,1,0,1,1,1,0,0,1,0,1,1,0,1,0,1,1,1,0,0,1,0,0,1,1,0,0,1,1,1,1,1,0,1,0,1,0,1,1,1,0,0,33,-17.028342675063154,240.001,5.288989065745014e-08,5.288989065745014e-08,25.737930633176784,25.737930633176784,21.87320789830949,21.87320789830949
1,0,0,1,1,1,1,0,0,1,1,1,1,1,1,1,0,1,0,1,0,1,1,1,0,0,1,1,1,1,0,1,1,1,1,1,1,1,1,1,0,1,1,1,0,0,1,0,1,1,0,1,0,1,1,1,0,0,1,0,0,1,1,0,0,1,1,1,1,1,0,1,0,1,0,1,1,1,0,0,34,-17.02866967186686,240.001,5.290095068612741e-08,5.290095068612741e-08,25.736695559760637,25.736695559760637,21.82283789486636,21.82283789486636
1,0,0,1,1,1,1,0,0,1,1,1,1,1,1,1,0,1,0,1,0,1,1,1,0,0,1,1,1,1,0,1,1,1,1,1,1,1,1,1,0,1,1,1,0,0,1,0,1,1,0,1,0,1,1,1,0,0,1,0,0,1,1,0,0,1,1,1,1,1,0,1,0,1,0,1,1,1,0,0,35,-17.02880108942145,240.001,5.2913592197587464e-08,5.2913592197587464e-08,25.735526451441334,25.735526451441334,21.80275694394391,21.80275694394391
1,0,0,1,1,1,1,0,0,1,1,1,1,1,1,1,0,1,0,1,0,1,1,1,0,0,1,1,1,1,0,1,1,1,1,1,1,1,1,1,0,1,1,1,0,0,1,0,1,1,0,1,0,1,1,1,0,0,1,0,0,1,1,0,0,1,1,1,1,1,0,1,0,1,0,1,1,1,0,0,36,-17.028826742033168,240.001,5.292708914330342e-08,5.292708914330342e-08,25.734393162521062,25.734393162521062,21.798847894114548,21.798847894114548
1,0,0,1,1,1,1,0,0,1,1,1,1,1,1,1,0,1,0,1,0,1,1,1,0,0,1,1,1,1,0,1,1,1,1,1,1,1,1,1,0,1,1,1,0,0,1,0,1,1,0,1,0,1,1,1,0,0,1,0,0,1,1,0,0,1,1,1,1,1,0,1,0,1,0,1,1,1,0,0,37,-17.028764098465018,240.001,5.2941300720368144e-08,5.2941300720368144e-08,25.733289828304272,25.733289828304272,21.808399938528026,21.808399938528026
1,0,0,1,1,1,1,0,0,1,1,1,1,1,1,1,0,1,0,1,0,1,1,1,0,0,1,1,1,1,0,1,1,1,1,1,1,1,1,1,0,1,1,1,0,0,1,0,1,1,0,1,0,1,1,1,0,0,1,0,0,1,1,0,0,1,1,1,1,1,0,1,0,1,0,1,1,1,0,0,38,-17.02859247402943,240.001,5.295639505765558e-08,5.295639505765558e-08,25.732223392291395,25.732223392291395,21.83467708120615,21.83467708120615
1,0,0,1,1,1,1,0,0,1,1,1,1,1,1,1,0,1,0,1,0,1,1,1,0,0,1,1,1,1,0,1,1,1,1,1,1,1,1,1,0,1,1,1,0,0,1,0,1,1,0,1,0,1,1,1,0,0,1,0,0,1,1,0,0,1,1,1,1,1,0,1,0,1,0,1,1,1,0,0,39,-17.02821794432138,240.001,5.297313404040147e-08,5.297313404040147e-08,25.73122537782567,25.73122537782567,21.89257516484277,21.89257516484277
1,0,0,1,1,1,1,0,0,1,1,1,1,1,1,1,0,1,0,1,0,1,1,1,0,0,1,1,1,1,0,1,1,1,1,1,1,1,1,1,0,1,1,1,0,0,1,0,1,1,0,1,0,1,1,1,0,0,1,0,0,1,1,0,0,1,1,1,1,1,0,1,0,1,0,1,1,1,0,0,40,-17.027141139046535,240.001,5.2995568723501015e-08,5.2995568723501015e-08,25.73046328935834,25.73046328935834,22.063441278656533,22.063441278656533
1,0,0,1,1,1,1,0,0,1,1,1,1,1,1,1,0,1,0,1,0,1,1,1,0,0,1,1,1,1,0,1,1,1,1,1,1,1,1,1,0,1,1,1,0,0,1,0,1,1,0,1,0,1,1,1,0,0,1,0,0,1,1,0,0,1,1,1,1,1,0,1,0,1,0,1,1,1,0,0,42,-17.026631551343122,240.001,5.3027117089708614e-08,5.3027117089708614e-08,25.728388282707005,25.728388282707005,22.14669153237721,22.14669153237721
1,0,0,1,1,1,1,0,0,1,1,1,1,1,1,1,0,1,0,1,0,1,1,1,0,0,1,1,1,1,0,1,1,1,1,1,1,1,1,1,0,1,1,1,0,0,1,0,1,1,0,1,0,1,1,1,0,0,1,0,0,1,1,0,0,1,1,1,1,1,0,1,0,1,0,1,1,1,0,0,43,-17.027017562991936,240.001,5.303769262548463e-08,5.303769262548463e-08,25.727136216264288,25.727136216264288,22.083484437158887,22.083484437158887
1,0,0,1,1,1,1,0,0,1,1,1,1,1,1,1,0,1,0,1,0,1,1,1,0,0,1,1,1,1,0,1,1,1,1,1,1,1,1,1,0,1,1,1,0,0,1,0,1,1,0,1,0,1,1,1,0,0,1,0,0,1,1,0,0,1,1,1,1,1,0,1,0,1,0,1,1,1,0,0,44,-17.025897050134745,240.001,5.306049708781879e-08,5.306049708781879e-08,25.726389807106354,25.726389807106354,22.269546971818084,22.269546971818084
1,0,0,1,1,1,1,0,0,1,1,1,1,1,1,1,0,1,0,1,0,1,1,1,0,0,1,1,1,1,0,1,1,1,1,1,1,1,1,1,0,1,1,1,0,0,1,0,1,1,0,1,0,1,1,1,0,0,1,0,0,1,1,0,0,1,1,1,1,1,0,1,0,1,0,1,1,1,0,0,47,-17.02435562322315,240.001,5.3114154143887384e-08,5.3114154143887384e-08,25.72354168056442,25.72354168056442,22.539184537285006,22.539184537285006
1,0,0,1,1,1,1,0,0,1,1,1,1,1,1,1,0,1,0,1,0,1,1,1,0,0,1,1,1,1,0,1,1,1,1,1,1,1,1,1,0,1,1,1,0,0,1,0,1,1,0,1,0,1,1,1,0,0,1,0,0,1,1,0,0,1,1,1,1,1,0,1,0,1,0,1,1,1,0,0,49,-17.025384537607483,240.001,5.3133214218933233e-08,5.3133214218933233e-08,25.72095457502045,25.72095457502045,22.357365221233533,22.357365221233533
1,0,0,1,1,1,1,0,0,1,1,1,1,1,1,1,0,1,0,1,0,1,1,1,0,0,1,1,1,1,0,1,1,1,1,1,1,1,1,1,0,1,1,1,0,0,1,0,1,1,0,1,0,1,1,1,0,0,1,0,0,1,1,0,0,1,1,1,1,1,0,1,0,1,0,1,1,1,0,0,50,-17.025385474601475,240.001,5.3146918147479904e-08,5.3146918147479904e-08,25.71983366565746,25.71983366565746,22.35720304704993,22.35720304704993
1,0,0,1,1,1,1,0,0,1,1,1,1,1,1,1,0,1,0,1,0,1,1,1,0,0,1,1,1,1,0,1,1,1,1,1,1,1,1,1,0,1,1,1,0,0,1,0,1,1,0,1,0,1,1,1,0,0,1,0,0,1,1,0,0,1,1,1,1,1,0,1,0,1,0,1,1,1,0,0,52,-17.02453124033545,240.001,5.318129320107811e-08,5.318129320107811e-08,25.717879821724182,25.717879821724182,22.507610655536112,22.507610655536112
1,0,0,1,1,1,1,0,0,1,1,1,1,1,1,1,0,1,0,1,0,1,1,1,0,0,1,1,1,1,0,1,1,1,1,1,1,1,1,1,0,1,1,1,0,0,1,0,1,1,0,1,0,1,1,1,0,0,1,0,0,1,1,0,0,1,1,1,1,1,0,1,0,1,0,1,1,1,0,0,54,-17.025460781506865,240.001,5.320115173251053e-08,5.320115173251053e-08,25.715328875681806,25.715328875681806,22.34418863551005,22.34418863551005
1,0,0,1,1,1,1,0,0,1,1,1,1,1,1,1,0,1,0,1,0,1,1,1,0,0,1,1,1,1,0,1,1,1,1,1,1,1,1,1,0,1,1,1,0,0,1,0,1,1,0,1,0,1,1,1,0,0,1,0,0,1,1,0,0,1,1,1,1,1,0,1,0,1,0,1,1,1,0,0,55,-17.02602526258283,240.001,5.32102663510553e-08,5.32102663510553e-08,25.714020408928437,25.714020408928437,22.2478512667386,22.2478512667386
1,0,0,1,1,1,1,0,0,1,1,1,1,1,1,1,0,1,0,1,0,1,1,1,0,0,1,1,1,1,0,1,1,1,1,1,1,1,1,1,0,1,1,1,0,0,1,0,1,1,0,1,0,1,1,1,0,0,1,0,0,1,1,0,0,1,1,1,1,1,0,1,0,1,0,1,1,1,0,0,56,-17.024989186093734,240.001,5.3232416208772634e-08,5.3232416208772634e-08,25.71324902230423,25.71324902230423,22.426335273209176,22.426335273209176
1,0,0,1,1,1,1,0,0,1,1,1,1,1,1,1,0,1,0,1,0,1,1,1,0,0,1,1,1,1,0,1,1,1,1,1,1,1,1,1,0,1,1,1,0,0,1,0,1,1,0,1,0,1,1,1,0,0,1,0,0,1,1,0,0,1,1,1,1,1,0,1,0,1,0,1,1,1,0,0,59,-17.023181496767734,240.001,5.3288293519587246e-08,5.3288293519587246e-08,25.71050037511348,25.71050037511348,22.756355360707005,22.756355360707005
1,0,0,1,1,1,1,0,0,1,1,1,1,1,1,1,0,1,0,1,0,1,1,1,0,0,1,1,1,1,0,1,1,1,1,1,1,1,1,1,0,1,1,1,0,0,1,0,1,1,0,1,0,1,1,1,0,0,1,0,0,1,1,0,0,1,1,1,1,1,0,1,0,1,0,1,1,1,0,0,62,-17.024276328022953,240.001,5.3320506744771566e-08,5.3320506744771566e-08,25.70678099010042,25.70678099010042,22.55351602674606,22.55351602674606
1,0,0,1,1,1,1,0,0,1,1,1,1,1,1,1,0,1,0,1,0,1,1,1,0,0,1,1,1,1,0,1,1,1,1,1,1,1,1,1,0,1,1,1,0,0,1,0,1,1,0,1,0,1,1,1,0,0,1,0,0,1,1,0,0,1,1,1,1,1,0,1,0,1,0,1,1,1,0,0,63,-17.0243636051851,240.001,5.333350851176434e-08,5.333350851176434e-08,25.705634850658342,25.705634850658342,22.537744512175756,22.537744512175756
1,0,0,1,1,1,1,0,0,1,1,1,1,1,1,1,0,1,0,1,0,1,1,1,0,0,1,1,1,1,0,1,1,1,1,1,1,1,1,1,0,1,1,1,0,0,1,0,1,1,0,1,0,1,1,1,0,0,1,0,0,1,1,0,0,1,1,1,1,1,0,1,0,1,0,1,1,1,0,0,66,-17.025063168778832,240.001,5.336893772175616e-08,5.336893772175616e-08,25.70205124616279,25.70205124616279,22.413345708601696,22.413345708601696
1,0,0,1,1,1,1,0,0,1,1,1,1,1,1,1,0,1,0,1,0,1,1,1,0,0,1,1,1,1,0,1,1,1,1,1,1,1,1,1,0,1,1,1,0,0,1,0,1,1,0,1,0,1,1,1,0,0,1,0,0,1,1,0,0,1,1,1,1,1,0,1,0,1,0,1,1,1,0,0,67,-17.026243036790593,240.001,5.33730127766881e-08,5.33730127766881e-08,25.700539779587764,25.700539779587764,22.211245340331438,22.211245340331438
1,0,0,1,1,1,1,0,0,1,1,1,1,1,1,1,0,1,0,1,0,1,1,1,0,0,1,1,1,1,0,1,1,1,1,1,1,1,1,1,0,1,1,1,0,0,1,0,1,1,0,1,0,1,1,1,0,0,1,0,0,1,1,0,0,1,1,1,1,1,0,1,0,1,0,1,1,1,0,0,68,-17.026475062734484,240.001,5.3384827565799155e-08,5.3384827565799155e-08,25.69934649445761,25.69934649445761,22.172578364771333,22.172578364771333
1,0,0,1,1,1,1,0,0,1,1,1,1,1,1,1,0,1,0,1,0,1,1,1,0,0,1,1,1,1,0,1,1,1,1,1,1,1,1,1,0,1,1,1,0,0,1,0,1,1,0,1,0,1,1,1,0,0,1,0,0,1,1,0,0,1,1,1,1,1,0,1,0,1,0,1,1,1,0,0,69,-17.0262446401031,240.001,5.340041932981912e-08,5.340041932981912e-08,25.698308686257114,25.698308686257114,22.21097697174358,22.21097697174358
1,0,0,1,1,1,1,0,0,1,1,1,1,1,1,1,0,1,0,1,0,1,1,1,0,0,1,1,1,1,0,1,1,1,1,1,1,1,1,1,0,1,1,1,0,0,1,0,1,1,0,1,0,1,1,1,0,0,1,0,0,1,1,0,0,1,1,1,1,1,0,1,0,1,0,1,1,1,0,0,70,-17.025152057999616,240.001,5.342306004727449e-08,5.342306004727449e-08,25.69756033622438,25.69756033622438,22.397789835006236,22.397789835006236
1,0,0,1,1,1,1,0,0,1,1,1,1,1,1,1,0,1,0,1,0,1,1,1,0,0,1,1,1,1,0,1,1,1,1,1,1,1,1,1,0,1,1,1,0,0,1,0,1,1,0,1,0,1,1,1,0,0,1,0,0,1,1,0,0,1,1,1,1,1,0,1,0,1,0,1,1,1,0,0,72,-17.023546283936824,240.001,5.346362023793838e-08,5.346362023793838e-08,25.695870083543937,25.695870083543937,22.687719173461602,22.687719173461602
1,0,0,1,1,1,1,0,0,1,1,1,1,1,1,1,0,1,0,1,0,1,1,1,0,0,1,1,1,1,0,1,1,1,1,1,1,1,1,1,0,1,1,1,0,0,1,0,1,1,0,1,0,1,1,1,0,0,1,0,0,1,1,0,0,1,1,1,1,1,0,1,0,1,0,1,1,1,0,0,74,-17.023158241395585,240.001,5.349422771629459e-08,5.349422771629459e-08,25.69377253768336,25.69377253768336,22.760767756052317,22.760767756052317
1,0,0,1,1,1,1,0,0,1,1,1,1,1,1,1,0,1,0,1,0,1,1,1,0,0,1,1,1,1,0,1,1,1,1,1,1,1,1,1,0,1,1,1,0,0,1,0,1,1,0,1,0,1,1,1,0,0,1,0,0,1,1,0,0,1,1,1,1,1,0,1,0,1,0,1,1,1,0,0,76,-17.023823632281587,240.001,5.351620934516783e-08,5.351620934516783e-08,25.69132292826329,25.69132292826329,22.636247549755346,22.636247549755346
1,0,0,1,1,1,1,0,0,1,1,1,1,1,1,1,0,1,0,1,0,1,1,1,0,0,1,1,1,1,0,1,1,1,1,1,1,1,1,1,0,1,1,1,0,0,1,0,1,1,0,1,0,1,1,1,0,0,1,0,0,1,1,0,0,1,1,1,1,1,0,1,0,1,0,1,1,1,0,0,77,-17.024168757053715,240.001,5.352709614687748e-08,5.352709614687748e-08,25.690094408139604,25.690094408139604,22.57303344838034,22.57303344838034
1,0,0,1,1,1,1,0,0,1,1,1,1,1,1,1,0,1,0,1,0,1,1,1,0,0,1,1,1,1,0,1,1,1,1,1,1,1,1,1,0,1,1,1,0,0,1,0,1,1,0,1,0,1,1,1,0,0,1,0,0,1,1,0,0,1,1,1,1,1,0,1,0,1,0,1,1,1,0,0,78,-17.02281725994117,240.001,5.3551887838931304e-08,5.3551887838931304e-08,25.689434885937686,25.689434885937686,22.825981769709998,22.825981769709998
1,0,0,1,1,1,1,0,0,1,1,1,1,1,1,1,0,1,0,1,0,1,1,1,0,1,1,1,1,1,0,1,1,1,1,1,1,1,1,1,0,1,1,1,0,0,1,0,1,1,0,1,0,1,1,1,0,0,1,0,0,1,1,0,0,1,1,1,1,1,0,1,0,1,0,1,1,1,0,0,1,-17.02091104461661,240.001,5.251098987048626e-08,5.251098987048626e-08,25.776586904061467,25.776586904061467,23.20966931138119,23.20966931138119
1,0,0,1,1,1,1,0,0,1,1,1,1,1,1,1,0,1,0,1,0,1,1,1,0,1,1,1,1,1,0,1,1,1,1,1,1,1,1,1,0,1,1,1,0,0,1,0,1,1,0,1,0,1,1,1,0,0,1,0,0,1,1,0,0,1,1,1,1,1,0,1,0,1,0,1,1,1,0,0,4,-17.02383284483575,240.001,5.252865658819028e-08,5.252865658819028e-08,25.77220421581705,25.77220421581705,22.63454820825701,22.63454820825701
1,0,0,1,1,1,1,0,0,1,1,1,1,1,1,1,0,1,0,1,0,1,1,1,0,1,1,1,1,1,0,1,1,1,1,1,1,1,1,1,0,1,1,1,0,0,1,0,1,1,0,1,0,1,1,1,0,0,1,0,0,1,1,0,0,1,1,1,1,1,0,1,0,1,0,1,1,1,0,0,5,-17.02525128574065,240.001,5.2530966982376634e-08,5.2530966982376634e-08,25.770594761197803,25.770594761197803,22.380489880129115,22.380489880129115
1,0,0,1,1,1,1,0,0,1,1,1,1,1,1,1,0,1,0,1,0,1,1,1,0,1,1,1,1,1,0,1,1,1,1,1,1,1,1,1,0,1,1,1,0,0,1,0,1,1,0,1,0,1,1,1,0,0,1,0,0,1,1,0,0,1,1,1,1,1,0,1,0,1,0,1,1,1,0,0,6,-17.02554732597673,240.001,5.254229927734783e-08,5.254229927734783e-08,25.769361935922564,25.769361935922564,22.32927989552014,22.32927989552014
1,0,0,1,1,1,1,0,0,1,1,1,1,1,1,1,0,1,0,1,0,1,1,1,0,1,1,1,1,1,0,1,1,1,1,1,1,1,1,1,0,1,1,1,0,0,1,0,1,1,0,1,0,1,1,1,0,0,1,0,0,1,1,0,0,1,1,1,1,1,0,1,0,1,0,1,1,1,0,0,7,-17.024750971607816,240.001,5.256241690139491e-08,5.256241690139491e-08,25.768495762949797,25.768495762949797,22.46842435558319,22.46842435558319
1,0,0,1,1,1,1,0,0,1,1,1,1,1,1,1,0,1,0,1,0,1,1,1,0,1,1,1,1,1,0,1,1,1,1,1,1,1,1,1,0,1,1,1,0,0,1,0,1,1,0,1,0,1,1,1,0,0,1,0,0,1,1,0,0,1,1,1,1,1,0,1,0,1,0,1,1,1,0,0,10,-17.02547958340653,240.001,5.2597693686626735e-08,5.2597693686626735e-08,25.764853401126576,25.764853401126576,22.34094536301587,22.34094536301587
1,0,0,1,1,1,1,0,0,1,1,1,1,1,1,1,0,1,0,1,0,1,1,1,0,1,1,1,1,1,0,1,1,1,1,1,1,1,1,1,0,1,1,1,0,0,1,0,1,1,0,1,0,1,1,1,0,0,1,0,0,1,1,0,0,1,1,1,1,1,0,1,0,1,0,1,1,1,0,0,11,-17.026854794629692,240.001,5.260033609929859e-08,5.260033609929859e-08,25.763260013718007,25.763260013718007,22.110025384899373,22.110025384899373
1,0,0,1,1,1,1,0,0,1,1,1,1,1,1,1,0,1,0,1,0,1,1,1,0,1,1,1,1,1,0,1,1,1,1,1,1,1,1,1,0,1,1,1,0,0,1,0,1,1,0,1,0,1,1,1,0,0,1,0,0,1,1,0,0,1,1,1,1,1,0,1,0,1,0,1,1,1,0,0,12,-17.02736436458133,240.001,5.260994392927057e-08,5.260994392927057e-08,25.761957246076875,25.761957246076875,22.027467063908674,22.027467063908674
1,0,0,1,1,1,1,0,0,1,1,1,1,1,1,1,0,1,0,1,0,1,1,1,0,1,1,1,1,1,0,1,1,1,1,1,1,1,1,1,0,1,1,1,0,0,1,0,1,1,0,1,0,1,1,1,0,0,1,0,0,1,1,0,0,1,1,1,1,1,0,1,0,1,0,1,1,1,0,0,13,-17.027582159452272,240.001,5.262189861536006e-08,5.262189861536006e-08,25.760752705350622,25.760752705350622,21.992651156216688,21.992651156216688
1,0,0,1,1,1,1,0,0,1,1,1,1,1,1,1,0,1,0,1,0,1,1,1,0,1,1,1,1,1,0,1,1,1,1,1,1,1,1,1,0,1,1,1,0,0,1,0,1,1,0,1,0,1,1,1,0,0,1,0,0,1,1,0,0,1,1,1,1,1,0,1,0,1,0,1,1,1,0,0,14,-17.02759770316909,240.001,5.2635480642022766e-08,5.2635480642022766e-08,25.759616366245012,25.759616366245012,21.990176964954333,21.990176964954333
1,0,0,1,1,1,1,0,0,1,1,1,1,1,1,1,0,1,0,1,0,1,1,1,0,1,1,1,1,1,0,1,1,1,1,1,1,1,1,1,0,1,1,1,0,0,1,0,1,1,0,1,0,1,1,1,0,0,1,0,0,1,1,0,0,1,1,1,1,1,0,1,0,1,0,1,1,1,0,0,15,-17.02734645512097,240.001,5.265121112908473e-08,5.265121112908473e-08,25.758569888309992,25.758569888309992,22.03034238603037,22.03034238603037
1,0,0,1,1,1,1,0,0,1,1,1,1,1,1,1,0,1,0,1,0,1,1,1,0,1,1,1,1,1,0,1,1,1,1,1,1,1,1,1,0,1,1,1,0,0,1,0,1,1,0,1,0,1,1,1,0,0,1,0,0,1,1,0,0,1,1,1,1,1,0,1,0,1,0,1,1,1,0,0,16,-17.026320295456674,240.001,5.267318778284965e-08,5.267318778284965e-08,25.757783677868616,25.757783677868616,22.1983321935135,22.1983321935135
1,0,0,1,1,1,1,0,0,1,1,1,1,1,1,1,0,1,0,1,0,1,1,1,0,1,1,1,1,1,0,1,1,1,1,1,1,1,1,1,0,1,1,1,0,0,1,0,1,1,0,1,0,1,1,1,0,0,1,0,0,1,1,0,0,1,1,1,1,1,0,1,0,1,0,1,1,1,0,0,18,-17.02499484069042,240.001,5.2711296238692465e-08,5.2711296238692465e-08,25.755968197237888,25.755968197237888,22.4253410986313,22.4253410986313
1,0,0,1,1,1,1,0,0,1,1,1,1,1,1,1,0,1,0,1,0,1,1,1,0,1,1,1,1,1,0,1,1,1,1,1,1,1,1,1,0,1,1,1,0,0,1,0,1,1,0,1,0,1,1,1,0,0,1,0,0,1,1,0,0,1,1,1,1,1,0,1,0,1,0,1,1,1,0,0,20,-17.025056223449486,240.001,5.273822620084305e-08,5.273822620084305e-08,25.753688590262428,25.753688590262428,22.41456349823632,22.41456349823632
1,0,0,1,1,1,1,0,0,1,1,1,1,1,1,1,0,1,0,1,0,1,1,1,0,1,1,1,1,1,0,1,1,1,1,1,1,1,1,1,0,1,1,1,0,0,1,0,1,1,0,1,0,1,1,1,0,0,1,0,0,1,1,0,0,1,1,1,1,1,0,1,0,1,0,1,1,1,0,0,22,-17.026427578254392,240.001,5.2754581032519786e-08,5.2754581032519786e-08,25.750970638776124,25.750970638776124,22.180463821791797,22.180463821791797
1,0,0,1,1,1,1,0,0,1,1,1,1,1,1,1,0,1,0,1,0,1,1,1,0,1,1,1,1,1,0,1,1,1,1,1,1,1,1,1,0,1,1,1,0,0,1,0,1,1,0,1,0,1,1,1,0,0,1,0,0,1,1,0,0,1,1,1,1,1,0,1,0,1,0,1,1,1,0,0,23,-17.027318551478846,240.001,5.2761097922534016e-08,5.2761097922534016e-08,25.74954320511205,25.74954320511205,22.03482602406655,22.03482602406655
1,0,0,1,1,1,1,0,0,1,1,1,1,1,1,1,0,1,0,1,0,1,1,1,0,1,1,1,1,1,0,1,1,1,1,1,1,1,1,1,0,1,1,1,0,0,1,0,1,1,0,1,0,1,1,1,0,0,1,0,0,1,1,0,0,1,1,1,1,1,0,1,0,1,0,1,1,1,0,0,24,-17.026816995898844,240.001,5.277885639568312e-08,5.277885639568312e-08,25.74858324651607,25.74858324651607,22.116211964970667,22.116211964970667
1,0,0,1,1,1,1,0,0,1,1,1,1,1,1,1,0,1,0,1,0,1,1,1,0,1,1,1,1,1,0,1,1,1,1,1,1,1,1,1,0,1,1,1,0,0,1,0,1,1,0,1,0,1,1,1,0,0,1,0,0,1,1,0,0,1,1,1,1,1,0,1,0,1,0,1,1,1,0,0,26,-17.027180128193933,240.001,5.2803341540084174e-08,5.2803341540084174e-08,25.746205804327737,25.746205804327737,22.05713654630333,22.05713654630333
1,0,0,1,1,1,1,0,0,1,1,1,1,1,1,1,0,1,0,1,0,1,1,1,0,1,1,1,1,1,0,1,1,1,1,1,1,1,1,1,0,1,1,1,0,0,1,0,1,1,0,1,0,1,1,1,0,0,1,0,0,1,1,0,0,1,1,1,1,1,0,1,0,1,0,1,1,1,0,0,27,-17.028176483255276,240.001,5.280899973545182e-08,5.280899973545182e-08,25.744744101562066,25.744744101562066,21.899031982230458,21.899031982230458
1,0,0,1,1,1,1,0,0,1,1,1,1,1,1,1,0,1,0,1,0,1,1,1,0,1,1,1,1,1,0,1,1,1,1,1,1,1,1,1,0,1,1,1,0,0,1,0,1,1,0,1,0,1,1,1,0,0,1,0,0,1,1,0,0,1,1,1,1,1,0,1,0,1,0,1,1,1,0,0,28,-17.028425366584123,240.001,5.282069511917816e-08,5.282069511917816e-08,25.743533511273103,25.743533511273103,21.860415311119368,21.860415311119368
1,0,0,1,1,1,1,0,0,1,1,1,1,1,1,1,0,1,0,1,0,1,1,1,0,1,1,1,1,1,0,1,1,1,1,1,1,1,1,1,0,1,1,1,0,0,1,0,1,1,0,1,0,1,1,1,0,0,1,0,0,1,1,0,0,1,1,1,1,1,0,1,0,1,0,1,1,1,0,0,29,-17.02833316429464,240.001,5.283514576959527e-08,5.283514576959527e-08,25.742437736121417,25.742437736121417,21.87468164172685,21.87468164172685
1,0,0,1,1,1,1,0,0,1,1,1,1,1,1,1,0,1,0,1,0,1,1,1,0,1,1,1,1,1,0,1,1,1,1,1,1,1,1,1,0,1,1,1,0,0,1,0,1,1,0,1,0,1,1,1,0,0,1,0,0,1,1,0,0,1,1,1,1,1,0,1,0,1,0,1,1,1,0,0,30,-17.02750808652947,240.001,5.285552265552172e-08,5.285552265552172e-08,25.741588196939272,25.741588196939272,22.0044610902664,22.0044610902664
1,0,0,1,1,1,1,0,0,1,1,1,1,1,1,1,0,1,0,1,0,1,1,1,0,1,1,1,1,1,0,1,1,1,1,1,1,1,1,1,0,1,1,1,0,0,1,0,1,1,0,1,0,1,1,1,0,0,1,0,0,1,1,0,0,1,1,1,1,1,0,1,0,1,0,1,1,1,0,0,32,-17.027634191231876,240.001,5.288191760195403e-08,5.288191760195403e-08,25.73929385744777,25.73929385744777,21.984374427685395,21.984374427685395
1,0,0,1,1,1,1,0,0,1,1,1,1,1,1,1,0,1,0,1,0,1,1,1,0,1,1,1,1,1,0,1,1,1,1,1,1,1,1,1,0,1,1,1,0,0,1,0,1,1,0,1,0,1,1,1,0,0,1,0,0,1,1,0,0,1,1,1,1,1,0,1,0,1,0,1,1,1,0,0,33,-17.028605588076722,240.001,5.2887765132900566e-08,5.2887765132900566e-08,25.737842256756274,25.737842256756274,21.832663627354375,21.832663627354375
1,0,0,1,1,1,1,0,0,1,1,1,1,1,1,1,0,1,0,1,0,1,1,1,0,1,1,1,1,1,0,1,1,1,1,1,1,1,1,1,0,1,1,1,0,0,1,0,1,1,0,1,0,1,1,1,0,0,1,0,0,1,1,0,0,1,1,1,1,1,0,1,0,1,0,1,1,1,0,0,34,-17.028899642414515,240.001,5.289909123711395e-08,5.289909123711395e-08,25.73661824481336,25.73661824481336,21.787758079146954,21.787758079146954
1,0,0,1,1,1,1,0,0,1,1,1,1,1,1,1,0,1,0,1,0,1,1,1,0,1,1,1,1,1,0,1,1,1,1,1,1,1,1,1,0,1,1,1,0,0,1,0,1,1,0,1,0,1,1,1,0,0,1,0,0,1,1,0,0,1,1,1,1,1,0,1,0,1,0,1,1,1,0,0,35,-17.029005463028074,240.001,5.2911939397082694e-08,5.2911939397082694e-08,25.735457735483326,25.735457735483326,21.77171023495337,21.77171023495337
1,0,0,1,1,1,1,0,0,1,1,1,1,1,1,1,0,1,0,1,0,1,1,1,0,1,1,1,1,1,0,1,1,1,1,1,1,1,1,1,0,1,1,1,0,0,1,0,1,1,0,1,0,1,1,1,0,0,1,0,0,1,1,0,0,1,1,1,1,1,0,1,0,1,0,1,1,1,0,0,36,-17.029010651334612,240.001,5.292560150574167e-08,5.292560150574167e-08,25.734331323387174,25.734331323387174,21.770924933880288,21.770924933880288
1,0,0,1,1,1,1,0,0,1,1,1,1,1,1,1,0,1,0,1,0,1,1,1,0,1,1,1,1,1,0,1,1,1,1,1,1,1,1,1,0,1,1,1,0,0,1,0,1,1,0,1,0,1,1,1,0,0,1,0,0,1,1,0,0,1,1,1,1,1,0,1,0,1,0,1,1,1,0,0,37,-17.028931273614667,240.001,5.2939948103353855e-08,5.2939948103353855e-08,25.733233614087176,25.733233614087176,21.78295498778968,21.78295498778968
1,0,0,1,1,1,1,0,0,1,1,1,1,1,1,1,0,1,0,1,0,1,1,1,0,1,1,1,1,1,0,1,1,1,1,1,1,1,1,1,0,1,1,1,0,0,1,0,1,1,0,1,0,1,1,1,0,0,1,0,0,1,1,0,0,1,1,1,1,1,0,1,0,1,0,1,1,1,0,0,38,-17.02874571296246,240.001,5.295515484498689e-08,5.295515484498689e-08,25.73217186417629,25.73217186417629,21.811207371227116,21.811207371227116
1,0,0,1,1,1,1,0,0,1,1,1,1,1,1,1,0,1,0,1,0,1,1,1,0,1,1,1,1,1,0,1,1,1,1,1,1,1,1,1,0,1,1,1,0,0,1,0,1,1,0,1,0,1,1,1,0,0,1,0,0,1,1,0,0,1,1,1,1,1,0,1,0,1,0,1,1,1,0,0,39,-17.02835940384691,240.001,5.297198876806347e-08,5.297198876806347e-08,25.731177813223,25.731177813223,21.870616890605483,21.870616890605483
1,0,0,1,1,1,1,0,0,1,1,1,1,1,1,1,0,1,0,1,0,1,1,1,0,1,1,1,1,1,0,1,1,1,1,1,1,1,1,1,0,1,1,1,0,0,1,0,1,1,0,1,0,1,1,1,0,0,1,0,0,1,1,0,0,1,1,1,1,1,0,1,0,1,0,1,1,1,0,0,40,-17.027272538635053,240.001,5.2994504318665355e-08,5.2994504318665355e-08,25.730419117777764,25.730419117777764,22.04222956286468,22.04222956286468
1,0,0,1,1,1,1,0,0,1,1,1,1,1,1,1,0,1,0,1,0,1,1,1,0,1,1,1,1,1,0,1,1,1,1,1,1,1,1,1,0,1,1,1,0,0,1,0,1,1,0,1,0,1,1,1,0,0,1,0,0,1,1,0,0,1,1,1,1,1,0,1,0,1,0,1,1,1,0,0,42,-17.026746537990373,240.001,5.302618504128877e-08,5.302618504128877e-08,25.72834963191681,25.72834963191681,22.127767359073015,22.127767359073015
1,0,0,1,1,1,1,0,0,1,1,1,1,1,1,1,0,1,0,1,0,1,1,1,0,1,1,1,1,1,0,1,1,1,1,1,1,1,1,1,0,1,1,1,0,0,1,0,1,1,0,1,0,1,1,1,0,0,1,0,0,1,1,0,0,1,1,1,1,1,0,1,0,1,0,1,1,1,0,0,43,-17.027125763517315,240.001,5.303681546567722e-08,5.303681546567722e-08,25.727099841792302,25.727099841792302,22.06593007855288,22.06593007855288
1,0,0,1,1,1,1,0,0,1,1,1,1,1,1,1,0,1,0,1,0,1,1,1,0,1,1,1,1,1,0,1,1,1,1,1,1,1,1,1,0,1,1,1,0,0,1,0,1,1,0,1,0,1,1,1,0,0,1,0,0,1,1,0,0,1,1,1,1,1,0,1,0,1,0,1,1,1,0,0,44,-17.02599927818126,240.001,5.3059667881011134e-08,5.3059667881011134e-08,25.72635544927867,25.72635544927867,22.252239568353044,22.252239568353044
1,0,0,1,1,1,1,0,0,1,1,1,1,1,1,1,0,1,0,1,0,1,1,1,0,1,1,1,1,1,0,1,1,1,1,1,1,1,1,1,0,1,1,1,0,0,1,0,1,1,0,1,0,1,1,1,0,0,1,0,0,1,1,0,0,1,1,1,1,1,0,1,0,1,0,1,1,1,0,0,47,-17.0244432925371,240.001,5.3113442179856265e-08,5.3113442179856265e-08,25.723512226264408,25.723512226264408,22.523394096757748,22.523394096757748
1,0,0,1,1,1,1,0,0,1,1,1,1,1,1,1,0,1,0,1,0,1,1,1,0,1,1,1,1,1,0,1,1,1,1,1,1,1,1,1,0,1,1,1,0,0,1,0,1,1,0,1,0,1,1,1,0,0,1,0,0,1,1,0,0,1,1,1,1,1,0,1,0,1,0,1,1,1,0,0,49,-17.025464547876943,240.001,5.313256431612193e-08,5.313256431612193e-08,25.720927686124327,25.720927686124327,22.343538754830064,22.343538754830064
1,0,0,1,1,1,1,0,0,1,1,1,1,1,1,1,0,1,0,1,0,1,1,1,0,1,1,1,1,1,0,1,1,1,1,1,1,1,1,1,0,1,1,1,0,0,1,0,1,1,0,1,0,1,1,1,0,0,1,0,0,1,1,0,0,1,1,1,1,1,0,1,0,1,0,1,1,1,0,0,50,-17.025462148382346,240.001,5.314629519205208e-08,5.314629519205208e-08,25.719807897498175,25.719807897498175,22.343952772319255,22.343952772319255
1,0,0,1,1,1,1,0,0,1,1,1,1,1,1,1,0,1,0,1,0,1,1,1,0,1,1,1,1,1,0,1,1,1,1,1,1,1,1,1,0,1,1,1,0,0,1,0,1,1,0,1,0,1,1,1,0,0,1,0,0,1,1,0,0,1,1,1,1,1,0,1,0,1,0,1,1,1,0,0,52,-17.024602036448325,240.001,5.318071757121481e-08,5.318071757121481e-08,25.71785603353668,25.71785603353668,22.494946629718278,22.494946629718278
1,0,0,1,1,1,1,0,0,1,1,1,1,1,1,1,0,1,0,1,0,1,1,1,0,1,1,1,1,1,0,1,1,1,1,1,1,1,1,1,0,1,1,1,0,0,1,0,1,1,0,1,0,1,1,1,0,0,1,0,0,1,1,0,0,1,1,1,1,1,0,1,0,1,0,1,1,1,0,0,54,-17.025526494865982,240.001,5.320061729988493e-08,5.320061729988493e-08,25.715306789631217,25.715306789631217,22.33286375761075,22.33286375761075
1,0,0,1,1,1,1,0,0,1,1,1,1,1,1,1,0,1,0,1,0,1,1,1,0,1,1,1,1,1,0,1,1,1,1,1,1,1,1,1,0,1,1,1,0,0,1,0,1,1,0,1,0,1,1,1,0,0,1,0,0,1,1,0,0,1,1,1,1,1,0,1,0,1,0,1,1,1,0,0,55,-17.02608869446925,240.001,5.320975042679201e-08,5.320975042679201e-08,25.713999086236775,25.713999086236775,22.23715723077609,22.23715723077609
1,0,0,1,1,1,1,0,0,1,1,1,1,1,1,1,0,1,0,1,0,1,1,1,0,1,1,1,1,1,0,1,1,1,1,1,1,1,1,1,0,1,1,1,0,0,1,0,1,1,0,1,0,1,1,1,0,0,1,0,0,1,1,0,0,1,1,1,1,1,0,1,0,1,0,1,1,1,0,0,56,-17.02505052639419,240.001,5.323191702588343e-08,5.323191702588343e-08,25.713228407825774,25.713228407825774,22.415562669833218,22.415562669833218
1,0,0,1,1,1,1,0,0,1,1,1,1,1,1,1,0,1,0,1,0,1,1,1,0,1,1,1,1,1,0,1,1,1,1,1,1,1,1,1,0,1,1,1,0,0,1,0,1,1,0,1,0,1,1,1,0,0,1,0,0,1,1,0,0,1,1,1,1,1,0,1,0,1,0,1,1,1,0,0,59,-17.0232372974386,240.001,5.328783883944408e-08,5.328783883944408e-08,25.710481630596334,25.710481630596334,22.745786082612327,22.745786082612327
1,0,0,1,1,1,1,0,0,1,1,1,1,1,1,1,0,1,0,1,0,1,1,1,0,1,1,1,1,1,0,1,1,1,1,1,1,1,1,1,0,1,1,1,0,0,1,0,1,1,0,1,0,1,1,1,0,0,1,0,0,1,1,0,0,1,1,1,1,1,0,1,0,1,0,1,1,1,0,0,62,-17.024327455556094,240.001,5.332008995358787e-08,5.332008995358787e-08,25.706763810260146,25.706763810260146,22.54427006163087,22.54427006163087
1,0,0,1,1,1,1,0,0,1,1,1,1,1,1,1,0,1,0,1,0,1,1,1,0,1,1,1,1,1,0,1,1,1,1,1,1,1,1,1,0,1,1,1,0,0,1,0,1,1,0,1,0,1,1,1,0,0,1,0,0,1,1,0,0,1,1,1,1,1,0,1,0,1,0,1,1,1,0,0,63,-17.02441334822175,240.001,5.333310291526877e-08,5.333310291526877e-08,25.70561813544878,25.70561813544878,22.52878105922598,22.52878105922598
1,0,0,1,1,1,1,0,0,1,1,1,1,1,1,1,0,1,0,1,0,1,1,1,0,1,1,1,1,1,0,1,1,1,1,1,1,1,1,1,0,1,1,1,0,0,1,0,1,1,0,1,0,1,1,1,0,0,1,0,0,1,1,0,0,1,1,1,1,1,0,1,0,1,0,1,1,1,0,0,66,-17.025109167540453,240.001,5.336856244309408e-08,5.336856244309408e-08,25.702035786143757,25.702035786143757,22.405288874457774,22.405288874457774
1,0,0,1,1,1,1,0,0,1,1,1,1,1,1,1,0,1,0,1,0,1,1,1,0,1,1,1,1,1,0,1,1,1,1,1,1,1,1,1,0,1,1,1,0,0,1,0,1,1,0,1,0,1,1,1,0,0,1,0,0,1,1,0,0,1,1,1,1,1,0,1,0,1,0,1,1,1,0,0,67,-17.026287892501628,240.001,5.3372646853538376e-08,5.3372646853538376e-08,25.70052469902736,25.70052469902736,22.203743433322586,22.203743433322586
1,0,0,1,1,1,1,0,0,1,1,1,1,1,1,1,0,1,0,1,0,1,1,1,0,1,1,1,1,1,0,1,1,1,1,1,1,1,1,1,0,1,1,1,0,0,1,0,1,1,0,1,0,1,1,1,0,0,1,0,0,1,1,0,0,1,1,1,1,1,0,1,0,1,0,1,1,1,0,0,68,-17.026518845806,240.001,5.338447032661147e-08,5.338447032661147e-08,25.699331773487472,25.699331773487472,22.165320167013732,22.165320167013732
1,0,0,1,1,1,1,0,0,1,1,1,1,1,1,1,0,1,0,1,0,1,1,1,0,1,1,1,1,1,0,1,1,1,1,1,1,1,1,1,0,1,1,1,0,0,1,0,1,1,0,1,0,1,1,1,0,0,1,0,0,1,1,0,0,1,1,1,1,1,0,1,0,1,0,1,1,1,0,0,69,-17.026287408042947,240.001,5.3400070262919216e-08,5.3400070262919216e-08,25.698294307293583,25.698294307293583,22.203824387990466,22.203824387990466
1,0,0,1,1,1,1,0,0,1,1,1,1,1,1,1,0,1,0,1,0,1,1,1,0,1,1,1,1,1,0,1,1,1,1,1,1,1,1,1,0,1,1,1,0,0,1,0,1,1,0,1,0,1,1,1,0,0,1,0,0,1,1,0,0,1,1,1,1,1,0,1,0,1,0,1,1,1,0,0,70,-17.025193870814853,240.001,5.342271858479297e-08,5.342271858479297e-08,25.69754628216075,25.69754628216075,22.39049158517739,22.39049158517739
1,0,0,1,1,1,1,0,0,1,1,1,1,1,1,1,0,1,0,1,0,1,1,1,0,1,1,1,1,1,0,1,1,1,1,1,1,1,1,1,0,1,1,1,0,0,1,0,1,1,0,1,0,1,1,1,0,0,1,0,0,1,1,0,0,1,1,1,1,1,0,1,0,1,0,1,1,1,0,0,72,-17.02358630276049,240.001,5.346329311179802e-08,5.346329311179802e-08,25.6958566378389,25.6958566378389,22.68025472730807,22.68025472730807
1,0,0,1,1,1,1,0,0,1,1,1,1,1,1,1,0,1,0,1,0,1,1,1,0,1,1,1,1,1,0,1,1,1,1,1,1,1,1,1,0,1,1,1,0,0,1,0,1,1,0,1,0,1,1,1,0,0,1,0,0,1,1,0,0,1,1,1,1,1,0,1,0,1,0,1,1,1,0,0,74,-17.023196597830637,240.001,5.3493913985469674e-08,5.3493913985469674e-08,25.69375965165351,25.69375965165351,22.75349252247969,22.75349252247969
1,0,0,1,1,1,1,0,0,1,1,1,1,1,1,1,0,1,0,1,0,1,1,1,0,1,1,1,1,1,0,1,1,1,1,1,1,1,1,1,0,1,1,1,0,0,1,0,1,1,0,1,0,1,1,1,0,0,1,0,0,1,1,0,0,1,1,1,1,1,0,1,0,1,0,1,1,1,0,0,76,-17.0238604444593,240.001,5.351590814907237e-08,5.351590814907237e-08,25.691310558805263,25.691310558805263,22.629461155211473,22.629461155211473
1,0,0,1,1,1,1,0,0,1,1,1,1,1,1,1,0,1,0,1,0,1,1,1,0,1,1,1,1,1,0,1,1,1,1,1,1,1,1,1,0,1,1,1,0,0,1,0,1,1,0,1,0,1,1,1,0,0,1,0,0,1,1,0,0,1,1,1,1,1,0,1,0,1,0,1,1,1,0,0,77,-17.02420484215045,240.001,5.352680085415705e-08,5.352680085415705e-08,25.690082281815528,25.690082281815528,22.566476526472616,22.566476526472616
1,0,0,1,1,1,1,0,0,1,1,1,1,1,1,1,0,1,0,1,0,1,1,1,0,1,1,1,1,1,0,1,1,1,1,1,1,1,1,1,0,1,1,1,0,0,1,0,1,1,0,1,0,1,1,1,0,0,1,0,0,1,1,0,0,1,1,1,1,1,0,1,0,1,0,1,1,1,0,0,78,-17.0228526690098,240.001,5.355159789465784e-08,5.355159789465784e-08,25.689422990799933,25.689422990799933,22.819164142485583,22.819164142485583
1,0,0,1,1,1,1,0,0,1,1,1,1,1,1,1,0,1,0,1,0,1,1,1,0,1,1,1,1,1,0,1,1,1,1,1,1,1,1,1,0,1,1,1,0,0,1,0,1,1,0,1,0,1,1,1,0,0,1,0,0,1,1,0,0,1,1,1,1,1,1,1,0,1,0,1,1,1,0,0,1,-17.020937368000943,240.001,5.251077846010396e-08,5.251077846010396e-08,25.77657806550222,25.77657806550222,23.204134506606906,23.204134506606906
1,0,0,1,1,1,1,0,0,1,1,1,1,1,1,1,0,1,0,1,0,1,1,1,0,1,1,1,1,1,0,1,1,1,1,1,1,1,1,1,0,1,1,1,0,0,1,0,1,1,0,1,0,1,1,1,0,0,1,0,0,1,1,0,0,1,1,1,1,1,1,1,0,1,0,1,1,1,0,0,4,-17.023860316372524,240.001,5.252843596489514e-08,5.252843596489514e-08,25.772194984929687,25.772194984929687,22.629484749974974,22.629484749974974
1,0,0,1,1,1,1,0,0,1,1,1,1,1,1,1,0,1,0,1,0,1,1,1,0,1,1,1,1,1,0,1,1,1,1,1,1,1,1,1,0,1,1,1,0,0,1,0,1,1,0,1,0,1,1,1,0,0,1,0,0,1,1,0,0,1,1,1,1,1,1,1,0,1,0,1,1,1,0,0,5,-17.025279158599087,240.001,5.25307431665645e-08,5.25307431665645e-08,25.770585392125763,25.770585392125763,22.375642661196053,22.375642661196053
1,0,0,1,1,1,1,0,0,1,1,1,1,1,1,1,0,1,0,1,0,1,1,1,0,1,1,1,1,1,0,1,1,1,1,1,1,1,1,1,0,1,1,1,0,0,1,0,1,1,0,1,0,1,1,1,0,0,1,0,0,1,1,0,0,1,1,1,1,1,1,1,0,1,0,1,1,1,0,0,6,-17.025575624717455,240.001,5.2542072000673396e-08,5.2542072000673396e-08,25.769352423040175,25.769352423040175,22.324415979938237,22.324415979938237
1,0,0,1,1,1,1,0,0,1,1,1,1,1,1,1,0,1,0,1,0,1,1,1,0,1,1,1,1,1,0,1,1,1,1,1,1,1,1,1,0,1,1,1,0,0,1,0,1,1,0,1,0,1,1,1,0,0,1,0,0,1,1,0,0,1,1,1,1,1,1,1,0,1,0,1,1,1,0,0,7,-17.024779721611353,240.001,5.256218588747002e-08,5.256218588747002e-08,25.768486100404413,25.768486100404413,22.46332306828272,22.46332306828272
1,0,0,1,1,1,1,0,0,1,1,1,1,1,1,1,0,1,0,1,0,1,1,1,0,1,1,1,1,1,0,1,1,1,1,1,1,1,1,1,0,1,1,1,0,0,1,0,1,1,0,1,0,1,1,1,0,0,1,0,0,1,1,0,0,1,1,1,1,1,1,1,0,1,0,1,1,1,0,0,10,-17.02550973930926,240.001,5.259745123511478e-08,5.259745123511478e-08,25.76484326427584,25.76484326427584,22.335748581347843,22.335748581347843
1,0,0,1,1,1,1,0,0,1,1,1,1,1,1,1,0,1,0,1,0,1,1,1,0,1,1,1,1,1,0,1,1,1,1,1,1,1,1,1,0,1,1,1,0,0,1,0,1,1,0,1,0,1,1,1,0,0,1,0,0,1,1,0,0,1,1,1,1,1,1,1,0,1,0,1,1,1,0,0,11,-17.02688543727428,240.001,5.260008976499212e-08,5.260008976499212e-08,25.763249709704013,25.763249709704013,22.105016473790783,22.105016473790783
1,0,0,1,1,1,1,0,0,1,1,1,1,1,1,1,0,1,0,1,0,1,1,1,0,1,1,1,1,1,0,1,1,1,1,1,1,1,1,1,0,1,1,1,0,0,1,0,1,1,0,1,0,1,1,1,0,0,1,0,0,1,1,0,0,1,1,1,1,1,1,1,0,1,0,1,1,1,0,0,12,-17.027395520841402,240.001,5.260969343589434e-08,5.260969343589434e-08,25.76194676806542,25.76194676806542,22.022469502733482,22.022469502733482
1,0,0,1,1,1,1,0,0,1,1,1,1,1,1,1,0,1,0,1,0,1,1,1,0,1,1,1,1,1,0,1,1,1,1,1,1,1,1,1,0,1,1,1,0,0,1,0,1,1,0,1,0,1,1,1,0,0,1,0,0,1,1,0,0,1,1,1,1,1,1,1,0,1,0,1,1,1,0,0,13,-17.027613850597,240.001,5.2621643769902076e-08,5.2621643769902076e-08,25.760742046940756,25.760742046940756,21.987608159694023,21.987608159694023
1,0,0,1,1,1,1,0,0,1,1,1,1,1,1,1,0,1,0,1,0,1,1,1,0,1,1,1,1,1,0,1,1,1,1,1,1,1,1,1,0,1,1,1,0,0,1,0,1,1,0,1,0,1,1,1,0,0,1,0,0,1,1,0,0,1,1,1,1,1,1,1,0,1,0,1,1,1,0,0,14,-17.027629950477596,240.001,5.2635221256768346e-08,5.2635221256768346e-08,25.759605520823765,25.759605520823765,21.985048420796854,21.985048420796854
1,0,0,1,1,1,1,0,0,1,1,1,1,1,1,1,0,1,0,1,0,1,1,1,0,1,1,1,1,1,0,1,1,1,1,1,1,1,1,1,0,1,1,1,0,0,1,0,1,1,0,1,0,1,1,1,0,0,1,0,0,1,1,0,0,1,1,1,1,1,1,1,0,1,0,1,1,1,0,0,15,-17.027379281827034,240.001,5.265094699486324e-08,5.265094699486324e-08,25.758558848818343,25.758558848818343,22.025073578126275,22.025073578126275
1,0,0,1,1,1,1,0,0,1,1,1,1,1,1,1,0,1,0,1,0,1,1,1,0,1,1,1,1,1,0,1,1,1,1,1,1,1,1,1,0,1,1,1,0,0,1,0,1,1,0,1,0,1,1,1,0,0,1,0,0,1,1,0,0,1,1,1,1,1,1,1,0,1,0,1,1,1,0,0,16,-17.026353732594597,240.001,5.267291858778687e-08,5.267291858778687e-08,25.757772436127247,25.757772436127247,22.19275526418588,22.19275526418588
1,0,0,1,1,1,1,0,0,1,1,1,1,1,1,1,0,1,0,1,0,1,1,1,0,1,1,1,1,1,0,1,1,1,1,1,1,1,1,1,0,1,1,1,0,0,1,0,1,1,0,1,0,1,1,1,0,0,1,0,0,1,1,0,0,1,1,1,1,1,1,1,0,1,0,1,1,1,0,0,18,-17.025029557760643,240.001,5.2711016487773624e-08,5.2711016487773624e-08,25.75595652923142,25.75595652923142,22.4192421999726,22.4192421999726
1,0,0,1,1,1,1,0,0,1,1,1,1,1,1,1,0,1,0,1,0,1,1,1,0,1,1,1,1,1,0,1,1,1,1,1,1,1,1,1,0,1,1,1,0,0,1,0,1,1,0,1,0,1,1,1,0,0,1,0,0,1,1,0,0,1,1,1,1,1,1,1,0,1,0,1,1,1,0,0,20,-17.025092301649792,240.001,5.2737935334350256e-08,5.2737935334350256e-08,25.753676464718524,25.753676464718524,22.408241265321518,22.408241265321518
1,0,0,1,1,1,1,0,0,1,1,1,1,1,1,1,0,1,0,1,0,1,1,1,0,1,1,1,1,1,0,1,1,1,1,1,1,1,1,1,0,1,1,1,0,0,1,0,1,1,0,1,0,1,1,1,0,0,1,0,0,1,1,0,0,1,1,1,1,1,1,1,0,1,0,1,1,1,0,0,22,-17.026465109827843,240.001,5.275427840717965e-08,5.275427840717965e-08,25.75095802046892,25.75095802046892,22.17423000462933,22.17423000462933
1,0,0,1,1,1,1,0,0,1,1,1,1,1,1,1,0,1,0,1,0,1,1,1,0,1,1,1,1,1,0,1,1,1,1,1,1,1,1,1,0,1,1,1,0,0,1,0,1,1,0,1,0,1,1,1,0,0,1,0,0,1,1,0,0,1,1,1,1,1,1,1,0,1,0,1,1,1,0,0,23,-17.02735685237801,240.001,5.276078909003349e-08,5.276078909003349e-08,25.749530325337282,25.749530325337282,22.028672900313488,22.028672900313488
1,0,0,1,1,1,1,0,0,1,1,1,1,1,1,1,0,1,0,1,0,1,1,1,0,1,1,1,1,1,0,1,1,1,1,1,1,1,1,1,0,1,1,1,0,0,1,0,1,1,0,1,0,1,1,1,0,0,1,0,0,1,1,0,0,1,1,1,1,1,1,1,0,1,0,1,1,1,0,0,24,-17.026856119808123,240.001,5.277854079885393e-08,5.277854079885393e-08,25.748570091788494,25.748570091788494,22.109808649621343,22.109808649621343
1,0,0,1,1,1,1,0,0,1,1,1,1,1,1,1,0,1,0,1,0,1,1,1,0,1,1,1,1,1,0,1,1,1,1,1,1,1,1,1,0,1,1,1,0,0,1,0,1,1,0,1,0,1,1,1,0,0,1,0,0,1,1,0,0,1,1,1,1,1,1,1,0,1,0,1,1,1,0,0,26,-17.027220985921385,240.001,5.280301181813104e-08,5.280301181813104e-08,25.746192065503696,25.746192065503696,22.050539401474182,22.050539401474182
1,0,0,1,1,1,1,0,0,1,1,1,1,1,1,1,0,1,0,1,0,1,1,1,0,1,1,1,1,1,0,1,1,1,1,1,1,1,1,1,0,1,1,1,0,0,1,0,1,1,0,1,0,1,1,1,0,0,1,0,0,1,1,0,0,1,1,1,1,1,1,1,0,1,0,1,1,1,0,0,27,-17.028218254208774,240.001,5.280866264947719e-08,5.280866264947719e-08,25.74473005221789,25.74473005221789,21.892526941331788,21.892526941331788
1,0,0,1,1,1,1,0,0,1,1,1,1,1,1,1,0,1,0,1,0,1,1,1,0,1,1,1,1,1,0,1,1,1,1,1,1,1,1,1,0,1,1,1,0,0,1,0,1,1,0,1,0,1,1,1,0,0,1,0,0,1,1,0,0,1,1,1,1,1,1,1,0,1,0,1,1,1,0,0,28,-17.02846810553152,240.001,5.28203501546361e-08,5.28203501546361e-08,25.743519135581042,25.743519135581042,21.85381813427449,21.85381813427449
1,0,0,1,1,1,1,0,0,1,1,1,1,1,1,1,0,1,0,1,0,1,1,1,0,1,1,1,1,1,0,1,1,1,1,1,1,1,1,1,0,1,1,1,0,0,1,0,1,1,0,1,0,1,1,1,0,0,1,0,0,1,1,0,0,1,1,1,1,1,1,1,0,1,0,1,1,1,0,0,29,-17.02837692308122,240.001,5.283479247084829e-08,5.283479247084829e-08,25.74242301789241,25.74242301789241,21.867905100761504,21.867905100761504
1,0,0,1,1,1,1,0,0,1,1,1,1,1,1,1,0,1,0,1,0,1,1,1,0,1,1,1,1,1,0,1,1,1,1,1,1,1,1,1,0,1,1,1,0,0,1,0,1,1,0,1,0,1,1,1,0,0,1,0,0,1,1,0,0,1,1,1,1,1,1,1,0,1,0,1,1,1,0,0,30,-17.027552927553078,240.001,5.285516043881224e-08,5.285516043881224e-08,25.741573118038765,25.741573118038765,21.99730797912423,21.99730797912423
1,0,0,1,1,1,1,0,0,1,1,1,1,1,1,1,0,1,0,1,0,1,1,1,0,1,1,1,1,1,0,1,1,1,1,1,1,1,1,1,0,1,1,1,0,0,1,0,1,1,0,1,0,1,1,1,0,0,1,0,0,1,1,0,0,1,1,1,1,1,1,1,0,1,0,1,1,1,0,0,32,-17.02768133042584,240.001,5.288153663490658e-08,5.288153663490658e-08,25.73927800541017,25.73927800541017,21.97688947482243,21.97688947482243
1,0,0,1,1,1,1,0,0,1,1,1,1,1,1,1,0,1,0,1,0,1,1,1,0,1,1,1,1,1,0,1,1,1,1,1,1,1,1,1,0,1,1,1,0,0,1,0,1,1,0,1,0,1,1,1,0,0,1,0,0,1,1,0,0,1,1,1,1,1,1,1,0,1,0,1,1,1,0,0,33,-17.028653950583063,240.001,5.2887374283084885e-08,5.2887374283084885e-08,25.737825989488783,25.737825989488783,21.82524633799048,21.82524633799048
1,0,0,1,1,1,1,0,0,1,1,1,1,1,1,1,0,1,0,1,0,1,1,1,0,1,1,1,1,1,0,1,1,1,1,1,1,1,1,1,0,1,1,1,0,0,1,0,1,1,0,1,0,1,1,1,0,0,1,0,0,1,1,0,0,1,1,1,1,1,1,1,0,1,0,1,1,1,0,0,34,-17.028949307311336,240.001,5.2898689788816247e-08,5.2898689788816247e-08,25.736601538411282,25.736601538411282,21.780218991642958,21.780218991642958
1,0,0,1,1,1,1,0,0,1,1,1,1,1,1,1,0,1,0,1,0,1,1,1,0,1,1,1,1,1,0,1,1,1,1,1,1,1,1,1,0,1,1,1,0,0,1,0,1,1,0,1,0,1,1,1,0,0,1,0,0,1,1,0,0,1,1,1,1,1,1,1,0,1,0,1,1,1,0,0,35,-17.02905650638885,240.001,5.291152670946862e-08,5.291152670946862e-08,25.73544056513014,25.73544056513014,21.763990447614837,21.763990447614837
1,0,0,1,1,1,1,0,0,1,1,1,1,1,1,1,0,1,0,1,0,1,1,1,0,1,1,1,1,1,0,1,1,1,1,1,1,1,1,1,0,1,1,1,0,0,1,0,1,1,0,1,0,1,1,1,0,0,1,0,0,1,1,0,0,1,1,1,1,1,1,1,0,1,0,1,1,1,0,0,36,-17.02906315398858,240.001,5.2925176907784886e-08,5.2925176907784886e-08,25.734313662338046,25.734313662338046,21.76298606850947,21.76298606850947
1,0,0,1,1,1,1,0,0,1,1,1,1,1,1,1,0,1,0,1,0,1,1,1,0,1,1,1,1,1,0,1,1,1,1,1,1,1,1,1,0,1,1,1,0,0,1,0,1,1,0,1,0,1,1,1,0,0,1,0,0,1,1,0,0,1,1,1,1,1,1,1,0,1,0,1,1,1,0,0,37,-17.02898532319201,240.001,5.293951086945275e-08,5.293951086945275e-08,25.733215433274633,25.733215433274633,21.774759933901553,21.774759933901553
1,0,0,1,1,1,1,0,0,1,1,1,1,1,1,1,0,1,0,1,0,1,1,1,0,1,1,1,1,1,0,1,1,1,1,1,1,1,1,1,0,1,1,1,0,0,1,0,1,1,0,1,0,1,1,1,0,0,1,0,0,1,1,0,0,1,1,1,1,1,1,1,0,1,0,1,1,1,0,0,38,-17.028801405525265,240.001,5.295470417702927e-08,5.295470417702927e-08,25.732153131837773,25.732153131837773,21.802708753475187,21.802708753475187
1,0,0,1,1,1,1,0,0,1,1,1,1,1,1,1,0,1,0,1,0,1,1,1,0,1,1,1,1,1,0,1,1,1,1,1,1,1,1,1,0,1,1,1,0,0,1,0,1,1,0,1,0,1,1,1,0,0,1,0,0,1,1,0,0,1,1,1,1,1,1,1,0,1,0,1,1,1,0,0,39,-17.028416846554386,240.001,5.2971523763724275e-08,5.2971523763724275e-08,25.731158494382434,25.731158494382434,21.86173165260225,21.86173165260225
1,0,0,1,1,1,1,0,0,1,1,1,1,1,1,1,0,1,0,1,0,1,1,1,0,1,1,1,1,1,0,1,1,1,1,1,1,1,1,1,0,1,1,1,0,0,1,0,1,1,0,1,0,1,1,1,0,0,1,0,0,1,1,0,0,1,1,1,1,1,1,1,0,1,0,1,1,1,0,0,40,-17.027331860423367,240.001,5.299402382797092e-08,5.299402382797092e-08,25.7303991727901,25.7303991727901,22.03268693051543,22.03268693051543
1,0,0,1,1,1,1,0,0,1,1,1,1,1,1,1,0,1,0,1,0,1,1,1,0,1,1,1,1,1,0,1,1,1,1,1,1,1,1,1,0,1,1,1,0,0,1,0,1,1,0,1,0,1,1,1,0,0,1,0,0,1,1,0,0,1,1,1,1,1,1,1,0,1,0,1,1,1,0,0,42,-17.02680996549781,240.001,5.302567094925021e-08,5.302567094925021e-08,25.728328309723505,25.728328309723505,22.11736360890503,22.11736360890503
1,0,0,1,1,1,1,0,0,1,1,1,1,1,1,1,0,1,0,1,0,1,1,1,0,1,1,1,1,1,0,1,1,1,1,1,1,1,1,1,0,1,1,1,0,0,1,0,1,1,0,1,0,1,1,1,0,0,1,0,0,1,1,0,0,1,1,1,1,1,1,1,0,1,0,1,1,1,0,0,43,-17.027191448371678,240.001,5.303628299275935e-08,5.303628299275935e-08,25.72707775895454,25.72707775895454,22.055307721786317,22.055307721786317
1,0,0,1,1,1,1,0,0,1,1,1,1,1,1,1,0,1,0,1,0,1,1,1,0,1,1,1,1,1,0,1,1,1,1,1,1,1,1,1,0,1,1,1,0,0,1,0,1,1,0,1,0,1,1,1,0,0,1,0,0,1,1,0,0,1,1,1,1,1,1,1,0,1,0,1,1,1,0,0,44,-17.026067427090574,240.001,5.305911511029326e-08,5.305911511029326e-08,25.726332545002922,25.726332545002922,22.24073980015341,22.24073980015341
1,0,0,1,1,1,1,0,0,1,1,1,1,1,1,1,0,1,0,1,0,1,1,1,0,1,1,1,1,1,0,1,1,1,1,1,1,1,1,1,0,1,1,1,0,0,1,0,1,1,0,1,0,1,1,1,0,0,1,0,0,1,1,0,0,1,1,1,1,1,1,1,0,1,0,1,1,1,0,0,47,-17.024520009036316,240.001,5.31128191531626e-08,5.31128191531626e-08,25.723486453298694,25.723486453298694,22.509623092291275,22.509623092291275
1,0,0,1,1,1,1,0,0,1,1,1,1,1,1,1,0,1,0,1,0,1,1,1,0,1,1,1,1,1,0,1,1,1,1,1,1,1,1,1,0,1,1,1,0,0,1,0,1,1,0,1,0,1,1,1,0,0,1,0,0,1,1,0,0,1,1,1,1,1,1,1,0,1,0,1,1,1,0,0,49,-17.025548209150422,240.001,5.313188472781478e-08,5.313188472781478e-08,25.720899573334734,25.720899573334734,22.329128015972003,22.329128015972003
1,0,0,1,1,1,1,0,0,1,1,1,1,1,1,1,0,1,0,1,0,1,1,1,0,1,1,1,1,1,0,1,1,1,1,1,1,1,1,1,0,1,1,1,0,0,1,0,1,1,0,1,0,1,1,1,0,0,1,0,0,1,1,0,0,1,1,1,1,1,1,1,0,1,0,1,1,1,0,0,50,-17.025549796769724,240.001,5.3145583024492706e-08,5.3145583024492706e-08,25.719778445549967,25.719778445549967,22.32885500605674,22.32885500605674
1,0,0,1,1,1,1,0,0,1,1,1,1,1,1,1,0,1,0,1,0,1,1,1,0,1,1,1,1,1,0,1,1,1,1,1,1,1,1,1,0,1,1,1,0,0,1,0,1,1,0,1,0,1,1,1,0,0,1,0,0,1,1,0,0,1,1,1,1,1,1,1,0,1,0,1,1,1,0,0,52,-17.024698947819378,240.001,5.3179929532082914e-08,5.3179929532082914e-08,25.71782347699156,25.71782347699156,22.47767042453485,22.47767042453485
1,0,0,1,1,1,1,0,0,1,1,1,1,1,1,1,0,1,0,1,0,1,1,1,0,1,1,1,1,1,0,1,1,1,1,1,1,1,1,1,0,1,1,1,0,0,1,0,1,1,0,1,0,1,1,1,0,0,1,0,0,1,1,0,0,1,1,1,1,1,1,1,0,1,0,1,1,1,0,0,54,-17.025634775484544,240.001,5.319973657498342e-08,5.319973657498342e-08,25.715270406135335,25.715270406135335,22.314266753574064,22.314266753574064
1,0,0,1,1,1,1,0,0,1,1,1,1,1,1,1,0,1,0,1,0,1,1,1,0,1,1,1,1,1,0,1,1,1,1,1,1,1,1,1,0,1,1,1,0,0,1,0,1,1,0,1,0,1,1,1,0,0,1,0,0,1,1,0,0,1,1,1,1,1,1,1,0,1,0,1,1,1,0,0,55,-17.026203723720492,240.001,5.320881470518148e-08,5.320881470518148e-08,25.71396043063924,25.71396043063924,22.217830875419075,22.217830875419075
1,0,0,1,1,1,1,0,0,1,1,1,1,1,1,1,0,1,0,1,0,1,1,1,0,1,1,1,1,1,0,1,1,1,1,1,1,1,1,1,0,1,1,1,0,0,1,0,1,1,0,1,0,1,1,1,0,0,1,0,0,1,1,0,0,1,1,1,1,1,1,1,0,1,0,1,1,1,0,0,56,-17.025173280171934,240.001,5.323091790354563e-08,5.323091790354563e-08,25.71318716856309,25.71318716856309,22.394084070770603,22.394084070770603
1,0,0,1,1,1,1,0,0,1,1,1,1,1,1,1,0,1,0,1,0,1,1,1,0,1,1,1,1,1,0,1,1,1,1,1,1,1,1,1,0,1,1,1,0,0,1,0,1,1,0,1,0,1,1,1,0,0,1,0,0,1,1,0,0,1,1,1,1,1,1,1,0,1,0,1,1,1,0,0,59,-17.023390865844657,240.001,5.328658727729298e-08,5.328658727729298e-08,25.710430065373558,25.710430065373558,22.716829901818734,22.716829901818734
1,0,0,1,1,1,1,0,0,1,1,1,1,1,1,1,0,1,0,1,0,1,1,1,0,1,1,1,1,1,0,1,1,1,1,1,1,1,1,1,0,1,1,1,0,0,1,0,1,1,0,1,0,1,1,1,0,0,1,0,0,1,1,0,0,1,1,1,1,1,1,1,0,1,0,1,1,1,0,0,62,-17.02453217179222,240.001,5.331842072338268e-08,5.331842072338268e-08,25.706695055687888,25.706695055687888,22.50744379770412,22.50744379770412
1,0,0,1,1,1,1,0,0,1,1,1,1,1,1,1,0,1,0,1,0,1,1,1,0,1,1,1,1,1,0,1,1,1,1,1,1,1,1,1,0,1,1,1,0,0,1,0,1,1,0,1,0,1,1,1,0,0,1,0,0,1,1,0,0,1,1,1,1,1,1,1,0,1,0,1,1,1,0,0,63,-17.02464368318965,240.001,5.333122430550741e-08,5.333122430550741e-08,25.705540779433512,25.705540779433512,22.48751396935059,22.48751396935059
1,0,0,1,1,1,1,0,0,1,1,1,1,1,1,1,0,1,0,1,0,1,1,1,0,1,1,1,1,1,0,1,1,1,1,1,1,1,1,1,0,1,1,1,0,0,1,0,1,1,0,1,0,1,1,1,0,0,1,0,0,1,1,0,0,1,1,1,1,1,1,1,0,1,0,1,1,1,0,0,66,-17.025477868743053,240.001,5.336555345995135e-08,5.336555345995135e-08,25.70191195224798,25.70191195224798,22.34124103766476,22.34124103766476
1,0,0,1,1,1,1,0,0,1,1,1,1,1,1,1,0,1,0,1,0,1,1,1,0,1,1,1,1,1,0,1,1,1,1,1,1,1,1,1,0,1,1,1,0,0,1,0,1,1,0,1,0,1,1,1,0,0,1,0,0,1,1,0,0,1,1,1,1,1,1,1,0,1,0,1,1,1,0,0,67,-17.02674887179207,240.001,5.3368884889967124e-08,5.3368884889967124e-08,25.70036984238555,25.70036984238555,22.127384116016536,22.127384116016536
1,0,0,1,1,1,1,0,0,1,1,1,1,1,1,1,0,1,0,1,0,1,1,1,0,1,1,1,1,1,0,1,1,1,1,1,1,1,1,1,0,1,1,1,0,0,1,0,1,1,0,1,0,1,1,1,0,0,1,0,0,1,1,0,0,1,1,1,1,1,1,1,0,1,0,1,1,1,0,0,68,-17.027134239380377,240.001,5.337944695863765e-08,5.337944695863765e-08,25.699125061244512,25.699125061244512,22.064557935691266,22.064557935691266
1,0,0,1,1,1,1,0,0,1,1,1,1,1,1,1,0,1,0,1,0,1,1,1,0,1,1,1,1,1,0,1,1,1,1,1,1,1,1,1,0,1,1,1,0,0,1,0,1,1,0,1,0,1,1,1,0,0,1,0,0,1,1,0,0,1,1,1,1,1,1,1,0,1,0,1,1,1,0,0,69,-17.027213764581962,240.001,5.3392505545318704e-08,5.3392505545318704e-08,25.697983221074942,25.697983221074942,22.05170467988065,22.05170467988065
1,0,0,1,1,1,1,0,0,1,1,1,1,1,1,1,0,1,0,1,0,1,1,1,0,1,1,1,1,1,0,1,1,1,1,1,1,1,1,1,0,1,1,1,0,0,1,0,1,1,0,1,0,1,1,1,0,0,1,0,0,1,1,0,0,1,1,1,1,1,1,1,0,1,0,1,1,1,0,0,70,-17.027079527177158,240.001,5.340730998423928e-08,5.340730998423928e-08,25.696913432772366,25.696913432772366,22.073422795119995,22.073422795119995
1,0,0,1,1,1,1,0,0,1,1,1,1,1,1,1,0,1,0,1,0,1,1,1,0,1,1,1,1,1,0,1,1,1,1,1,1,1,1,1,0,1,1,1,0,0,1,0,1,1,0,1,0,1,1,1,0,0,1,0,0,1,1,0,0,1,1,1,1,1,1,1,0,1,0,1,1,1,0,0,71,-17.02666817798951,240.001,5.342437963528159e-08,5.342437963528159e-08,25.69593694369869,25.69593694369869,22.140654723591666,22.140654723591666
1,0,0,1,1,1,1,0,0,1,1,1,1,1,1,1,0,1,0,1,0,1,1,1,0,1,1,1,1,1,0,1,1,1,1,1,1,1,1,1,0,1,1,1,0,0,1,0,1,1,0,1,0,1,1,1,0,0,1,0,0,1,1,0,0,1,1,1,1,1,1,1,0,1,0,1,1,1,0,0,72,-17.025472853827004,240.001,5.3447863036419944e-08,5.3447863036419944e-08,25.69522368777718,25.69522368777718,22.342105919050574,22.342105919050574
1,0,0,1,1,1,1,0,0,1,1,1,1,1,1,1,0,1,0,1,0,1,1,1,0,1,1,1,1,1,0,1,1,1,1,1,1,1,1,1,0,1,1,1,0,0,1,0,1,1,0,1,0,1,1,1,0,0,1,0,0,1,1,0,0,1,1,1,1,1,1,1,0,1,0,1,1,1,0,0,74,-17.02381278303104,240.001,5.34888716659411e-08,5.34888716659411e-08,25.693552850362032,25.693552850362032,22.638249643529957,22.638249643529957
1,0,0,1,1,1,1,0,0,1,1,1,1,1,1,1,0,1,0,1,0,1,1,1,0,1,1,1,1,1,0,1,1,1,1,1,1,1,1,1,0,1,1,1,0,0,1,0,1,1,0,1,0,1,1,1,0,0,1,0,0,1,1,0,0,1,1,1,1,1,1,1,0,1,0,1,1,1,0,0,76,-17.024229349616643,240.001,5.3512888628104605e-08,5.3512888628104605e-08,25.69118670195905,25.69118670195905,22.562028950486766,22.562028950486766
1,0,0,1,1,1,1,0,0,1,1,1,1,1,1,1,0,1,0,1,0,1,1,1,0,1,1,1,1,1,0,1,1,1,1,1,1,1,1,1,0,1,1,1,0,0,1,0,1,1,0,1,0,1,1,1,0,0,1,0,0,1,1,0,0,1,1,1,1,1,1,1,0,1,0,1,1,1,0,0,77,-17.024512086519678,240.001,5.352428575920315e-08,5.352428575920315e-08,25.689979106717278,25.689979106717278,22.511043215672856,22.511043215672856
1,0,0,1,1,1,1,0,0,1,1,1,1,1,1,1,0,1,0,1,0,1,1,1,0,1,1,1,1,1,0,1,1,1,1,1,1,1,1,1,0,1,1,1,0,0,1,0,1,1,0,1,0,1,1,1,0,0,1,0,0,1,1,0,0,1,1,1,1,1,1,1,0,1,0,1,1,1,0,0,78,-17.023116077509197,240.001,5.3549440356517014e-08,5.3549440356517014e-08,25.689334558551842,25.689334558551842,22.768779178547472,22.768779178547472
1,1,0,1,1,1,1,0,0,1,1,1,1,1,1,1,0,1,0,1,0,1,1,1,0,1,1,1,1,1,0,1,1,1,1,1,1,1,1,1,0,1,1,1,0,0,1,0,1,1,0,1,0,1,1,1,0,0,1,0,0,1,1,0,0,1,1,1,1,1,1,1,0,1,0,1,1,1,0,0,1,-17.022826323169337,240.001,5.249559749339889e-08,5.249559749339889e-08,25.775944845532006,25.775944845532006,22.8242357306107,22.8242357306107
1,1,0,1,1,1,1,0,0,1,1,1,1,1,1,1,0,1,0,1,0,1,1,1,0,1,1,1,1,1,0,1,1,1,1,1,1,1,1,1,0,1,1,1,0,0,1,0,1,1,0,1,0,1,1,1,0,0,1,0,0,1,1,0,0,1,1,1,1,1,1,1,0,1,0,1,1,1,0,0,2,-17.023623563422586,240.001,5.250290753089957e-08,5.250290753089957e-08,25.77454289020144,25.77454289020144,22.673316195859762,22.673316195859762
1,1,0,1,1,1,1,0,0,1,1,1,1,1,1,1,0,1,0,1,0,1,1,1,0,1,1,1,1,1,0,1,1,1,1,1,1,1,1,1,0,1,1,1,0,0,1,0,1,1,0,1,0,1,1,1,0,0,1,0,0,1,1,0,0,1,1,1,1,1,1,1,0,1,0,1,1,1,0,0,4,-17.024788210844246,240.001,5.2520978213955385e-08,5.2520978213955385e-08,25.771883725993025,25.771883725993025,22.461817910974165,22.461817910974165
1,1,0,1,1,1,1,0,0,1,1,1,1,1,1,1,0,1,0,1,0,1,1,1,0,1,1,1,1,1,0,1,1,1,1,1,1,1,1,1,0,1,1,1,0,0,1,0,1,1,0,1,0,1,1,1,0,0,1,0,0,1,1,0,0,1,1,1,1,1,1,1,0,1,0,1,1,1,0,0,5,-17.025895316930235,240.001,5.252579192192825e-08,5.252579192192825e-08,25.770378593997457,25.770378593997457,22.269840998557797,22.269840998557797
1,1,0,1,1,1,1,0,0,1,1,1,1,1,1,1,0,1,0,1,0,1,1,1,0,1,1,1,1,1,0,1,1,1,1,1,1,1,1,1,0,1,1,1,0,0,1,0,1,1,0,1,0,1,1,1,0,0,1,0,0,1,1,0,0,1,1,1,1,1,1,1,0,1,0,1,1,1,0,0,6,-17.02603709868675,240.001,5.253836326757566e-08,5.253836326757566e-08,25.769197510861517,25.769197510861517,22.245853820319837,22.245853820319837
1,1,0,1,1,1,1,0,0,1,1,1,1,1,1,1,0,1,0,1,0,1,1,1,0,1,1,1,1,1,0,1,1,1,1,1,1,1,1,1,0,1,1,1,0,0,1,0,1,1,0,1,0,1,1,1,0,0,1,0,0,1,1,0,0,1,1,1,1,1,1,1,0,1,0,1,1,1,0,0,7,-17.025148774111848,240.001,5.255921859433846e-08,5.255921859433846e-08,25.768362227092673,25.768362227092673,22.39836354050938,22.39836354050938
1,1,0,1,1,1,1,0,0,1,1,1,1,1,1,1,0,1,0,1,0,1,1,1,0,1,1,1,1,1,0,1,1,1,1,1,1,1,1,1,0,1,1,1,0,0,1,0,1,1,0,1,0,1,1,1,0,0,1,0,0,1,1,0,0,1,1,1,1,1,1,1,0,1,0,1,1,1,0,0,10,-17.025740180724547,240.001,5.259559739296103e-08,5.259559739296103e-08,25.7647658963627,25.7647658963627,22.296239318459033,22.296239318459033
1,1,0,1,1,1,1,0,0,1,1,1,1,1,1,1,0,1,0,1,0,1,1,1,0,1,1,1,1,1,0,1,1,1,1,1,1,1,1,1,0,1,1,1,0,0,1,0,1,1,0,1,0,1,1,1,0,0,1,0,0,1,1,0,0,1,1,1,1,1,1,1,0,1,0,1,1,1,0,0,11,-17.0270901361612,240.001,5.25984432606211e-08,5.25984432606211e-08,25.763180957154418,25.763180957154418,22.071702446202615,22.071702446202615
1,1,0,1,1,1,1,0,0,1,1,1,1,1,1,1,0,1,0,1,0,1,1,1,0,1,1,1,1,1,0,1,1,1,1,1,1,1,1,1,0,1,1,1,0,0,1,0,1,1,0,1,0,1,1,1,0,0,1,0,0,1,1,0,0,1,1,1,1,1,1,1,0,1,0,1,1,1,0,0,12,-17.027579692457365,240.001,5.260821189933584e-08,5.260821189933584e-08,25.761884899426335,25.761884899426335,21.99304397215519,21.99304397215519
1,1,0,1,1,1,1,0,0,1,1,1,1,1,1,1,0,1,0,1,0,1,1,1,0,1,1,1,1,1,0,1,1,1,1,1,1,1,1,1,0,1,1,1,0,0,1,0,1,1,0,1,0,1,1,1,0,0,1,0,0,1,1,0,0,1,1,1,1,1,1,1,0,1,0,1,1,1,0,0,13,-17.02778124931583,240.001,5.2620296915744994e-08,5.2620296915744994e-08,25.76068580757999,25.76068580757999,21.96106620355598,21.96106620355598
1,1,0,1,1,1,1,0,0,1,1,1,1,1,1,1,0,1,0,1,0,1,1,1,0,1,1,1,1,1,0,1,1,1,1,1,1,1,1,1,0,1,1,1,0,0,1,0,1,1,0,1,0,1,1,1,0,0,1,0,0,1,1,0,0,1,1,1,1,1,1,1,0,1,0,1,1,1,0,0,14,-17.027783385931514,240.001,5.26339864519306e-08,5.26339864519306e-08,25.759553970610355,25.759553970610355,21.960728471427252,21.960728471427252
1,1,0,1,1,1,1,0,0,1,1,1,1,1,1,1,0,1,0,1,0,1,1,1,0,1,1,1,1,1,0,1,1,1,1,1,1,1,1,1,0,1,1,1,0,0,1,0,1,1,0,1,0,1,1,1,0,0,1,0,0,1,1,0,0,1,1,1,1,1,1,1,0,1,0,1,1,1,0,0,15,-17.027520918257917,240.001,5.264980678464654e-08,5.264980678464654e-08,25.7585112643268,25.7585112643268,22.002412956541406,22.002412956541406
1,1,0,1,1,1,1,0,0,1,1,1,1,1,1,1,0,1,0,1,0,1,1,1,0,1,1,1,1,1,0,1,1,1,1,1,1,1,1,1,0,1,1,1,0,0,1,0,1,1,0,1,0,1,1,1,0,0,1,0,0,1,1,0,0,1,1,1,1,1,1,1,0,1,0,1,1,1,0,0,16,-17.02648529580238,240.001,5.267185890193746e-08,5.267185890193746e-08,25.757728246157686,25.757728246157686,22.170880884117334,22.170880884117334
1,1,0,1,1,1,1,0,0,1,1,1,1,1,1,1,0,1,0,1,0,1,1,1,0,1,1,1,1,1,0,1,1,1,1,1,1,1,1,1,0,1,1,1,0,0,1,0,1,1,0,1,0,1,1,1,0,0,1,0,0,1,1,0,0,1,1,1,1,1,1,1,0,1,0,1,1,1,0,0,18,-17.025144726511737,240.001,5.271008803360978e-08,5.271008803360978e-08,25.755917857975184,25.755917857975184,22.399070772650273,22.399070772650273
1,1,0,1,1,1,1,0,0,1,1,1,1,1,1,1,0,1,0,1,0,1,1,1,0,1,1,1,1,1,0,1,1,1,1,1,1,1,1,1,0,1,1,1,0,0,1,0,1,1,0,1,0,1,1,1,0,0,1,0,0,1,1,0,0,1,1,1,1,1,1,1,0,1,0,1,1,1,0,0,20,-17.025194666000793,240.001,5.273710969915036e-08,5.273710969915036e-08,25.753642091580286,25.753642091580286,22.390352906931007,22.390352906931007
1,1,0,1,1,1,1,0,0,1,1,1,1,1,1,1,0,1,0,1,0,1,1,1,0,1,1,1,1,1,0,1,1,1,1,1,1,1,1,1,0,1,1,1,0,0,1,0,1,1,0,1,0,1,1,1,0,0,1,0,0,1,1,0,0,1,1,1,1,1,1,1,0,1,0,1,1,1,0,0,22,-17.026557185204318,240.001,5.2753535667694266e-08,5.2753535667694266e-08,25.750927090830857,25.750927090830857,22.158974288134694,22.158974288134694
1,1,0,1,1,1,1,0,0,1,1,1,1,1,1,1,0,1,0,1,0,1,1,1,0,1,1,1,1,1,0,1,1,1,1,1,1,1,1,1,0,1,1,1,0,0,1,0,1,1,0,1,0,1,1,1,0,0,1,0,0,1,1,0,0,1,1,1,1,1,1,1,0,1,0,1,1,1,0,0,23,-17.027444510257787,240.001,5.276008198559738e-08,5.276008198559738e-08,25.749500872351312,25.749500872351312,22.014622987311505,22.014622987311505
1,1,0,1,1,1,1,0,0,1,1,1,1,1,1,1,0,1,0,1,0,1,1,1,0,1,1,1,1,1,0,1,1,1,1,1,1,1,1,1,0,1,1,1,0,0,1,0,1,1,0,1,0,1,1,1,0,0,1,0,0,1,1,0,0,1,1,1,1,1,1,1,0,1,0,1,1,1,0,0,24,-17.026939806723917,240.001,5.277786546174663e-08,5.277786546174663e-08,25.748541976142988,25.748541976142988,22.096143236229135,22.096143236229135
1,1,0,1,1,1,1,0,0,1,1,1,1,1,1,1,0,1,0,1,0,1,1,1,0,1,1,1,1,1,0,1,1,1,1,1,1,1,1,1,0,1,1,1,0,0,1,0,1,1,0,1,0,1,1,1,0,0,1,0,0,1,1,0,0,1,1,1,1,1,1,1,0,1,0,1,1,1,0,0,26,-17.027297685769827,240.001,5.2802392612143655e-08,5.2802392612143655e-08,25.74616629443961,25.74616629443961,22.038181795237342,22.038181795237342
1,1,0,1,1,1,1,0,0,1,1,1,1,1,1,1,0,1,0,1,0,1,1,1,0,1,1,1,1,1,0,1,1,1,1,1,1,1,1,1,0,1,1,1,0,0,1,0,1,1,0,1,0,1,1,1,0,0,1,0,0,1,1,0,0,1,1,1,1,1,1,1,0,1,0,1,1,1,0,0,27,-17.02829185592585,240.001,5.2808068472552614e-08,5.2808068472552614e-08,25.744705315440463,25.744705315440463,21.881088361924675,21.881088361924675
1,1,0,1,1,1,1,0,0,1,1,1,1,1,1,1,0,1,0,1,0,1,1,1,0,1,1,1,1,1,0,1,1,1,1,1,1,1,1,1,0,1,1,1,0,0,1,0,1,1,0,1,0,1,1,1,0,0,1,0,0,1,1,0,0,1,1,1,1,1,1,1,0,1,0,1,1,1,0,0,28,-17.028538867864835,240.001,5.281977879583139e-08,5.281977879583139e-08,25.743495351224478,25.743495351224478,21.8429171141359,21.8429171141359
1,1,0,1,1,1,1,0,0,1,1,1,1,1,1,1,0,1,0,1,0,1,1,1,0,1,1,1,1,1,0,1,1,1,1,1,1,1,1,1,0,1,1,1,0,0,1,0,1,1,0,1,0,1,1,1,0,0,1,0,0,1,1,0,0,1,1,1,1,1,1,1,0,1,0,1,1,1,0,0,29,-17.028445065360017,240.001,5.283424211414321e-08,5.283424211414321e-08,25.742400114387873,25.742400114387873,21.85737337432193,21.85737337432193
1,1,0,1,1,1,1,0,0,1,1,1,1,1,1,1,0,1,0,1,0,1,1,1,0,1,1,1,1,1,0,1,1,1,1,1,1,1,1,1,0,1,1,1,0,0,1,0,1,1,0,1,0,1,1,1,0,0,1,0,0,1,1,0,0,1,1,1,1,1,1,1,0,1,0,1,1,1,0,0,30,-17.027618655486716,240.001,5.285462932410967e-08,5.285462932410967e-08,25.741551030374417,25.741551030374417,21.98684406768086,21.98684406768086
1,1,0,1,1,1,1,0,0,1,1,1,1,1,1,1,0,1,0,1,0,1,1,1,0,1,1,1,1,1,0,1,1,1,1,1,1,1,1,1,0,1,1,1,0,0,1,0,1,1,0,1,0,1,1,1,0,0,1,0,0,1,1,0,0,1,1,1,1,1,1,1,0,1,0,1,1,1,0,0,32,-17.027742672107685,240.001,5.2881040727115636e-08,5.2881040727115636e-08,25.739257390802592,25.739257390802592,21.967168547643773,21.967168547643773
1,1,0,1,1,1,1,0,0,1,1,1,1,1,1,1,0,1,0,1,0,1,1,1,0,1,1,1,1,1,0,1,1,1,1,1,1,1,1,1,0,1,1,1,0,0,1,0,1,1,0,1,0,1,1,1,0,0,1,0,0,1,1,0,0,1,1,1,1,1,1,1,0,1,0,1,1,1,0,0,33,-17.028713290137123,240.001,5.288689457148576e-08,5.288689457148576e-08,25.737806042520965,25.737806042520965,21.816162675030625,21.816162675030625
1,1,0,1,1,1,1,0,0,1,1,1,1,1,1,1,0,1,0,1,0,1,1,1,0,1,1,1,1,1,0,1,1,1,1,1,1,1,1,1,0,1,1,1,0,0,1,0,1,1,0,1,0,1,1,1,0,0,1,0,0,1,1,0,0,1,1,1,1,1,1,1,0,1,0,1,1,1,0,0,34,-17.029006784884455,240.001,5.289822505083603e-08,5.289822505083603e-08,25.736582215663496,25.736582215663496,21.77151014563563,21.77151014563563
1,1,0,1,1,1,1,0,0,1,1,1,1,1,1,1,0,1,0,1,0,1,1,1,0,1,1,1,1,1,0,1,1,1,1,1,1,1,1,1,0,1,1,1,0,0,1,0,1,1,0,1,0,1,1,1,0,0,1,0,0,1,1,0,0,1,1,1,1,1,1,1,0,1,0,1,1,1,0,0,35,-17.029112238896193,240.001,5.2911075980740186e-08,5.2911075980740186e-08,25.73542182831079,25.73542182831079,21.755577012993257,21.755577012993257
1,1,0,1,1,1,1,0,0,1,1,1,1,1,1,1,0,1,0,1,0,1,1,1,0,1,1,1,1,1,0,1,1,1,1,1,1,1,1,1,0,1,1,1,0,0,1,0,1,1,0,1,0,1,1,1,0,0,1,0,0,1,1,0,0,1,1,1,1,1,1,1,0,1,0,1,1,1,0,0,36,-17.029117246204773,240.001,5.292473933458643e-08,5.292473933458643e-08,25.734295476739874,25.734295476739874,21.75482189681542,21.75482189681542
1,1,0,1,1,1,1,0,0,1,1,1,1,1,1,1,0,1,0,1,0,1,1,1,0,1,1,1,1,1,0,1,1,1,1,1,1,1,1,1,0,1,1,1,0,0,1,0,1,1,0,1,0,1,1,1,0,0,1,0,0,1,1,0,0,1,1,1,1,1,1,1,0,1,0,1,1,1,0,0,37,-17.02903787058386,240.001,5.293908567579841e-08,5.293908567579841e-08,25.7331977672023,25.7331977672023,21.766807343257604,21.766807343257604
1,1,0,1,1,1,1,0,0,1,1,1,1,1,1,1,0,1,0,1,0,1,1,1,0,1,1,1,1,1,0,1,1,1,1,1,1,1,1,1,0,1,1,1,0,0,1,0,1,1,0,1,0,1,1,1,0,0,1,0,0,1,1,0,0,1,1,1,1,1,1,1,0,1,0,1,1,1,0,0,38,-17.028852496025785,240.001,5.2954290645647236e-08,5.2954290645647236e-08,25.73213595618983,25.73213595618983,21.794926908453522,21.794926908453522
1,1,0,1,1,1,1,0,0,1,1,1,1,1,1,1,0,1,0,1,0,1,1,1,0,1,1,1,1,1,0,1,1,1,1,1,1,1,1,1,0,1,1,1,0,0,1,0,1,1,0,1,0,1,1,1,0,0,1,0,0,1,1,0,0,1,1,1,1,1,1,1,0,1,0,1,1,1,0,0,39,-17.028466562770383,240.001,5.2971121210130094e-08,5.2971121210130094e-08,25.73114178221399,25.73114178221399,21.854056101493185,21.854056101493185
1,1,0,1,1,1,1,0,0,1,1,1,1,1,1,1,0,1,0,1,0,1,1,1,0,1,1,1,1,1,0,1,1,1,1,1,1,1,1,1,0,1,1,1,0,0,1,0,1,1,0,1,0,1,1,1,0,0,1,0,0,1,1,0,0,1,1,1,1,1,1,1,0,1,0,1,1,1,0,0,40,-17.027380287735163,240.001,5.2993631491006976e-08,5.2993631491006976e-08,25.7303828982376,25.7303828982376,22.02491222641116,22.02491222641116
1,1,0,1,1,1,1,0,0,1,1,1,1,1,1,1,0,1,0,1,0,1,1,1,0,1,1,1,1,1,0,1,1,1,1,1,1,1,1,1,0,1,1,1,0,0,1,0,1,1,0,1,0,1,1,1,0,0,1,0,0,1,1,0,0,1,1,1,1,1,1,1,0,1,0,1,1,1,0,0,42,-17.026855979974854,240.001,5.3025297913877147e-08,5.3025297913877147e-08,25.728312847952548,25.728312847952548,22.10983151909385,22.10983151909385
1,1,0,1,1,1,1,0,0,1,1,1,1,1,1,1,0,1,0,1,0,1,1,1,0,1,1,1,1,1,0,1,1,1,1,1,1,1,1,1,0,1,1,1,0,0,1,0,1,1,0,1,0,1,1,1,0,0,1,0,0,1,1,0,0,1,1,1,1,1,1,1,0,1,0,1,1,1,0,0,43,-17.027236333315578,240.001,5.3035919061211984e-08,5.3035919061211984e-08,25.72706267511965,25.72706267511965,22.048063885846133,22.048063885846133
1,1,0,1,1,1,1,0,0,1,1,1,1,1,1,1,0,1,0,1,0,1,1,1,0,1,1,1,1,1,0,1,1,1,1,1,1,1,1,1,0,1,1,1,0,0,1,0,1,1,0,1,0,1,1,1,0,0,1,0,0,1,1,0,0,1,1,1,1,1,1,1,0,1,0,1,1,1,0,0,44,-17.026111261653384,240.001,5.3058759492240424e-08,5.3058759492240424e-08,25.726317818252266,25.726317818252266,22.23335891415764,22.23335891415764
1,1,0,1,1,1,1,0,0,1,1,1,1,1,1,1,0,1,0,1,0,1,1,1,0,1,1,1,1,1,0,1,1,1,1,1,1,1,1,1,0,1,1,1,0,0,1,0,1,1,0,1,0,1,1,1,0,0,1,0,0,1,1,0,0,1,1,1,1,1,1,1,0,1,0,1,1,1,0,0,47,-17.024560945076402,240.001,5.311248664867394e-08,5.311248664867394e-08,25.723472705669792,25.723472705669792,22.502292592095515,22.502292592095515
1,1,0,1,1,1,1,0,0,1,1,1,1,1,1,1,0,1,0,1,0,1,1,1,0,1,1,1,1,1,0,1,1,1,1,1,1,1,1,1,0,1,1,1,0,0,1,0,1,1,0,1,0,1,1,1,0,0,1,0,0,1,1,0,0,1,1,1,1,1,1,1,0,1,0,1,1,1,0,0,49,-17.025587387277387,240.001,5.3131566431265677e-08,5.3131566431265677e-08,25.72088641251351,25.72088641251351,22.322395853336904,22.322395853336904
1,1,0,1,1,1,1,0,0,1,1,1,1,1,1,1,0,1,0,1,0,1,1,1,0,1,1,1,1,1,0,1,1,1,1,1,1,1,1,1,0,1,1,1,0,0,1,0,1,1,0,1,0,1,1,1,0,0,1,0,0,1,1,0,0,1,1,1,1,1,1,1,0,1,0,1,1,1,0,0,50,-17.02558815819829,240.001,5.3145271284001744e-08,5.3145271284001744e-08,25.719765558970742,25.719765558970742,22.322263486386312,22.322263486386312
1,1,0,1,1,1,1,0,0,1,1,1,1,1,1,1,0,1,0,1,0,1,1,1,0,1,1,1,1,1,0,1,1,1,1,1,1,1,1,1,0,1,1,1,0,0,1,0,1,1,0,1,0,1,1,1,0,0,1,0,0,1,1,0,0,1,1,1,1,1,1,1,0,1,0,1,1,1,0,0,52,-17.024735786415626,240.001,5.317962994135609e-08,5.317962994135609e-08,25.717811104574018,25.717811104574018,22.471121162786947,22.471121162786947
1,1,0,1,1,1,1,0,0,1,1,1,1,1,1,1,0,1,0,1,0,1,1,1,0,1,1,1,1,1,0,1,1,1,1,1,1,1,1,1,0,1,1,1,0,0,1,0,1,1,0,1,0,1,1,1,0,0,1,0,0,1,1,0,0,1,1,1,1,1,1,1,0,1,0,1,1,1,0,0,54,-17.025670184106268,240.001,5.319944854206684e-08,5.319944854206684e-08,25.715258511059538,25.715258511059538,22.30820252309656,22.30820252309656
1,1,0,1,1,1,1,0,0,1,1,1,1,1,1,1,0,1,0,1,0,1,1,1,0,1,1,1,1,1,0,1,1,1,1,1,1,1,1,1,0,1,1,1,0,0,1,0,1,1,0,1,0,1,1,1,0,0,1,0,0,1,1,0,0,1,1,1,1,1,1,1,0,1,0,1,1,1,0,0,55,-17.026238456289743,240.001,5.320853214519295e-08,5.320853214519295e-08,25.713948760897143,25.713948760897143,22.212012132936625,22.212012132936625
1,1,0,1,1,1,1,0,0,1,1,1,1,1,1,1,0,1,0,1,0,1,1,1,0,1,1,1,1,1,0,1,1,1,1,1,1,1,1,1,0,1,1,1,0,0,1,0,1,1,0,1,0,1,1,1,0,0,1,0,0,1,1,0,0,1,1,1,1,1,1,1,0,1,0,1,1,1,0,0,56,-17.025207382684655,240.001,5.3230640317979106e-08,5.3230640317979106e-08,25.71317571345133,25.71317571345133,22.38813575014411,22.38813575014411
1,1,0,1,1,1,1,0,0,1,1,1,1,1,1,1,0,1,0,1,0,1,1,1,0,1,1,1,1,1,0,1,1,1,1,1,1,1,1,1,0,1,1,1,0,0,1,0,1,1,0,1,0,1,1,1,0,0,1,0,0,1,1,0,0,1,1,1,1,1,1,1,0,1,0,1,1,1,0,0,59,-17.023423195311942,240.001,5.3286323788714754e-08,5.3286323788714754e-08,25.710419210713415,25.710419210713415,22.710758392989582,22.710758392989582
1,1,0,1,1,1,1,0,0,1,1,1,1,1,1,1,0,1,0,1,0,1,1,1,0,1,1,1,1,1,0,1,1,1,1,1,1,1,1,1,0,1,1,1,0,0,1,0,1,1,0,1,0,1,1,1,0,0,1,0,0,1,1,0,0,1,1,1,1,1,1,1,0,1,0,1,1,1,0,0,62,-17.02456287106495,240.001,5.331817040912191e-08,5.331817040912191e-08,25.70668474530813,25.70668474530813,22.50194800427677,22.50194800427677
1,1,0,1,1,1,1,0,0,1,1,1,1,1,1,1,0,1,0,1,0,1,1,1,0,1,1,1,1,1,0,1,1,1,1,1,1,1,1,1,0,1,1,1,0,0,1,0,1,1,0,1,0,1,1,1,0,0,1,0,0,1,1,0,0,1,1,1,1,1,1,1,0,1,0,1,1,1,0,0,63,-17.024673877625048,240.001,5.333097805272637e-08,5.333097805272637e-08,25.705530638254395,25.705530638254395,22.48213309170852,22.48213309170852
1,1,0,1,1,1,1,0,0,1,1,1,1,1,1,1,0,1,0,1,0,1,1,1,0,1,1,1,1,1,0,1,1,1,1,1,1,1,1,1,0,1,1,1,0,0,1,0,1,1,0,1,0,1,1,1,0,0,1,0,0,1,1,0,0,1,1,1,1,1,1,1,0,1,0,1,1,1,0,0,66,-17.025506638381714,240.001,5.3365318701975065e-08,5.3365318701975065e-08,25.701902287502143,25.701902287502143,22.33628268063736,22.33628268063736
1,1,0,1,1,1,1,0,0,1,1,1,1,1,1,1,0,1,0,1,0,1,1,1,0,1,1,1,1,1,0,1,1,1,1,1,1,1,1,1,0,1,1,1,0,0,1,0,1,1,0,1,0,1,1,1,0,0,1,0,0,1,1,0,0,1,1,1,1,1,1,1,0,1,0,1,1,1,0,0,67,-17.026777184754934,240.001,5.336865388260056e-08,5.336865388260056e-08,25.700360327912083,25.700360327912083,22.12273740485682,22.12273740485682
1,1,0,1,1,1,1,0,0,1,1,1,1,1,1,1,0,1,0,1,0,1,1,1,0,1,1,1,1,1,0,1,1,1,1,1,1,1,1,1,0,1,1,1,0,0,1,0,1,1,0,1,0,1,1,1,0,0,1,0,0,1,1,0,0,1,1,1,1,1,1,1,0,1,0,1,1,1,0,0,68,-17.02716211900301,240.001,5.337921945384737e-08,5.337921945384737e-08,25.69911569142129,25.69911569142129,22.060047588583554,22.060047588583554
1,1,0,1,1,1,1,0,0,1,1,1,1,1,1,1,0,1,0,1,0,1,1,1,0,1,1,1,1,1,0,1,1,1,1,1,1,1,1,1,0,1,1,1,0,0,1,0,1,1,0,1,0,1,1,1,0,0,1,0,0,1,1,0,0,1,1,1,1,1,1,1,0,1,0,1,1,1,0,0,69,-17.0272412270298,240.001,5.339228139285394e-08,5.339228139285394e-08,25.697973991220216,25.697973991220216,22.04727483058853,22.04727483058853
1,1,0,1,1,1,1,0,0,1,1,1,1,1,1,1,0,1,0,1,0,1,1,1,0,1,1,1,1,1,0,1,1,1,1,1,1,1,1,1,0,1,1,1,0,0,1,0,1,1,0,1,0,1,1,1,0,0,1,0,0,1,1,0,0,1,1,1,1,1,1,1,0,1,0,1,1,1,0,0,70,-17.027106586944495,240.001,5.3407089054014293e-08,5.3407089054014293e-08,25.696904338518753,25.696904338518753,22.06903613191598,22.06903613191598
1,1,0,1,1,1,1,0,0,1,1,1,1,1,1,1,0,1,0,1,0,1,1,1,0,1,1,1,1,1,0,1,1,1,1,1,1,1,1,1,0,1,1,1,0,0,1,0,1,1,0,1,0,1,1,1,0,0,1,0,0,1,1,0,0,1,1,1,1,1,1,1,0,1,0,1,1,1,0,0,71,-17.02669484958938,240.001,5.342416179364302e-08,5.342416179364302e-08,25.69592798079569,25.69592798079569,22.13626394908824,22.13626394908824
1,1,0,1,1,1,1,0,0,1,1,1,1,1,1,1,0,1,0,1,0,1,1,1,0,1,1,1,1,1,0,1,1,1,1,1,1,1,1,1,0,1,1,1,0,0,1,0,1,1,0,1,0,1,1,1,0,0,1,0,0,1,1,0,0,1,1,1,1,1,1,1,0,1,0,1,1,1,0,0,72,-17.025499156272545,240.001,5.3447648082778786e-08,5.3447648082778786e-08,25.695214851580552,25.695214851580552,22.33757165727487,22.33757165727487
1,1,0,1,1,1,1,0,0,1,1,1,1,1,1,1,0,1,0,1,0,1,1,1,0,1,1,1,1,1,0,1,1,1,1,1,1,1,1,1,0,1,1,1,0,0,1,0,1,1,0,1,0,1,1,1,0,0,1,0,0,1,1,0,0,1,1,1,1,1,1,1,0,1,0,1,1,1,0,0,74,-17.023838370980847,240.001,5.348866234657715e-08,5.348866234657715e-08,25.693544257802063,25.693544257802063,22.633529176512667,22.633529176512667
1,1,0,1,1,1,1,0,0,1,1,1,1,1,1,1,0,1,0,1,0,1,1,1,0,1,1,1,1,1,0,1,1,1,1,1,1,1,1,1,0,1,1,1,0,0,1,0,1,1,0,1,0,1,1,1,0,0,1,0,0,1,1,0,0,1,1,1,1,1,1,1,0,1,0,1,1,1,0,0,76,-17.024254241847498,240.001,5.3512684919969706e-08,5.3512684919969706e-08,25.691178342098166,25.691178342098166,22.557516180101832,22.557516180101832
1,1,0,1,1,1,1,0,0,1,1,1,1,1,1,1,0,1,0,1,0,1,1,1,0,1,1,1,1,1,0,1,1,1,1,1,1,1,1,1,0,1,1,1,0,0,1,0,1,1,0,1,0,1,1,1,0,0,1,0,0,1,1,0,0,1,1,1,1,1,1,1,0,1,0,1,1,1,0,0,77,-17.024536644007814,240.001,5.352408475549586e-08,5.352408475549586e-08,25.689970858641512,25.689970858641512,22.506642749780504,22.506642749780504
1,1,0,1,1,1,1,0,0,1,1,1,1,1,1,1,0,1,0,1,0,1,1,1,0,1,1,1,1,1,0,1,1,1,1,1,1,1,1,1,0,1,1,1,0,0,1,0,1,1,0,1,0,1,1,1,0,0,1,0,0,1,1,0,0,1,1,1,1,1,1,1,0,1,0,1,1,1,0,0,78,-17.023140324698613,240.001,5.3549241763992517e-08,5.3549241763992517e-08,25.689326417562025,25.689326417562025,22.764170253171866,22.764170253171866
1,1,0,1,1,1,1,0,0,1,1,1,1,1,1,1,0,1,0,1,0,1,1,1,0,1,1,1,1,1,0,1,1,1,1,1,1,1,1,1,0,1,1,1,0,0,1,0,1,1,0,1,0,1,1,1,0,0,1,0,0,1,1,0,0,1,1,1,1,1,1,1,0,1,0,1,1,1,0,1,1,-17.022849664973265,240.001,5.249541003696783e-08,5.249541003696783e-08,25.77593701196931,25.77593701196931,22.819742123590675,22.819742123590675
1,1,0,1,1,1,1,0,0,1,1,1,1,1,1,1,0,1,0,1,0,1,1,1,0,1,1,1,1,1,0,1,1,1,1,1,1,1,1,1,0,1,1,1,0,0,1,0,1,1,0,1,0,1,1,1,0,0,1,0,0,1,1,0,0,1,1,1,1,1,1,1,0,1,0,1,1,1,0,1,2,-17.02364719743685,240.001,5.250271772033405e-08,5.250271772033405e-08,25.774534956999588,25.774534956999588,22.66892087214565,22.66892087214565
1,1,0,1,1,1,1,0,0,1,1,1,1,1,1,1,0,1,0,1,0,1,1,1,0,1,1,1,1,1,0,1,1,1,1,1,1,1,1,1,0,1,1,1,0,0,1,0,1,1,0,1,0,1,1,1,0,0,1,0,0,1,1,0,0,1,1,1,1,1,1,1,0,1,0,1,1,1,0,1,4,-17.02481245617816,240.001,5.25207834554181e-08,5.25207834554181e-08,25.77187558521728,25.77187558521728,22.457522020681218,22.457522020681218
1,1,0,1,1,1,1,0,0,1,1,1,1,1,1,1,0,1,0,1,0,1,1,1,0,1,1,1,1,1,0,1,1,1,1,1,1,1,1,1,0,1,1,1,0,0,1,0,1,1,0,1,0,1,1,1,0,0,1,0,0,1,1,0,0,1,1,1,1,1,1,1,0,1,0,1,1,1,0,1,5,-17.02591987529708,240.001,5.2525594658431195e-08,5.2525594658431195e-08,25.770370345829082,25.770370345829082,22.265676678418163,22.265676678418163
1,1,0,1,1,1,1,0,0,1,1,1,1,1,1,1,0,1,0,1,0,1,1,1,0,1,1,1,1,1,0,1,1,1,1,1,1,1,1,1,0,1,1,1,0,0,1,0,1,1,0,1,0,1,1,1,0,0,1,0,0,1,1,0,0,1,1,1,1,1,1,1,0,1,0,1,1,1,0,1,6,-17.02606198777896,240.001,5.2538163302802353e-08,5.2538163302802353e-08,25.769189151359782,25.769189151359782,22.241656544471738,22.241656544471738
1,1,0,1,1,1,1,0,0,1,1,1,1,1,1,1,0,1,0,1,0,1,1,1,0,1,1,1,1,1,0,1,1,1,1,1,1,1,1,1,0,1,1,1,0,0,1,0,1,1,0,1,0,1,1,1,0,0,1,0,0,1,1,0,0,1,1,1,1,1,1,1,0,1,0,1,1,1,0,1,7,-17.025174012978642,240.001,5.255901571504414e-08,5.255901571504414e-08,25.768353752083947,25.768353752083947,22.393956165980228,22.393956165980228
1,1,0,1,1,1,1,0,0,1,1,1,1,1,1,1,0,1,0,1,0,1,1,1,0,1,1,1,1,1,0,1,1,1,1,1,1,1,1,1,0,1,1,1,0,0,1,0,1,1,0,1,0,1,1,1,0,0,1,0,0,1,1,0,0,1,1,1,1,1,1,1,0,1,0,1,1,1,0,1,10,-17.02576649554992,240.001,5.259538573377504e-08,5.259538573377504e-08,25.76475705877992,25.76475705877992,22.291750280407612,22.291750280407612
1,1,0,1,1,1,1,0,0,1,1,1,1,1,1,1,0,1,0,1,0,1,1,1,0,1,1,1,1,1,0,1,1,1,1,1,1,1,1,1,0,1,1,1,0,0,1,0,1,1,0,1,0,1,1,1,0,0,1,0,0,1,1,0,0,1,1,1,1,1,1,1,0,1,0,1,1,1,0,1,11,-17.02711681876504,240.001,5.259822866843949e-08,5.259822866843949e-08,25.763171993019924,25.763171993019924,22.067378596491785,22.067378596491785
1,1,0,1,1,1,1,0,0,1,1,1,1,1,1,1,0,1,0,1,0,1,1,1,0,1,1,1,1,1,0,1,1,1,1,1,1,1,1,1,0,1,1,1,0,0,1,0,1,1,0,1,0,1,1,1,0,0,1,0,0,1,1,0,0,1,1,1,1,1,1,1,0,1,0,1,1,1,0,1,12,-17.027606762610482,240.001,5.260799416300917e-08,5.260799416300917e-08,25.761875804010895,25.761875804010895,21.988735562466083,21.988735562466083
1,1,0,1,1,1,1,0,0,1,1,1,1,1,1,1,0,1,0,1,0,1,1,1,0,1,1,1,1,1,0,1,1,1,1,1,1,1,1,1,0,1,1,1,0,0,1,0,1,1,0,1,0,1,1,1,0,0,1,0,0,1,1,0,0,1,1,1,1,1,1,1,0,1,0,1,1,1,0,1,13,-17.027808721628595,240.001,5.2620075899006245e-08,5.2620075899006245e-08,25.76067657662222,25.76067657662222,21.956725678208496,21.956725678208496
1,1,0,1,1,1,1,0,0,1,1,1,1,1,1,1,0,1,0,1,0,1,1,1,0,1,1,1,1,1,0,1,1,1,1,1,1,1,1,1,0,1,1,1,0,0,1,0,1,1,0,1,0,1,1,1,0,0,1,0,0,1,1,0,0,1,1,1,1,1,1,1,0,1,0,1,1,1,0,1,14,-17.027811274729284,240.001,5.263376202554307e-08,5.263376202554307e-08,25.75954459976193,25.75954459976193,21.956322516429914,21.956322516429914
1,1,0,1,1,1,1,0,0,1,1,1,1,1,1,1,0,1,0,1,0,1,1,1,0,1,1,1,1,1,0,1,1,1,1,1,1,1,1,1,0,1,1,1,0,0,1,0,1,1,0,1,0,1,1,1,0,0,1,0,0,1,1,0,0,1,1,1,1,1,1,1,0,1,0,1,1,1,0,1,15,-17.0275492392367,240.001,5.2649578803478886e-08,5.2649578803478886e-08,25.758501748958807,25.758501748958807,21.99789590350357,21.99789590350357
1,1,0,1,1,1,1,0,0,1,1,1,1,1,1,1,0,1,0,1,0,1,1,1,0,1,1,1,1,1,0,1,1,1,1,1,1,1,1,1,0,1,1,1,0,0,1,0,1,1,0,1,0,1,1,1,0,0,1,0,0,1,1,0,0,1,1,1,1,1,1,1,0,1,0,1,1,1,0,1,16,-17.026514071018482,240.001,5.267162713543861e-08,5.267162713543861e-08,25.757718580791717,25.757718580791717,22.166111128358708,22.166111128358708
1,1,0,1,1,1,1,0,0,1,1,1,1,1,1,1,0,1,0,1,0,1,1,1,0,1,1,1,1,1,0,1,1,1,1,1,1,1,1,1,0,1,1,1,0,0,1,0,1,1,0,1,0,1,1,1,0,0,1,0,0,1,1,0,0,1,1,1,1,1,1,1,0,1,0,1,1,1,0,1,18,-17.025174445567558,240.001,5.270984844906983e-08,5.270984844906983e-08,25.755907879064758,25.755907879064758,22.393880663250524,22.393880663250524
1,1,0,1,1,1,1,0,0,1,1,1,1,1,1,1,0,1,0,1,0,1,1,1,0,1,1,1,1,1,0,1,1,1,1,1,1,1,1,1,0,1,1,1,0,0,1,0,1,1,0,1,0,1,1,1,0,0,1,0,0,1,1,0,0,1,1,1,1,1,1,1,0,1,0,1,1,1,0,1,20,-17.0252253754401,240.001,5.2736862004305806e-08,5.2736862004305806e-08,25.75363178006521,25.75363178006521,22.385000630461157,22.385000630461157
1,1,0,1,1,1,1,0,0,1,1,1,1,1,1,1,0,1,0,1,0,1,1,1,0,1,1,1,1,1,0,1,1,1,1,1,1,1,1,1,0,1,1,1,0,0,1,0,1,1,0,1,0,1,1,1,0,0,1,0,0,1,1,0,0,1,1,1,1,1,1,1,0,1,0,1,1,1,0,1,22,-17.02658893733116,240.001,5.275327952716533e-08,5.275327952716533e-08,25.750916425572786,25.750916425572786,22.153725692685335,22.153725692685335
1,1,0,1,1,1,1,0,0,1,1,1,1,1,1,1,0,1,0,1,0,1,1,1,0,1,1,1,1,1,0,1,1,1,1,1,1,1,1,1,0,1,1,1,0,0,1,0,1,1,0,1,0,1,1,1,0,0,1,0,0,1,1,0,0,1,1,1,1,1,1,1,0,1,0,1,1,1,0,1,23,-17.02747680878106,240.001,5.2759821433973e-08,5.2759821433973e-08,25.749490021181387,25.749490021181387,22.009457506751925,22.009457506751925
1,1,0,1,1,1,1,0,0,1,1,1,1,1,1,1,0,1,0,1,0,1,1,1,0,1,1,1,1,1,0,1,1,1,1,1,1,1,1,1,0,1,1,1,0,0,1,0,1,1,0,1,0,1,1,1,0,0,1,0,0,1,1,0,0,1,1,1,1,1,1,1,0,1,0,1,1,1,0,1,24,-17.02697268874591,240.001,5.277760009536956e-08,5.277760009536956e-08,25.74853093044233,25.74853093044233,22.09078553426444,22.09078553426444
1,1,0,1,1,1,1,0,0,1,1,1,1,1,1,1,0,1,0,1,0,1,1,1,0,1,1,1,1,1,0,1,1,1,1,1,1,1,1,1,0,1,1,1,0,0,1,0,1,1,0,1,0,1,1,1,0,0,1,0,0,1,1,0,0,1,1,1,1,1,1,1,0,1,0,1,1,1,0,1,26,-17.027331781367955,240.001,5.280211733570243e-08,5.280211733570243e-08,25.74615484011684,25.74615484011684,22.032699633684768,22.032699633684768
1,1,0,1,1,1,1,0,0,1,1,1,1,1,1,1,0,1,0,1,0,1,1,1,0,1,1,1,1,1,0,1,1,1,1,1,1,1,1,1,0,1,1,1,0,0,1,0,1,1,0,1,0,1,1,1,0,0,1,0,0,1,1,0,0,1,1,1,1,1,1,1,0,1,0,1,1,1,0,1,27,-17.028326581979194,240.001,5.280778811085082e-08,5.280778811085082e-08,25.744693646443885,25.744693646443885,21.87570189701485,21.87570189701485
1,1,0,1,1,1,1,0,0,1,1,1,1,1,1,1,0,1,0,1,0,1,1,1,0,1,1,1,1,1,0,1,1,1,1,1,1,1,1,1,0,1,1,1,0,0,1,0,1,1,0,1,0,1,1,1,0,0,1,0,0,1,1,0,0,1,1,1,1,1,1,1,0,1,0,1,1,1,0,1,28,-17.02857425878731,240.001,5.281949301095778e-08,5.281949301095778e-08,25.74348345815304,25.74348345815304,21.837475282131162,21.837475282131162
1,1,0,1,1,1,1,0,0,1,1,1,1,1,1,1,0,1,0,1,0,1,1,1,0,1,1,1,1,1,0,1,1,1,1,1,1,1,1,1,0,1,1,1,0,0,1,0,1,1,0,1,0,1,1,1,0,0,1,0,0,1,1,0,0,1,1,1,1,1,1,1,0,1,0,1,1,1,0,1,29,-17.02848115195537,240.001,5.283395062719079e-08,5.283395062719079e-08,25.74238798792124,25.74238798792124,21.851806272389673,21.851806272389673
1,1,0,1,1,1,1,0,0,1,1,1,1,1,1,1,0,1,0,1,0,1,1,1,0,1,1,1,1,1,0,1,1,1,1,1,1,1,1,1,0,1,1,1,0,0,1,0,1,1,0,1,0,1,1,1,0,0,1,0,0,1,1,0,0,1,1,1,1,1,1,1,0,1,0,1,1,1,0,1,30,-17.02765547595378,240.001,5.28543317616314e-08,5.28543317616314e-08,25.741538660009027,25.741538660009027,21.980993165618617,21.980993165618617
1,1,0,1,1,1,1,0,0,1,1,1,1,1,1,1,0,1,0,1,0,1,1,1,0,1,1,1,1,1,0,1,1,1,1,1,1,1,1,1,0,1,1,1,0,0,1,0,1,1,0,1,0,1,1,1,0,0,1,0,0,1,1,0,0,1,1,1,1,1,1,1,0,1,0,1,1,1,0,1,32,-17.02778102544658,240.001,5.288073062562748e-08,5.288073062562748e-08,25.73924450514704,25.73924450514704,21.96110159179461,21.96110159179461
1,1,0,1,1,1,1,0,0,1,1,1,1,1,1,1,0,1,0,1,0,1,1,1,0,1,1,1,1,1,0,1,1,1,1,1,1,1,1,1,0,1,1,1,0,0,1,0,1,1,0,1,0,1,1,1,0,0,1,0,0,1,1,0,0,1,1,1,1,1,1,1,0,1,0,1,1,1,0,1,33,-17.028752445417354,240.001,5.288657798932914e-08,5.288657798932914e-08,25.73779288428525,25.73779288428525,21.810179128411523,21.810179128411523
1,1,0,1,1,1,1,0,0,1,1,1,1,1,1,1,0,1,0,1,0,1,1,1,0,1,1,1,1,1,0,1,1,1,1,1,1,1,1,1,0,1,1,1,0,0,1,0,1,1,0,1,0,1,1,1,0,0,1,0,0,1,1,0,0,1,1,1,1,1,1,1,0,1,0,1,1,1,0,1,34,-17.029046787389838,240.001,5.289790156020484e-08,5.289790156020484e-08,25.73656877182346,25.73656877182346,21.765459296735923,21.765459296735923
1,1,0,1,1,1,1,0,0,1,1,1,1,1,1,1,0,1,0,1,0,1,1,1,0,1,1,1,1,1,0,1,1,1,1,1,1,1,1,1,0,1,1,1,0,0,1,0,1,1,0,1,0,1,1,1,0,0,1,0,0,1,1,0,0,1,1,1,1,1,1,1,0,1,0,1,1,1,0,1,35,-17.02915312924511,240.001,5.291074523307002e-08,5.291074523307002e-08,25.73540808583864,25.73540808583864,21.74941444645677,21.74941444645677
1,1,0,1,1,1,1,0,0,1,1,1,1,1,1,1,0,1,0,1,0,1,1,1,0,1,1,1,1,1,0,1,1,1,1,1,1,1,1,1,0,1,1,1,0,0,1,0,1,1,0,1,0,1,1,1,0,0,1,0,0,1,1,0,0,1,1,1,1,1,1,1,0,1,0,1,1,1,0,1,36,-17.02915906637883,240.001,5.29244009772579e-08,5.29244009772579e-08,25.734281421877895,25.734281421877895,21.748520385394418,21.748520385394418
1,1,0,1,1,1,1,0,0,1,1,1,1,1,1,1,0,1,0,1,0,1,1,1,0,1,1,1,1,1,0,1,1,1,1,1,1,1,1,1,0,1,1,1,0,0,1,0,1,1,0,1,0,1,1,1,0,0,1,0,0,1,1,0,0,1,1,1,1,1,1,1,0,1,0,1,1,1,0,1,37,-17.029080665230506,240.001,5.293873933526975e-08,5.293873933526975e-08,25.733183385262556,25.733183385262556,21.760341416670087,21.760341416670087
1,1,0,1,1,1,1,0,0,1,1,1,1,1,1,1,0,1,0,1,0,1,1,1,0,1,1,1,1,1,0,1,1,1,1,1,1,1,1,1,0,1,1,1,0,0,1,0,1,1,0,1,0,1,1,1,0,0,1,0,0,1,1,0,0,1,1,1,1,1,1,1,0,1,0,1,1,1,0,1,38,-17.02889631334633,240.001,5.2953935916558975e-08,5.2953935916558975e-08,25.732121231394128,25.732121231394128,21.78826389401021,21.78826389401021
1,1,0,1,1,1,1,0,0,1,1,1,1,1,1,1,0,1,0,1,0,1,1,1,0,1,1,1,1,1,0,1,1,1,1,1,1,1,1,1,0,1,1,1,0,0,1,0,1,1,0,1,0,1,1,1,0,0,1,0,0,1,1,0,0,1,1,1,1,1,1,1,0,1,0,1,1,1,0,1,39,-17.02851145612516,240.001,5.2970757634514284e-08,5.2970757634514284e-08,25.731126697445852,25.731126697445852,21.847136699609578,21.847136699609578
1,1,0,1,1,1,1,0,0,1,1,1,1,1,1,1,0,1,0,1,0,1,1,1,0,1,1,1,1,1,0,1,1,1,1,1,1,1,1,1,0,1,1,1,0,0,1,0,1,1,0,1,0,1,1,1,0,0,1,0,0,1,1,0,0,1,1,1,1,1,1,1,0,1,0,1,1,1,0,1,40,-17.027426323331845,240.001,5.299325845218281e-08,5.299325845218281e-08,25.730367434101776,25.730367434101776,22.01753429894773,22.01753429894773
1,1,0,1,1,1,1,0,0,1,1,1,1,1,1,1,0,1,0,1,0,1,1,1,0,1,1,1,1,1,0,1,1,1,1,1,1,1,1,1,0,1,1,1,0,0,1,0,1,1,0,1,0,1,1,1,0,0,1,0,0,1,1,0,0,1,1,1,1,1,1,1,0,1,0,1,1,1,0,1,42,-17.026904449065164,240.001,5.30249048925773e-08,5.30249048925773e-08,25.728296568707663,25.728296568707663,22.10191165026827,22.10191165026827
1,1,0,1,1,1,1,0,0,1,1,1,1,1,1,1,0,1,0,1,0,1,1,1,0,1,1,1,1,1,0,1,1,1,1,1,1,1,1,1,0,1,1,1,0,0,1,0,1,1,0,1,0,1,1,1,0,0,1,0,0,1,1,0,0,1,1,1,1,1,1,1,0,1,0,1,1,1,0,1,43,-17.027286105936188,240.001,5.303551540687885e-08,5.303551540687885e-08,25.727045956610233,25.727045956610233,22.040045258602547,22.040045258602547
1,1,0,1,1,1,1,0,0,1,1,1,1,1,1,1,0,1,0,1,0,1,1,1,0,1,1,1,1,1,0,1,1,1,1,1,1,1,1,1,0,1,1,1,0,0,1,0,1,1,0,1,0,1,1,1,0,0,1,0,0,1,1,0,0,1,1,1,1,1,1,1,0,1,0,1,1,1,0,1,44,-17.02616243983537,240.001,5.3058344197539e-08,5.3058344197539e-08,25.7263006327427,25.7263006327427,22.224757254064684,22.224757254064684
1,1,0,1,1,1,1,0,0,1,1,1,1,1,1,1,0,1,0,1,0,1,1,1,0,1,1,1,1,1,0,1,1,1,1,1,1,1,1,1,0,1,1,1,0,0,1,0,1,1,0,1,0,1,1,1,0,0,1,0,0,1,1,0,0,1,1,1,1,1,1,1,0,1,0,1,1,1,0,1,47,-17.024616810233407,240.001,5.311203276831694e-08,5.311203276831694e-08,25.72345395392795,25.72345395392795,22.492308516257165,22.492308516257165
1,1,0,1,1,1,1,0,0,1,1,1,1,1,1,1,0,1,0,1,0,1,1,1,0,1,1,1,1,1,0,1,1,1,1,1,1,1,1,1,0,1,1,1,0,0,1,0,1,1,0,1,0,1,1,1,0,0,1,0,0,1,1,0,0,1,1,1,1,1,1,1,0,1,0,1,1,1,0,1,49,-17.02564683446862,240.001,5.3131083336050843e-08,5.3131083336050843e-08,25.720866453437147,25.720866453437147,22.31220053546941,22.31220053546941
1,1,0,1,1,1,1,0,0,1,1,1,1,1,1,1,0,1,0,1,0,1,1,1,0,1,1,1,1,1,0,1,1,1,1,1,1,1,1,1,0,1,1,1,0,0,1,0,1,1,0,1,0,1,1,1,0,0,1,0,0,1,1,0,0,1,1,1,1,1,1,1,0,1,0,1,1,1,0,1,50,-17.025649588235858,240.001,5.314477194336352e-08,5.314477194336352e-08,25.719744934426746,25.719744934426746,22.31172883477312,22.31172883477312
1,1,0,1,1,1,1,0,0,1,1,1,1,1,1,1,0,1,0,1,0,1,1,1,0,1,1,1,1,1,0,1,1,1,1,1,1,1,1,1,0,1,1,1,0,0,1,0,1,1,0,1,0,1,1,1,0,0,1,0,0,1,1,0,0,1,1,1,1,1,1,1,0,1,0,1,1,1,0,1,52,-17.024801627441473,240.001,5.3179094337133625e-08,5.3179094337133625e-08,25.717789004192845,25.717789004192845,22.459440179682957,22.459440179682957
1,1,0,1,1,1,1,0,0,1,1,1,1,1,1,1,0,1,0,1,0,1,1,1,0,1,1,1,1,1,0,1,1,1,1,1,1,1,1,1,0,1,1,1,0,0,1,0,1,1,0,1,0,1,1,1,0,0,1,0,0,1,1,0,0,1,1,1,1,1,1,1,0,1,0,1,1,1,0,1,54,-17.025741066250767,240.001,5.319887177999922e-08,5.319887177999922e-08,25.715234713226632,25.715234713226632,22.296088181785642,22.296088181785642
1,1,0,1,1,1,1,0,0,1,1,1,1,1,1,1,0,1,0,1,0,1,1,1,0,1,1,1,1,1,0,1,1,1,1,1,1,1,1,1,0,1,1,1,0,0,1,0,1,1,0,1,0,1,1,1,0,0,1,0,0,1,1,0,0,1,1,1,1,1,1,1,0,1,0,1,1,1,0,1,55,-17.02631215952045,240.001,5.320793236531131e-08,5.320793236531131e-08,25.713924012702513,25.713924012702513,22.199690251390155,22.199690251390155
1,1,0,1,1,1,1,0,0,1,1,1,1,1,1,1,0,1,0,1,0,1,1,1,0,1,1,1,1,1,0,1,1,1,1,1,1,1,1,1,0,1,1,1,0,0,1,0,1,1,0,1,0,1,1,1,0,0,1,0,0,1,1,0,0,1,1,1,1,1,1,1,0,1,0,1,1,1,0,1,56,-17.025284189358963,240.001,5.3230014935183996e-08,5.3230014935183996e-08,25.713149930377497,25.713149930377497,22.374768361543452,22.374768361543452
1,1,0,1,1,1,1,0,0,1,1,1,1,1,1,1,0,1,0,1,0,1,1,1,0,1,1,1,1,1,0,1,1,1,1,1,1,1,1,1,0,1,1,1,0,0,1,0,1,1,0,1,0,1,1,1,0,0,1,0,0,1,1,0,0,1,1,1,1,1,1,1,0,1,0,1,1,1,0,1,59,-17.02351103784434,240.001,5.328560763010833e-08,5.328560763010833e-08,25.710389736970395,25.710389736970395,22.6943039790699,22.6943039790699
1,1,0,1,1,1,1,0,0,1,1,1,1,1,1,1,0,1,0,1,0,1,1,1,0,1,1,1,1,1,0,1,1,1,1,1,1,1,1,1,0,1,1,1,0,0,1,0,1,1,0,1,0,1,1,1,0,0,1,0,0,1,1,0,0,1,1,1,1,1,1,1,0,1,0,1,1,1,0,1,62,-17.0246653140962,240.001,5.331733483261533e-08,5.331733483261533e-08,25.706650363335008,25.706650363335008,22.483658504213857,22.483658504213857
1,1,0,1,1,1,1,0,0,1,1,1,1,1,1,1,0,1,0,1,0,1,1,1,0,1,1,1,1,1,0,1,1,1,1,1,1,1,1,1,0,1,1,1,0,0,1,0,1,1,0,1,0,1,1,1,0,0,1,0,0,1,1,0,0,1,1,1,1,1,1,1,0,1,0,1,1,1,0,1,63,-17.02478234661579,240.001,5.333009311616571e-08,5.333009311616571e-08,25.7054942336187,25.7054942336187,22.46285759454952,22.46285759454952
1,1,0,1,1,1,1,0,0,1,1,1,1,1,1,1,0,1,0,1,0,1,1,1,0,1,1,1,1,1,0,1,1,1,1,1,1,1,1,1,0,1,1,1,0,0,1,0,1,1,0,1,0,1,1,1,0,0,1,0,0,1,1,0,0,1,1,1,1,1,1,1,0,1,0,1,1,1,0,1,66,-17.02563831823265,240.001,5.336424381398025e-08,5.336424381398025e-08,25.701858084431557,25.701858084431557,22.3136596283895,22.3136596283895
1,1,0,1,1,1,1,0,0,1,1,1,1,1,1,1,0,1,0,1,0,1,1,1,0,1,1,1,1,1,0,1,1,1,1,1,1,1,1,1,0,1,1,1,0,0,1,0,1,1,0,1,0,1,1,1,0,0,1,0,0,1,1,0,0,1,1,1,1,1,1,1,0,1,0,1,1,1,0,1,67,-17.026918933245902,240.001,5.3367496907360066e-08,5.3367496907360066e-08,25.7003127308326,25.7003127308326,22.099547712348357,22.099547712348357
1,1,0,1,1,1,1,0,0,1,1,1,1,1,1,1,0,1,0,1,0,1,1,1,0,1,1,1,1,1,0,1,1,1,1,1,1,1,1,1,0,1,1,1,0,0,1,0,1,1,0,1,0,1,1,1,0,0,1,0,0,1,1,0,0,1,1,1,1,1,1,1,0,1,0,1,1,1,0,1,68,-17.027315667666734,240.001,5.337796595991668e-08,5.337796595991668e-08,25.699064128491848,25.699064128491848,22.03528966573174,22.03528966573174
1,1,0,1,1,1,1,0,0,1,1,1,1,1,1,1,0,1,0,1,0,1,1,1,0,1,1,1,1,1,0,1,1,1,1,1,1,1,1,1,0,1,1,1,0,0,1,0,1,1,0,1,0,1,1,1,0,0,1,0,0,1,1,0,0,1,1,1,1,1,1,1,0,1,0,1,1,1,0,1,69,-17.027408742750296,240.001,5.339091353733622e-08,5.339091353733622e-08,25.697917738719333,25.697917738719333,22.02035039340125,22.02035039340125
1,1,0,1,1,1,1,0,0,1,1,1,1,1,1,1,0,1,0,1,0,1,1,1,0,1,1,1,1,1,0,1,1,1,1,1,1,1,1,1,0,1,1,1,0,0,1,0,1,1,0,1,0,1,1,1,0,0,1,0,0,1,1,0,0,1,1,1,1,1,1,1,0,1,0,1,1,1,0,1,70,-17.027290880809296,240.001,5.340558372756907e-08,5.340558372756907e-08,25.696842456152815,25.696842456152815,22.039276774681436,22.039276774681436
1,1,0,1,1,1,1,0,0,1,1,1,1,1,1,1,0,1,0,1,0,1,1,1,0,1,1,1,1,1,0,1,1,1,1,1,1,1,1,1,0,1,1,1,0,0,1,0,1,1,0,1,0,1,1,1,0,0,1,0,0,1,1,0,0,1,1,1,1,1,1,1,0,1,0,1,1,1,0,1,71,-17.0268996758128,240.001,5.342248810338207e-08,5.342248810338207e-08,25.69585921395186,25.69585921395186,22.10269096472566,22.10269096472566
1,1,0,1,1,1,1,0,0,1,1,1,1,1,1,1,0,1,0,1,0,1,1,1,0,1,1,1,1,1,0,1,1,1,1,1,1,1,1,1,0,1,1,1,0,0,1,0,1,1,0,1,0,1,1,1,0,0,1,0,0,1,1,0,0,1,1,1,1,1,1,1,0,1,0,1,1,1,0,1,72,-17.02572972389716,240.001,5.3445762895794514e-08,5.3445762895794514e-08,25.695137469507262,25.695137469507262,22.298024426961597,22.298024426961597
1,1,0,1,1,1,1,0,0,1,1,1,1,1,1,1,0,1,0,1,0,1,1,1,0,1,1,1,1,1,0,1,1,1,1,1,1,1,1,1,0,1,1,1,0,0,1,0,1,1,0,1,0,1,1,1,0,0,1,0,0,1,1,0,0,1,1,1,1,1,1,1,0,1,0,1,1,1,0,1,74,-17.02414609856468,240.001,5.348614375978366e-08,5.348614375978366e-08,25.69344102852706,25.69344102852706,22.57715569650994,22.57715569650994
1,1,0,1,1,1,1,0,0,1,1,1,1,1,1,1,0,1,0,1,0,1,1,1,0,1,1,1,1,1,0,1,1,1,1,1,1,1,1,1,0,1,1,1,0,0,1,0,1,1,0,1,0,1,1,1,0,0,1,0,0,1,1,0,0,1,1,1,1,1,1,1,0,1,0,1,1,1,0,1,76,-17.024716170626483,240.001,5.3508902700814945e-08,5.3508902700814945e-08,25.691023378847436,25.691023378847436,22.47460728648526,22.47460728648526
1,1,0,1,1,1,1,0,0,1,1,1,1,1,1,1,0,1,0,1,0,1,1,1,0,1,1,1,1,1,0,1,1,1,1,1,1,1,1,1,0,1,1,1,0,0,1,0,1,1,0,1,0,1,1,1,0,0,1,0,0,1,1,0,0,1,1,1,1,1,1,1,0,1,0,1,1,1,0,1,77,-17.02515325601989,240.001,5.3519034921061035e-08,5.3519034921061035e-08,25.689764009580635,25.689764009580635,22.397580555861136,22.397580555861136
1,1,0,1,1,1,1,0,0,1,1,1,1,1,1,1,0,1,0,1,0,1,1,1,0,1,1,1,1,1,0,1,1,1,1,1,1,1,1,1,0,1,1,1,0,0,1,0,1,1,0,1,0,1,1,1,0,0,1,0,0,1,1,0,0,1,1,1,1,1,1,1,0,1,0,1,1,1,0,1,78,-17.024068850677413,240.001,5.354163217175712e-08,5.354163217175712e-08,25.68901508776465,25.68901508776465,22.591238687020486,22.591238687020486
1,1,0,1,1,1,1,0,0,1,1,1,1,1,1,1,0,1,0,1,0,1,1,1,0,1,1,1,1,1,0,1,1,1,1,1,1,1,1,1,0,1,1,1,0,0,1,0,1,1,0,1,0,1,1,1,0,0,1,0,0,1,1,0,0,1,1,1,1,1,1,1,0,1,0,1,1,1,0,1,80,-17.021762332475326,240.001,5.3587976341181995e-08,5.3587976341181995e-08,25.687564097919328,25.687564097919328,23.034140251161602,23.034140251161602
1,1,0,1,1,1,1,0,0,1,1,1,1,1,1,1,0,1,0,1,0,1,1,1,0,1,1,1,1,1,0,1,1,1,1,1,1,1,1,1,0,1,1,1,0,0,1,0,1,1,0,1,0,1,1,1,0,1,1,0,0,1,1,0,0,1,1,1,1,1,1,1,0,1,0,1,1,1,0,1,1,-17.02288197984908,240.001,5.249515061717125e-08,5.249515061717125e-08,25.77592615894406,25.77592615894406,22.813528705494143,22.813528705494143
1,1,0,1,1,1,1,0,0,1,1,1,1,1,1,1,0,1,0,1,0,1,1,1,0,1,1,1,1,1,0,1,1,1,1,1,1,1,1,1,0,1,1,1,0,0,1,0,1,1,0,1,0,1,1,1,0,1,1,0,0,1,1,0,0,1,1,1,1,1,1,1,0,1,0,1,1,1,0,1,2,-17.023680079717675,240.001,5.2502453734818424e-08,5.2502453734818424e-08,25.77452391125332,25.77452391125332,22.66281295758246,22.66281295758246
1,1,0,1,1,1,1,0,0,1,1,1,1,1,1,1,0,1,0,1,0,1,1,1,0,1,1,1,1,1,0,1,1,1,1,1,1,1,1,1,0,1,1,1,0,0,1,0,1,1,0,1,0,1,1,1,0,1,1,0,0,1,1,0,0,1,1,1,1,1,1,1,0,1,0,1,1,1,0,1,4,-17.02484654160837,240.001,5.2520509756435015e-08,5.2520509756435015e-08,25.77186413202139,25.77186413202139,22.45148975746376,22.45148975746376
1,1,0,1,1,1,1,0,0,1,1,1,1,1,1,1,0,1,0,1,0,1,1,1,0,1,1,1,1,1,0,1,1,1,1,1,1,1,1,1,0,1,1,1,0,0,1,0,1,1,0,1,0,1,1,1,0,1,1,0,0,1,1,0,0,1,1,1,1,1,1,1,0,1,0,1,1,1,0,1,5,-17.025954589552896,240.001,5.252531592324998e-08,5.252531592324998e-08,25.77035867814192,25.77035867814192,22.259797004599342,22.259797004599342
1,1,0,1,1,1,1,0,0,1,1,1,1,1,1,1,0,1,0,1,0,1,1,1,0,1,1,1,1,1,0,1,1,1,1,1,1,1,1,1,0,1,1,1,0,0,1,0,1,1,0,1,0,1,1,1,0,1,1,0,0,1,1,0,0,1,1,1,1,1,1,1,0,1,0,1,1,1,0,1,6,-17.026097368178714,240.001,5.253787915482551e-08,5.253787915482551e-08,25.769177259453787,25.769177259453787,22.235696954999664,22.235696954999664
1,1,0,1,1,1,1,0,0,1,1,1,1,1,1,1,0,1,0,1,0,1,1,1,0,1,1,1,1,1,0,1,1,1,1,1,1,1,1,1,0,1,1,1,0,0,1,0,1,1,0,1,0,1,1,1,0,1,1,0,0,1,1,0,0,1,1,1,1,1,1,1,0,1,0,1,1,1,0,1,7,-17.02521009993848,240.001,5.255872574282939e-08,5.255872574282939e-08,25.768341625557625,25.768341625557625,22.387662142201957,22.387662142201957
1,1,0,1,1,1,1,0,0,1,1,1,1,1,1,1,0,1,0,1,0,1,1,1,0,1,1,1,1,1,0,1,1,1,1,1,1,1,1,1,0,1,1,1,0,0,1,0,1,1,0,1,0,1,1,1,0,1,1,0,0,1,1,0,0,1,1,1,1,1,1,1,0,1,0,1,1,1,0,1,10,-17.025804830034858,240.001,5.259507751026468e-08,5.259507751026468e-08,25.764744175227626,25.764744175227626,22.285219055720646,22.285219055720646
1,1,0,1,1,1,1,0,0,1,1,1,1,1,1,1,0,1,0,1,0,1,1,1,0,1,1,1,1,1,0,1,1,1,1,1,1,1,1,1,0,1,1,1,0,0,1,0,1,1,0,1,0,1,1,1,0,1,1,0,0,1,1,0,0,1,1,1,1,1,1,1,0,1,0,1,1,1,0,1,11,-17.027155949184028,240.001,5.259791408168245e-08,5.259791408168245e-08,25.76315883756334,25.76315883756334,22.061045336824698,22.061045336824698
1,1,0,1,1,1,1,0,0,1,1,1,1,1,1,1,0,1,0,1,0,1,1,1,0,1,1,1,1,1,0,1,1,1,1,1,1,1,1,1,0,1,1,1,0,0,1,0,1,1,0,1,0,1,1,1,0,1,1,0,0,1,1,0,0,1,1,1,1,1,1,1,0,1,0,1,1,1,0,1,12,-17.027646736803145,240.001,5.260767275182994e-08,5.260767275182994e-08,25.761862363338505,25.761862363338505,21.982381138718896,21.982381138718896
1,1,0,1,1,1,1,0,0,1,1,1,1,1,1,1,0,1,0,1,0,1,1,1,0,1,1,1,1,1,0,1,1,1,1,1,1,1,1,1,0,1,1,1,0,0,1,0,1,1,0,1,0,1,1,1,0,1,1,0,0,1,1,0,0,1,1,1,1,1,1,1,0,1,0,1,1,1,0,1,13,-17.027849581631408,240.001,5.261974729690698e-08,5.261974729690698e-08,25.760662837546473,25.760662837546473,21.950277909549897,21.950277909549897
1,1,0,1,1,1,1,0,0,1,1,1,1,1,1,1,0,1,0,1,0,1,1,1,0,1,1,1,1,1,0,1,1,1,1,1,1,1,1,1,0,1,1,1,0,0,1,0,1,1,0,1,0,1,1,1,0,1,1,0,0,1,1,0,0,1,1,1,1,1,1,1,0,1,0,1,1,1,0,1,14,-17.027853064023194,240.001,5.2633425860844003e-08,5.2633425860844003e-08,25.7595305483561,25.7595305483561,21.94972882263042,21.94972882263042
1,1,0,1,1,1,1,0,0,1,1,1,1,1,1,1,0,1,0,1,0,1,1,1,0,1,1,1,1,1,0,1,1,1,1,1,1,1,1,1,0,1,1,1,0,0,1,0,1,1,0,1,0,1,1,1,0,1,1,0,0,1,1,0,0,1,1,1,1,1,1,1,0,1,0,1,1,1,0,1,15,-17.02759200540882,240.001,5.264923466356298e-08,5.264923466356298e-08,25.758487370203706,25.758487370203706,21.991083750717667,21.991083750717667
1,1,0,1,1,1,1,0,0,1,1,1,1,1,1,1,0,1,0,1,0,1,1,1,0,1,1,1,1,1,0,1,1,1,1,1,1,1,1,1,0,1,1,1,0,0,1,0,1,1,0,1,0,1,1,1,0,1,1,0,0,1,1,0,0,1,1,1,1,1,1,1,0,1,0,1,1,1,0,1,16,-17.026557873621382,240.001,5.267127445851233e-08,5.267127445851233e-08,25.757703857631412,25.757703857631412,22.158860426578244,22.158860426578244
1,1,0,1,1,1,1,0,0,1,1,1,1,1,1,1,0,1,0,1,0,1,1,1,0,1,1,1,1,1,0,1,1,1,1,1,1,1,1,1,0,1,1,1,0,0,1,0,1,1,0,1,0,1,1,1,0,1,1,0,0,1,1,0,0,1,1,1,1,1,1,1,0,1,0,1,1,1,0,1,18,-17.025220463004256,240.001,5.2709477603735983e-08,5.2709477603735983e-08,25.75589241695186,25.75589241695186,22.385856366914435,22.385856366914435
1,1,0,1,1,1,1,0,0,1,1,1,1,1,1,1,0,1,0,1,0,1,1,1,0,1,1,1,1,1,0,1,1,1,1,1,1,1,1,1,0,1,1,1,0,0,1,0,1,1,0,1,0,1,1,1,0,1,1,0,0,1,1,0,0,1,1,1,1,1,1,1,0,1,0,1,1,1,0,1,20,-17.025273815063684,240.001,5.273647143867291e-08,5.273647143867291e-08,25.753615504116304,25.753615504116304,22.37657151004631,22.37657151004631
1,1,0,1,1,1,1,0,0,1,1,1,1,1,1,1,0,1,0,1,0,1,1,1,0,1,1,1,1,1,0,1,1,1,1,1,1,1,1,1,0,1,1,1,0,0,1,0,1,1,0,1,0,1,1,1,0,1,1,0,0,1,1,0,0,1,1,1,1,1,1,1,0,1,0,1,1,1,0,1,22,-17.026640042578123,240.001,5.2752867409941874e-08,5.2752867409941874e-08,25.750899248251585,25.750899248251585,22.145291263042147,22.145291263042147
1,1,0,1,1,1,1,0,0,1,1,1,1,1,1,1,0,1,0,1,0,1,1,1,0,1,1,1,1,1,0,1,1,1,1,1,1,1,1,1,0,1,1,1,0,0,1,0,1,1,0,1,0,1,1,1,0,1,1,0,0,1,1,0,0,1,1,1,1,1,1,1,0,1,0,1,1,1,0,1,23,-17.027529357390584,240.001,5.275939767056634e-08,5.275939767056634e-08,25.749472354958357,25.749472354958357,22.001066469129743,22.001066469129743
1,1,0,1,1,1,1,0,0,1,1,1,1,1,1,1,0,1,0,1,0,1,1,1,0,1,1,1,1,1,0,1,1,1,1,1,1,1,1,1,0,1,1,1,0,0,1,0,1,1,0,1,0,1,1,1,0,1,1,0,0,1,1,0,0,1,1,1,1,1,1,1,0,1,0,1,1,1,0,1,24,-17.02702679459809,240.001,5.277716359541692e-08,5.277716359541692e-08,25.748512743295127,25.748512743295127,22.08198395476697,22.08198395476697
1,1,0,1,1,1,1,0,0,1,1,1,1,1,1,1,0,1,0,1,0,1,1,1,0,1,1,1,1,1,0,1,1,1,1,1,1,1,1,1,0,1,1,1,0,0,1,0,1,1,0,1,0,1,1,1,0,1,1,0,0,1,1,0,0,1,1,1,1,1,1,1,0,1,0,1,1,1,0,1,26,-17.02738926259581,240.001,5.280165340687985e-08,5.280165340687985e-08,25.746135516944562,25.746135516944562,22.023472886244186,22.023472886244186
1,1,0,1,1,1,1,0,0,1,1,1,1,1,1,1,0,1,0,1,0,1,1,1,0,1,1,1,1,1,0,1,1,1,1,1,1,1,1,1,0,1,1,1,0,0,1,0,1,1,0,1,0,1,1,1,0,1,1,0,0,1,1,0,0,1,1,1,1,1,1,1,0,1,0,1,1,1,0,1,27,-17.028385896245563,240.001,5.280730939412937e-08,5.280730939412937e-08,25.744673702312177,25.744673702312177,21.866516802255163,21.866516802255163
1,1,0,1,1,1,1,0,0,1,1,1,1,1,1,1,0,1,0,1,0,1,1,1,0,1,1,1,1,1,0,1,1,1,1,1,1,1,1,1,0,1,1,1,0,0,1,0,1,1,0,1,0,1,1,1,0,1,1,0,0,1,1,0,0,1,1,1,1,1,1,1,0,1,0,1,1,1,0,1,28,-17.028635545944958,240.001,5.281899827357323e-08,5.281899827357323e-08,25.743462849674813,25.743462849674813,21.828067548179888,21.828067548179888
1,1,0,1,1,1,1,0,0,1,1,1,1,1,1,1,0,1,0,1,0,1,1,1,0,1,1,1,1,1,0,1,1,1,1,1,1,1,1,1,0,1,1,1,0,0,1,0,1,1,0,1,0,1,1,1,0,1,1,0,0,1,1,0,0,1,1,1,1,1,1,1,0,1,0,1,1,1,0,1,29,-17.028544556430447,240.001,5.283343864736618e-08,5.283343864736618e-08,25.742366668334267,25.742366668334267,21.84204196333186,21.84204196333186
1,1,0,1,1,1,1,0,0,1,1,1,1,1,1,1,0,1,0,1,0,1,1,1,0,1,1,1,1,1,0,1,1,1,1,1,1,1,1,1,0,1,1,1,0,0,1,0,1,1,0,1,0,1,1,1,0,1,1,0,0,1,1,0,0,1,1,1,1,1,1,1,0,1,0,1,1,1,0,1,30,-17.027721167554635,240.001,5.285380104776549e-08,5.285380104776549e-08,25.741516576425326,25.741516576425326,21.970573952307717,21.970573952307717
1,1,0,1,1,1,1,0,0,1,1,1,1,1,1,1,0,1,0,1,0,1,1,1,0,1,1,1,1,1,0,1,1,1,1,1,1,1,1,1,0,1,1,1,0,0,1,0,1,1,0,1,0,1,1,1,0,1,1,0,0,1,1,0,0,1,1,1,1,1,1,1,0,1,0,1,1,1,0,1,32,-17.02785176953216,240.001,5.288015881098356e-08,5.288015881098356e-08,25.73922072283454,25.73922072283454,21.949932923744683,21.949932923744683
1,1,0,1,1,1,1,0,0,1,1,1,1,1,1,1,0,1,0,1,0,1,1,1,0,1,1,1,1,1,0,1,1,1,1,1,1,1,1,1,0,1,1,1,0,0,1,0,1,1,0,1,0,1,1,1,0,1,1,0,0,1,1,0,0,1,1,1,1,1,1,1,0,1,0,1,1,1,0,1,33,-17.028825994177943,240.001,5.2885983508105345e-08,5.2885983508105345e-08,25.737768153462206,25.737768153462206,21.79896180589877,21.79896180589877
1,1,0,1,1,1,1,0,0,1,1,1,1,1,1,1,0,1,0,1,0,1,1,1,0,1,1,1,1,1,0,1,1,1,1,1,1,1,1,1,0,1,1,1,0,0,1,0,1,1,0,1,0,1,1,1,0,1,1,0,0,1,1,0,0,1,1,1,1,1,1,1,0,1,0,1,1,1,0,1,34,-17.029123394597615,240.001,5.289728224287589e-08,5.289728224287589e-08,25.736543011183333,25.736543011183333,21.753894880284964,21.753894880284964
1,1,0,1,1,1,1,0,0,1,1,1,1,1,1,1,0,1,0,1,0,1,1,1,0,1,1,1,1,1,0,1,1,1,1,1,1,1,1,1,0,1,1,1,0,0,1,0,1,1,0,1,0,1,1,1,0,1,1,0,0,1,1,0,0,1,1,1,1,1,1,1,0,1,0,1,1,1,0,1,35,-17.02923306676587,240.001,5.2910098837612326e-08,5.2910098837612326e-08,25.735381205158028,25.735381205158028,21.737392129472866,21.737392129472866
1,1,0,1,1,1,1,0,0,1,1,1,1,1,1,1,0,1,0,1,0,1,1,1,0,1,1,1,1,1,0,1,1,1,1,1,1,1,1,1,0,1,1,1,0,0,1,0,1,1,0,1,0,1,1,1,0,1,1,0,0,1,1,0,0,1,1,1,1,1,1,1,0,1,0,1,1,1,0,1,36,-17.029242640357026,240.001,5.292372499514361e-08,5.292372499514361e-08,25.734253318943594,25.734253318943594,21.73595450984915,21.73595450984915
1,1,0,1,1,1,1,0,0,1,1,1,1,1,1,1,0,1,0,1,0,1,1,1,0,1,1,1,1,1,0,1,1,1,1,1,1,1,1,1,0,1,1,1,0,0,1,0,1,1,0,1,0,1,1,1,0,1,1,0,0,1,1,0,0,1,1,1,1,1,1,1,0,1,0,1,1,1,0,1,37,-17.029168225027146,240.001,5.2938030906942585e-08,5.2938030906942585e-08,25.73315394331606,25.73315394331606,21.747141561367627,21.747141561367627
1,1,0,1,1,1,1,0,0,1,1,1,1,1,1,1,0,1,0,1,0,1,1,1,0,1,1,1,1,1,0,1,1,1,1,1,1,1,1,1,0,1,1,1,0,0,1,0,1,1,0,1,0,1,1,1,0,1,1,0,0,1,1,0,0,1,1,1,1,1,1,1,0,1,0,1,1,1,0,1,38,-17.02898826151746,240.001,5.295319174250672e-08,5.295319174250672e-08,25.732090316071613,25.732090316071613,21.77431486185794,21.77431486185794
1,1,0,1,1,1,1,0,0,1,1,1,1,1,1,1,0,1,0,1,0,1,1,1,0,1,1,1,1,1,0,1,1,1,1,1,1,1,1,1,0,1,1,1,0,0,1,0,1,1,0,1,0,1,1,1,0,1,1,0,0,1,1,0,0,1,1,1,1,1,1,1,0,1,0,1,1,1,0,1,39,-17.02860826234151,240.001,5.296997384444494e-08,5.296997384444494e-08,25.731094152764665,25.731094152764665,21.832253150251223,21.832253150251223
1,1,0,1,1,1,1,0,0,1,1,1,1,1,1,1,0,1,0,1,0,1,1,1,0,1,1,1,1,1,0,1,1,1,1,1,1,1,1,1,0,1,1,1,0,0,1,0,1,1,0,1,0,1,1,1,0,1,1,0,0,1,1,0,0,1,1,1,1,1,1,1,0,1,0,1,1,1,0,1,40,-17.02752855524183,240.001,5.2992430254051175e-08,5.2992430254051175e-08,25.73033307586094,25.73033307586094,22.00119443638438,22.00119443638438
1,1,0,1,1,1,1,0,0,1,1,1,1,1,1,1,0,1,0,1,0,1,1,1,0,1,1,1,1,1,0,1,1,1,1,1,1,1,1,1,0,1,1,1,0,0,1,0,1,1,0,1,0,1,1,1,0,1,1,0,0,1,1,0,0,1,1,1,1,1,1,1,0,1,0,1,1,1,0,1,42,-17.027019491585637,240.001,5.302397227745522e-08,5.302397227745522e-08,25.72825791164493,25.72825791164493,22.083170925738763,22.083170925738763
1,1,0,1,1,1,1,0,0,1,1,1,1,1,1,1,0,1,0,1,0,1,1,1,0,1,1,1,1,1,0,1,1,1,1,1,1,1,1,1,0,1,1,1,0,0,1,0,1,1,0,1,0,1,1,1,0,1,1,0,0,1,1,0,0,1,1,1,1,1,1,1,0,1,0,1,1,1,0,1,43,-17.027408807597915,240.001,5.3034520535316317e-08,5.3034520535316317e-08,25.727004723239904,25.727004723239904,22.020340002639145,22.020340002639145
1,1,0,1,1,1,1,0,0,1,1,1,1,1,1,1,0,1,0,1,0,1,1,1,0,1,1,1,1,1,0,1,1,1,1,1,1,1,1,1,0,1,1,1,0,0,1,0,1,1,0,1,0,1,1,1,0,1,1,0,0,1,1,0,0,1,1,1,1,1,1,1,0,1,0,1,1,1,0,1,44,-17.02629397169663,240.001,5.305727709762751e-08,5.305727709762751e-08,25.726256446287806,25.726256446287806,22.202727706961266,22.202727706961266
1,1,0,1,1,1,1,0,0,1,1,1,1,1,1,1,0,1,0,1,0,1,1,1,0,1,1,1,1,1,0,1,1,1,1,1,1,1,1,1,0,1,1,1,0,0,1,0,1,1,0,1,0,1,1,1,0,1,1,0,0,1,1,0,0,1,1,1,1,1,1,1,0,1,0,1,1,1,0,1,47,-17.024784341896165,240.001,5.311067192004637e-08,5.311067192004637e-08,25.72339769958512,25.72339769958512,22.462503818575087,22.462503818575087
1,1,0,1,1,1,1,0,0,1,1,1,1,1,1,1,0,1,0,1,0,1,1,1,0,1,1,1,1,1,0,1,1,1,1,1,1,1,1,1,0,1,1,1,0,0,1,0,1,1,0,1,0,1,1,1,0,1,1,0,0,1,1,0,0,1,1,1,1,1,1,1,0,1,0,1,1,1,0,1,49,-17.02585155386737,240.001,5.312941998800947e-08,5.312941998800947e-08,25.720797698550765,25.720797698550765,22.277271679842364,22.277271679842364
1,1,0,1,1,1,1,0,0,1,1,1,1,1,1,1,0,1,0,1,0,1,1,1,0,1,1,1,1,1,0,1,1,1,1,1,1,1,1,1,0,1,1,1,0,0,1,0,1,1,0,1,0,1,1,1,0,1,1,0,0,1,1,0,0,1,1,1,1,1,1,1,0,1,0,1,1,1,0,1,50,-17.02587993613757,240.001,5.3142899826362815e-08,5.3142899826362815e-08,25.71966757700256,25.71966757700256,22.272451116184975,22.272451116184975
1,1,0,1,1,1,1,0,0,1,1,1,1,1,1,1,0,1,0,1,0,1,1,1,0,1,1,1,1,1,0,1,1,1,1,1,1,1,1,1,0,1,1,1,0,0,1,0,1,1,0,1,0,1,1,1,0,1,1,0,0,1,1,0,0,1,1,1,1,1,1,1,0,1,0,1,1,1,0,1,52,-17.02510898747945,240.001,5.3176594322042995e-08,5.3176594322042995e-08,25.717685816169062,25.717685816169062,22.40532038377847,22.40532038377847
1,1,0,1,1,1,1,0,0,1,1,1,1,1,1,1,0,1,0,1,0,1,1,1,0,1,1,1,1,1,0,1,1,1,1,1,1,1,1,1,0,1,1,1,0,0,1,0,1,1,0,1,0,1,1,1,0,1,1,0,0,1,1,0,0,1,1,1,1,1,1,1,0,1,0,1,1,1,0,1,54,-17.02620239749149,240.001,5.3195118237948276e-08,5.3195118237948276e-08,25.715079817076973,25.715079817076973,22.21805321205562,22.21805321205562
1,1,0,1,1,1,1,0,0,1,1,1,1,1,1,1,0,1,0,1,0,1,1,1,0,1,1,1,1,1,0,1,1,1,1,1,1,1,1,1,0,1,1,1,0,0,1,0,1,1,0,1,0,1,1,1,0,1,1,0,0,1,1,0,0,1,1,1,1,1,1,1,0,1,0,1,1,1,0,1,55,-17.026927950549368,240.001,5.320292128661171e-08,5.320292128661171e-08,25.713717255856583,25.713717255856583,22.09807665959844,22.09807665959844
1,1,0,1,1,1,1,0,0,1,1,1,1,1,1,1,0,1,0,1,0,1,1,1,0,1,1,1,1,1,0,1,1,1,1,1,1,1,1,1,0,1,1,1,0,0,1,0,1,1,0,1,0,1,1,1,0,1,1,0,0,1,1,0,0,1,1,1,1,1,1,1,0,1,0,1,1,1,0,1,56,-17.02621144263906,240.001,5.3222464552075495e-08,5.3222464552075495e-08,25.712838743485253,25.712838743485253,22.21653705615655,22.21653705615655
1,1,0,1,1,1,1,0,0,1,1,1,1,1,1,1,0,1,0,1,0,1,1,1,0,1,1,1,1,1,0,1,1,1,1,1,1,1,1,1,0,1,1,1,0,0,1,0,1,1,0,1,0,1,1,1,0,1,1,0,0,1,1,0,0,1,1,1,1,1,1,1,0,1,0,1,1,1,0,1,58,-17.025734972669344,240.001,5.325376611604415e-08,5.325376611604415e-08,25.71076176151309,25.71076176151309,22.29712830608772,22.29712830608772
1,1,0,1,1,1,1,0,0,1,1,1,1,1,1,1,0,1,0,1,0,1,1,1,0,1,1,1,1,1,0,1,1,1,1,1,1,1,1,1,0,1,1,1,0,0,1,0,1,1,0,1,0,1,1,1,0,1,1,0,0,1,1,0,0,1,1,1,1,1,1,1,0,1,0,1,1,1,0,1,59,-17.025398185423736,240.001,5.327022233997776e-08,5.327022233997776e-08,25.709756720048045,25.709756720048045,22.35500366255124,22.35500366255124
1,1,0,1,1,1,1,0,0,1,1,1,1,1,1,1,0,1,0,1,0,1,1,1,0,1,1,1,1,1,0,1,1,1,1,1,1,1,1,1,0,1,1,1,0,0,1,0,1,1,0,1,0,1,1,1,0,1,1,0,0,1,1,0,0,1,1,1,1,1,1,1,0,1,0,1,1,1,0,1,62,-17.025126865462088,240.001,5.331357053383365e-08,5.331357053383365e-08,25.706495442431304,25.706495442431304,22.402192979956155,22.402192979956155
1,1,0,1,1,1,1,0,0,1,1,1,1,1,1,1,0,1,0,1,0,1,1,1,0,1,1,1,1,1,0,1,1,1,1,1,1,1,1,1,0,1,1,1,0,0,1,0,1,1,0,1,0,1,1,1,0,1,1,0,0,1,1,0,0,1,1,1,1,1,1,1,0,1,0,1,1,1,0,1,63,-17.02515131424462,240.001,5.332708339767943e-08,5.332708339767943e-08,25.705370369821374,25.705370369821374,22.397919764738322,22.397919764738322
1,1,0,1,1,1,1,0,0,1,1,1,1,1,1,1,0,1,0,1,0,1,1,1,0,1,1,1,1,1,0,1,1,1,1,1,1,1,1,1,0,1,1,1,0,0,1,0,1,1,0,1,0,1,1,1,0,1,1,0,0,1,1,0,0,1,1,1,1,1,1,1,0,1,0,1,1,1,0,1,66,-17.0258686704181,240.001,5.3362363918947915e-08,5.3362363918947915e-08,25.701780726528696,25.701780726528696,22.274363896572,22.274363896572
1,1,0,1,1,1,1,0,0,1,1,1,1,1,1,1,0,1,0,1,0,1,1,1,0,1,1,1,1,1,0,1,1,1,1,1,1,1,1,1,0,1,1,1,0,0,1,0,1,1,0,1,0,1,1,1,0,1,1,0,0,1,1,0,0,1,1,1,1,1,1,1,0,1,0,1,1,1,0,1,67,-17.027123554351306,240.001,5.336582722992398e-08,5.336582722992398e-08,25.700243987008818,25.700243987008818,22.066287787424056,22.066287787424056
1,1,0,1,1,1,1,0,0,1,1,1,1,1,1,1,0,1,0,1,0,1,1,1,0,1,1,1,1,1,0,1,1,1,1,1,1,1,1,1,0,1,1,1,0,0,1,0,1,1,0,1,0,1,1,1,0,1,1,0,0,1,1,0,0,1,1,1,1,1,1,1,0,1,0,1,1,1,0,1,68,-17.027499772414807,240.001,5.33764635177772e-08,5.33764635177772e-08,25.699002267351617,25.699002267351617,22.005788658611763,22.005788658611763
1,1,0,1,1,1,1,0,0,1,1,1,1,1,1,1,0,1,0,1,0,1,1,1,0,1,1,1,1,1,0,1,1,1,1,1,1,1,1,1,0,1,1,1,0,0,1,0,1,1,0,1,0,1,1,1,0,1,1,0,0,1,1,0,0,1,1,1,1,1,1,1,0,1,0,1,1,1,0,1,69,-17.027576084665277,240.001,5.33895476137167e-08,5.33895476137167e-08,25.69786150572527,25.69786150572527,21.99361849911658,21.99361849911658
1,1,0,1,1,1,1,0,0,1,1,1,1,1,1,1,0,1,0,1,0,1,1,1,0,1,1,1,1,1,0,1,1,1,1,1,1,1,1,1,0,1,1,1,0,0,1,0,1,1,0,1,0,1,1,1,0,1,1,0,0,1,1,0,0,1,1,1,1,1,1,1,0,1,0,1,1,1,0,1,70,-17.02744426865327,240.001,5.340433137016471e-08,5.340433137016471e-08,25.69679091127157,25.69679091127157,22.0146616499703,22.0146616499703
1,1,0,1,1,1,1,0,0,1,1,1,1,1,1,1,0,1,0,1,0,1,1,1,0,1,1,1,1,1,0,1,1,1,1,1,1,1,1,1,0,1,1,1,0,0,1,0,1,1,0,1,0,1,1,1,0,1,1,0,0,1,1,0,0,1,1,1,1,1,1,1,0,1,0,1,1,1,0,1,71,-17.027041273007413,240.001,5.342133161328789e-08,5.342133161328789e-08,25.695811633850166,25.695811633850166,22.079631707179775,22.079631707179775
1,1,0,1,1,1,1,0,0,1,1,1,1,1,1,1,0,1,0,1,0,1,1,1,0,1,1,1,1,1,0,1,1,1,1,1,1,1,1,1,0,1,1,1,0,0,1,0,1,1,0,1,0,1,1,1,0,1,1,0,0,1,1,0,0,1,1,1,1,1,1,1,0,1,0,1,1,1,0,1,72,-17.025861255431955,240.001,5.344468800790519e-08,5.344468800790519e-08,25.695093283076744,25.695093283076744,22.275623327052486,22.275623327052486
1,1,0,1,1,1,1,0,0,1,1,1,1,1,1,1,0,1,0,1,0,1,1,1,0,1,1,1,1,1,0,1,1,1,1,1,1,1,1,1,0,1,1,1,0,0,1,0,1,1,0,1,0,1,1,1,0,1,1,0,0,1,1,0,0,1,1,1,1,1,1,1,0,1,0,1,1,1,0,1,74,-17.024261247084265,240.001,5.348520187390841e-08,5.348520187390841e-08,25.693402359523706,25.693402359523706,22.556247024849156,22.556247024849156
1,1,0,1,1,1,1,0,0,1,1,1,1,1,1,1,0,1,0,1,0,1,1,1,0,1,1,1,1,1,0,1,1,1,1,1,1,1,1,1,0,1,1,1,0,0,1,0,1,1,0,1,0,1,1,1,0,1,1,0,0,1,1,0,0,1,1,1,1,1,1,1,0,1,0,1,1,1,0,1,76,-17.024818493966816,240.001,5.350806544452223e-08,5.350806544452223e-08,25.690989010298605,25.690989010298605,22.456452876692758,22.456452876692758
1,1,0,1,1,1,1,0,0,1,1,1,1,1,1,1,0,1,0,1,0,1,1,1,0,1,1,1,1,1,0,1,1,1,1,1,1,1,1,1,0,1,1,1,0,0,1,0,1,1,0,1,0,1,1,1,0,1,1,0,0,1,1,0,0,1,1,1,1,1,1,1,0,1,0,1,1,1,0,1,77,-17.02525017256558,240.001,5.351824181204045e-08,5.351824181204045e-08,25.689731452458446,25.689731452458446,22.380683578164668,22.380683578164668
1,1,0,1,1,1,1,0,0,1,1,1,1,1,1,1,0,1,0,1,0,1,1,1,0,1,1,1,1,1,0,1,1,1,1,1,1,1,1,1,0,1,1,1,0,0,1,0,1,1,0,1,0,1,1,1,0,1,1,0,0,1,1,0,0,1,1,1,1,1,1,1,0,1,0,1,1,1,0,1,78,-17.024160955256278,240.001,5.3540878027741974e-08,5.3540878027741974e-08,25.68898415481572,25.68898415481572,22.574452386465996,22.574452386465996
1,1,0,1,1,1,1,0,0,1,1,1,1,1,1,1,0,1,0,1,0,1,1,1,0,1,1,1,1,1,0,1,1,1,1,1,1,1,1,1,0,1,1,1,0,0,1,0,1,1,0,1,0,1,1,1,0,1,1,0,0,1,1,0,0,1,1,1,1,1,1,1,0,1,0,1,1,1,0,1,80,-17.021846133003187,240.001,5.358728940289524e-08,5.358728940289524e-08,25.68753596947313,25.68753596947313,23.017236863208748,23.017236863208748
1,1,0,1,1,1,1,0,0,1,1,1,1,1,1,1,0,1,0,1,1,1,1,1,0,1,1,1,1,1,0,1,1,1,1,1,1,1,1,1,0,1,1,1,0,0,1,0,1,1,0,1,0,1,1,1,0,1,1,0,0,1,1,0,0,1,1,1,1,1,1,1,0,1,0,1,1,1,0,1,1,-17.022974050639913,240.001,5.249441157568814e-08,5.249441157568814e-08,25.77589522978127,25.77589522978127,22.795873917484215,22.795873917484215
1,1,0,1,1,1,1,0,0,1,1,1,1,1,1,1,0,1,0,1,1,1,1,1,0,1,1,1,1,1,0,1,1,1,1,1,1,1,1,1,0,1,1,1,0,0,1,0,1,1,0,1,0,1,1,1,0,1,1,0,0,1,1,0,0,1,1,1,1,1,1,1,0,1,0,1,1,1,0,1,2,-17.02377697175294,240.001,5.2501675953869353e-08,5.2501675953869353e-08,25.774491356873213,25.774491356873213,22.64486469128428,22.64486469128428
1,1,0,1,1,1,1,0,0,1,1,1,1,1,1,1,0,1,0,1,1,1,1,1,0,1,1,1,1,1,0,1,1,1,1,1,1,1,1,1,0,1,1,1,0,0,1,0,1,1,0,1,0,1,1,1,0,1,1,0,0,1,1,0,0,1,1,1,1,1,1,1,0,1,0,1,1,1,0,1,4,-17.024954793313015,240.001,5.2519640600977626e-08,5.2519640600977626e-08,25.771827751771184,25.771827751771184,22.432386989610194,22.432386989610194
1,1,0,1,1,1,1,0,0,1,1,1,1,1,1,1,0,1,0,1,1,1,1,1,0,1,1,1,1,1,0,1,1,1,1,1,1,1,1,1,0,1,1,1,0,0,1,0,1,1,0,1,0,1,1,1,0,1,1,0,0,1,1,0,0,1,1,1,1,1,1,1,0,1,0,1,1,1,0,1,5,-17.026069565577878,240.001,5.252439280914247e-08,5.252439280914247e-08,25.7703200285281,25.7703200285281,22.240379431101545,22.240379431101545
1,1,0,1,1,1,1,0,0,1,1,1,1,1,1,1,0,1,0,1,1,1,1,1,0,1,1,1,1,1,0,1,1,1,1,1,1,1,1,1,0,1,1,1,0,0,1,0,1,1,0,1,0,1,1,1,0,1,1,0,0,1,1,0,0,1,1,1,1,1,1,1,0,1,0,1,1,1,0,1,6,-17.026220011290366,240.001,5.253689424720297e-08,5.253689424720297e-08,25.769136032638706,25.769136032638706,22.215101256132847,22.215101256132847
1,1,0,1,1,1,1,0,0,1,1,1,1,1,1,1,0,1,0,1,1,1,1,1,0,1,1,1,1,1,0,1,1,1,1,1,1,1,1,1,0,1,1,1,0,0,1,0,1,1,0,1,0,1,1,1,0,1,1,0,0,1,1,0,0,1,1,1,1,1,1,1,0,1,0,1,1,1,0,1,7,-17.025341558413967,240.001,5.255766947972495e-08,5.255766947972495e-08,25.768297447327377,25.768297447327377,22.364810505770865,22.364810505770865
1,1,0,1,1,1,1,0,0,1,1,1,1,1,1,1,0,1,0,1,1,1,1,1,0,1,1,1,1,1,0,1,1,1,1,1,1,1,1,1,0,1,1,1,0,0,1,0,1,1,0,1,0,1,1,1,0,1,1,0,0,1,1,0,0,1,1,1,1,1,1,1,0,1,0,1,1,1,0,1,10,-17.025972136410537,240.001,5.2593732329203234e-08,5.2593732329203234e-08,25.76468794620192,25.76468794620192,22.256828040592115,22.256828040592115
1,1,0,1,1,1,1,0,0,1,1,1,1,1,1,1,0,1,0,1,1,1,1,1,0,1,1,1,1,1,0,1,1,1,1,1,1,1,1,1,0,1,1,1,0,0,1,0,1,1,0,1,0,1,1,1,0,1,1,0,0,1,1,0,0,1,1,1,1,1,1,1,0,1,0,1,1,1,0,1,11,-17.027339914326078,240.001,5.259643509664692e-08,5.259643509664692e-08,25.76309699210639,25.76309699210639,22.03139296720775,22.03139296720775
1,1,0,1,1,1,1,0,0,1,1,1,1,1,1,1,0,1,0,1,1,1,1,1,0,1,1,1,1,1,0,1,1,1,1,1,1,1,1,1,0,1,1,1,0,0,1,0,1,1,0,1,0,1,1,1,0,1,1,0,0,1,1,0,0,1,1,1,1,1,1,1,0,1,0,1,1,1,0,1,12,-17.027851134966465,240.001,5.2606029243428184e-08,5.2606029243428184e-08,25.761793644581267,25.761793644581267,21.950032978568295,21.950032978568295
1,1,0,1,1,1,1,0,0,1,1,1,1,1,1,1,0,1,0,1,1,1,1,1,0,1,1,1,1,1,0,1,1,1,1,1,1,1,1,1,0,1,1,1,0,0,1,0,1,1,0,1,0,1,1,1,0,1,1,0,0,1,1,0,0,1,1,1,1,1,1,1,0,1,0,1,1,1,0,1,13,-17.02807955408973,240.001,5.261789771194593e-08,5.261789771194593e-08,25.76058552235113,25.76058552235113,21.91416427967178,21.91416427967178
1,1,0,1,1,1,1,0,0,1,1,1,1,1,1,1,0,1,0,1,1,1,1,1,0,1,1,1,1,1,0,1,1,1,1,1,1,1,1,1,0,1,1,1,0,0,1,0,1,1,0,1,0,1,1,1,0,1,1,0,0,1,1,0,0,1,1,1,1,1,1,1,0,1,0,1,1,1,0,1,14,-17.028115950751936,240.001,5.263131092609106e-08,5.263131092609106e-08,25.75944217486341,25.75944217486341,21.908475995087763,21.908475995087763
1,1,0,1,1,1,1,0,0,1,1,1,1,1,1,1,0,1,0,1,1,1,1,1,0,1,1,1,1,1,0,1,1,1,1,1,1,1,1,1,0,1,1,1,0,0,1,0,1,1,0,1,0,1,1,1,0,1,1,0,0,1,1,0,0,1,1,1,1,1,1,1,0,1,0,1,1,1,0,1,15,-17.02789883302747,240.001,5.2646765286131584e-08,5.2646765286131584e-08,25.75838424205947,25.75838424205947,21.94251858829245,21.94251858829245
1,1,0,1,1,1,1,0,0,1,1,1,1,1,1,1,0,1,0,1,1,1,1,1,0,1,1,1,1,1,0,1,1,1,1,1,1,1,1,1,0,1,1,1,0,0,1,0,1,1,0,1,0,1,1,1,0,1,1,0,0,1,1,0,0,1,1,1,1,1,1,1,0,1,0,1,1,1,0,1,16,-17.026926378580413,240.001,5.266830690084905e-08,5.266830690084905e-08,25.757580045863982,25.757580045863982,22.09833306972208,22.09833306972208
1,1,0,1,1,1,1,0,0,1,1,1,1,1,1,1,0,1,0,1,1,1,1,1,0,1,1,1,1,1,0,1,1,1,1,1,1,1,1,1,0,1,1,1,0,0,1,0,1,1,0,1,0,1,1,1,0,1,1,0,0,1,1,0,0,1,1,1,1,1,1,1,0,1,0,1,1,1,0,1,18,-17.02583614886973,240.001,5.2704514602451123e-08,5.2704514602451123e-08,25.75568567187843,25.75568567187843,22.27989035794467,22.27989035794467
1,1,0,1,1,1,1,0,0,1,1,1,1,1,1,1,0,1,0,1,1,1,1,1,0,1,1,1,1,1,0,1,1,1,1,1,1,1,1,1,0,1,1,1,0,0,1,0,1,1,0,1,0,1,1,1,0,1,1,0,0,1,1,0,0,1,1,1,1,1,1,1,0,1,0,1,1,1,0,1,20,-17.027159112888064,240.001,5.2721264633128e-08,5.2721264633128e-08,25.752982695113946,25.752982695113946,22.06053369203877,22.06053369203877
1,1,0,1,1,1,1,0,0,1,1,1,1,1,1,1,0,1,0,1,1,1,1,1,0,1,1,1,1,1,0,1,1,1,1,1,1,1,1,1,0,1,1,1,0,0,1,0,1,1,0,1,0,1,1,1,0,1,1,0,0,1,1,0,0,1,1,1,1,1,1,1,0,1,0,1,1,1,0,1,21,-17.02823513647393,240.001,5.2726292835304227e-08,5.2726292835304227e-08,25.75149249020172,25.75149249020172,21.88990059039517,21.88990059039517
1,1,0,1,1,1,1,0,0,1,1,1,1,1,1,1,0,1,0,1,1,1,1,1,0,1,1,1,1,1,0,1,1,1,1,1,1,1,1,1,0,1,1,1,0,0,1,0,1,1,0,1,0,1,1,1,0,1,1,0,0,1,1,0,0,1,1,1,1,1,1,1,0,1,0,1,1,1,0,1,22,-17.02852456718218,240.001,5.2737664208792415e-08,5.2737664208792415e-08,25.750266526309034,25.750266526309034,21.8451179603157,21.8451179603157
1,1,0,1,1,1,1,0,0,1,1,1,1,1,1,1,0,1,0,1,1,1,1,1,0,1,1,1,1,1,0,1,1,1,1,1,1,1,1,1,0,1,1,1,0,0,1,0,1,1,0,1,0,1,1,1,0,1,1,0,0,1,1,0,0,1,1,1,1,1,1,1,0,1,0,1,1,1,0,1,23,-17.0284552038239,240.001,5.2751929209152534e-08,5.2751929209152534e-08,25.74916132622882,25.74916132622882,21.855808590787053,21.855808590787053
1,1,0,1,1,1,1,0,0,1,1,1,1,1,1,1,0,1,0,1,1,1,1,1,0,1,1,1,1,1,0,1,1,1,1,1,1,1,1,1,0,1,1,1,0,0,1,0,1,1,0,1,0,1,1,1,0,1,1,0,0,1,1,0,0,1,1,1,1,1,1,1,0,1,0,1,1,1,0,1,24,-17.02764200708849,240.001,5.2772199325777803e-08,5.2772199325777803e-08,25.748306051491706,25.748306051491706,21.983132507348277,21.983132507348277
1,1,0,1,1,1,1,0,0,1,1,1,1,1,1,1,0,1,0,1,1,1,1,1,0,1,1,1,1,1,0,1,1,1,1,1,1,1,1,1,0,1,1,1,0,0,1,0,1,1,0,1,0,1,1,1,0,1,1,0,0,1,1,0,0,1,1,1,1,1,1,1,0,1,0,1,1,1,0,1,26,-17.02775764428238,240.001,5.279867983333353e-08,5.279867983333353e-08,25.746011719066285,25.746011719066285,21.964799159114882,21.964799159114882
1,1,0,1,1,1,1,0,0,1,1,1,1,1,1,1,0,1,0,1,1,1,1,1,0,1,1,1,1,1,0,1,1,1,1,1,1,1,1,1,0,1,1,1,0,0,1,0,1,1,0,1,0,1,1,1,0,1,1,0,0,1,1,0,0,1,1,1,1,1,1,1,0,1,0,1,1,1,0,1,27,-17.028692632295844,240.001,5.280483359041111e-08,5.280483359041111e-08,25.744570584494216,25.744570584494216,21.819322823577938,21.819322823577938
1,1,0,1,1,1,1,0,0,1,1,1,1,1,1,1,0,1,0,1,1,1,1,1,0,1,1,1,1,1,0,1,1,1,1,1,1,1,1,1,0,1,1,1,0,0,1,0,1,1,0,1,0,1,1,1,0,1,1,0,0,1,1,0,0,1,1,1,1,1,1,1,0,1,0,1,1,1,0,1,28,-17.02889836030634,240.001,5.281687666287845e-08,5.281687666287845e-08,25.74337448434757,25.74337448434757,21.78795287428745,21.78795287428745
1,1,0,1,1,1,1,0,0,1,1,1,1,1,1,1,0,1,0,1,1,1,1,1,0,1,1,1,1,1,0,1,1,1,1,1,1,1,1,1,0,1,1,1,0,0,1,0,1,1,0,1,0,1,1,1,0,1,1,0,0,1,1,0,0,1,1,1,1,1,1,1,0,1,0,1,1,1,0,1,29,-17.028774477128536,240.001,5.283158210971485e-08,5.283158210971485e-08,25.742289358983186,25.742289358983186,21.80681593132573,21.80681593132573
1,1,0,1,1,1,1,0,0,1,1,1,1,1,1,1,0,1,0,1,1,1,1,1,0,1,1,1,1,1,0,1,1,1,1,1,1,1,1,1,0,1,1,1,0,0,1,0,1,1,0,1,0,1,1,1,0,1,1,0,0,1,1,0,0,1,1,1,1,1,1,1,0,1,0,1,1,1,0,1,30,-17.027925571432775,240.001,5.285214978821206e-08,5.285214978821206e-08,25.741447857039237,25.741447857039237,21.938311842908718,21.938311842908718
1,1,0,1,1,1,1,0,0,1,1,1,1,1,1,1,0,1,0,1,1,1,1,1,0,1,1,1,1,1,0,1,1,1,1,1,1,1,1,1,0,1,1,1,0,0,1,0,1,1,0,1,0,1,1,1,0,1,1,0,0,1,1,0,0,1,1,1,1,1,1,1,0,1,0,1,1,1,0,1,32,-17.028018968112587,240.001,5.287880750307743e-08,5.287880750307743e-08,25.739164505968,25.739164505968,21.923649461126598,21.923649461126598
1,1,0,1,1,1,1,0,0,1,1,1,1,1,1,1,0,1,0,1,1,1,1,1,0,1,1,1,1,1,0,1,1,1,1,1,1,1,1,1,0,1,1,1,0,0,1,0,1,1,0,1,0,1,1,1,0,1,1,0,0,1,1,0,0,1,1,1,1,1,1,1,0,1,0,1,1,1,0,1,33,-17.028979186989456,240.001,5.288474544287434e-08,5.288474544287434e-08,25.73771663053676,25.73771663053676,21.775689538761096,21.775689538761096
1,1,0,1,1,1,1,0,0,1,1,1,1,1,1,1,0,1,0,1,1,1,1,1,0,1,1,1,1,1,0,1,1,1,1,1,1,1,1,1,0,1,1,1,0,0,1,0,1,1,0,1,0,1,1,1,0,1,1,0,0,1,1,0,0,1,1,1,1,1,1,1,0,1,0,1,1,1,0,1,34,-17.029264775006986,240.001,5.289613946552147e-08,5.289613946552147e-08,25.736495455492182,25.736495455492182,21.732632465948075,21.732632465948075
1,1,0,1,1,1,1,0,0,1,1,1,1,1,1,1,0,1,0,1,1,1,1,1,0,1,1,1,1,1,0,1,1,1,1,1,1,1,1,1,0,1,1,1,0,0,1,0,1,1,0,1,0,1,1,1,0,1,1,0,0,1,1,0,0,1,1,1,1,1,1,1,0,1,0,1,1,1,0,1,35,-17.02936433303342,240.001,5.2909037590659556e-08,5.2909037590659556e-08,25.73533704859692,25.73533704859692,21.717721587713722,21.717721587713722
1,1,0,1,1,1,1,0,0,1,1,1,1,1,1,1,0,1,0,1,1,1,1,1,0,1,1,1,1,1,0,1,1,1,1,1,1,1,1,1,0,1,1,1,0,0,1,0,1,1,0,1,0,1,1,1,0,1,1,0,0,1,1,0,0,1,1,1,1,1,1,1,0,1,0,1,1,1,0,1,36,-17.029365146719414,240.001,5.292273433263475e-08,5.292273433263475e-08,25.73421210755579,25.73421210755579,21.71759993063338,21.71759993063338
1,1,0,1,1,1,1,0,0,1,1,1,1,1,1,1,0,1,0,1,1,1,1,1,0,1,1,1,1,1,0,1,1,1,1,1,1,1,1,1,0,1,1,1,0,0,1,0,1,1,0,1,0,1,1,1,0,1,1,0,0,1,1,0,0,1,1,1,1,1,1,1,0,1,0,1,1,1,0,1,37,-17.02928307092344,240.001,5.2937101946733604e-08,5.2937101946733604e-08,25.73311530838296,25.73311530838296,21.729888456517088,21.729888456517088
1,1,0,1,1,1,1,0,0,1,1,1,1,1,1,1,0,1,0,1,1,1,1,1,0,1,1,1,1,1,0,1,1,1,1,1,1,1,1,1,0,1,1,1,0,0,1,0,1,1,0,1,0,1,1,1,0,1,1,0,0,1,1,0,0,1,1,1,1,1,1,1,0,1,0,1,1,1,0,1,38,-17.02909635314443,240.001,5.2952317158368964e-08,5.2952317158368964e-08,25.732053953870036,25.732053953870036,21.75797349250923,21.75797349250923
1,1,0,1,1,1,1,0,0,1,1,1,1,1,1,1,0,1,0,1,1,1,1,1,0,1,1,1,1,1,0,1,1,1,1,1,1,1,1,1,0,1,1,1,0,0,1,0,1,1,0,1,0,1,1,1,0,1,1,0,0,1,1,0,0,1,1,1,1,1,1,1,0,1,0,1,1,1,0,1,39,-17.02871035848141,240.001,5.296914747989622e-08,5.296914747989622e-08,25.73105980979453,25.73105980979453,21.816611008161487,21.816611008161487
1,1,0,1,1,1,1,0,0,1,1,1,1,1,1,1,0,1,0,1,1,1,1,1,0,1,1,1,1,1,0,1,1,1,1,1,1,1,1,1,0,1,1,1,0,0,1,0,1,1,0,1,0,1,1,1,0,1,1,0,0,1,1,0,0,1,1,1,1,1,1,1,0,1,0,1,1,1,0,1,40,-17.02762531337177,240.001,5.2991646664240056e-08,5.2991646664240056e-08,25.730300536572344,25.730300536572344,21.985785525983133,21.985785525983133
1,1,0,1,1,1,1,0,0,1,1,1,1,1,1,1,0,1,0,1,1,1,1,1,0,1,1,1,1,1,0,1,1,1,1,1,1,1,1,1,0,1,1,1,0,0,1,0,1,1,0,1,0,1,1,1,0,1,1,0,0,1,1,0,0,1,1,1,1,1,1,1,0,1,0,1,1,1,0,1,42,-17.02710704677119,240.001,5.302326275881033e-08,5.302326275881033e-08,25.728228470191844,25.728228470191844,22.06896162737354,22.06896162737354
1,1,0,1,1,1,1,0,0,1,1,1,1,1,1,1,0,1,0,1,1,1,1,1,0,1,1,1,1,1,0,1,1,1,1,1,1,1,1,1,0,1,1,1,0,0,1,0,1,1,0,1,0,1,1,1,0,1,1,0,0,1,1,0,0,1,1,1,1,1,1,1,0,1,0,1,1,1,0,1,43,-17.02749236721271,240.001,5.303384330265773e-08,5.303384330265773e-08,25.726976621896732,25.726976621896732,22.00697143467224,22.00697143467224
1,1,0,1,1,1,1,0,0,1,1,1,1,1,1,1,0,1,0,1,1,1,1,1,0,1,1,1,1,1,0,1,1,1,1,1,1,1,1,1,0,1,1,1,0,0,1,0,1,1,0,1,0,1,1,1,0,1,1,0,0,1,1,0,0,1,1,1,1,1,1,1,0,1,0,1,1,1,0,1,44,-17.026373929574888,240.001,5.3056628691655715e-08,5.3056628691655715e-08,25.72622956328857,25.72622956328857,22.189390085872603,22.189390085872603
1,1,0,1,1,1,1,0,0,1,1,1,1,1,1,1,0,1,0,1,1,1,1,1,0,1,1,1,1,1,0,1,1,1,1,1,1,1,1,1,0,1,1,1,0,0,1,0,1,1,0,1,0,1,1,1,0,1,1,0,0,1,1,0,0,1,1,1,1,1,1,1,0,1,0,1,1,1,0,1,47,-17.024855111239667,240.001,5.311009734513016e-08,5.311009734513016e-08,25.723373914408143,25.723373914408143,22.449974458144617,22.449974458144617
1,1,0,1,1,1,1,0,0,1,1,1,1,1,1,1,0,1,0,1,1,1,1,1,0,1,1,1,1,1,0,1,1,1,1,1,1,1,1,1,0,1,1,1,0,0,1,0,1,1,0,1,0,1,1,1,0,1,1,0,0,1,1,0,0,1,1,1,1,1,1,1,0,1,0,1,1,1,0,1,49,-17.02591723891894,240.001,5.3128886583308546e-08,5.3128886583308546e-08,25.72077561568442,25.72077561568442,22.266123534391934,22.266123534391934
1,1,0,1,1,1,1,0,0,1,1,1,1,1,1,1,0,1,0,1,1,1,1,1,0,1,1,1,1,1,0,1,1,1,1,1,1,1,1,1,0,1,1,1,0,0,1,0,1,1,0,1,0,1,1,1,0,1,1,0,0,1,1,0,0,1,1,1,1,1,1,1,0,1,0,1,1,1,0,1,50,-17.0259433537658,240.001,5.3142384710132726e-08,5.3142384710132726e-08,25.71964625591427,25.71964625591427,22.261699182818496,22.261699182818496
1,1,0,1,1,1,1,0,0,1,1,1,1,1,1,1,0,1,0,1,1,1,1,1,0,1,1,1,1,1,0,1,1,1,1,1,1,1,1,1,0,1,1,1,0,0,1,0,1,1,0,1,0,1,1,1,0,1,1,0,0,1,1,0,0,1,1,1,1,1,1,1,0,1,0,1,1,1,0,1,52,-17.02516832936922,240.001,5.317611196206562e-08,5.317611196206562e-08,25.717665868909442,25.717665868909442,22.39494828680172,22.39494828680172
1,1,0,1,1,1,1,0,0,1,1,1,1,1,1,1,0,1,0,1,1,1,1,1,0,1,1,1,1,1,0,1,1,1,1,1,1,1,1,1,0,1,1,1,0,0,1,0,1,1,0,1,0,1,1,1,0,1,1,0,0,1,1,0,0,1,1,1,1,1,1,1,0,1,0,1,1,1,0,1,54,-17.026258117905037,240.001,5.319466522523396e-08,5.319466522523396e-08,25.715061081591053,25.715061081591053,22.208721657128983,22.208721657128983
1,1,0,1,1,1,1,0,0,1,1,1,1,1,1,1,0,1,0,1,1,1,1,1,0,1,1,1,1,1,0,1,1,1,1,1,1,1,1,1,0,1,1,1,0,0,1,0,1,1,0,1,0,1,1,1,0,1,1,0,0,1,1,0,0,1,1,1,1,1,1,1,0,1,0,1,1,1,0,1,55,-17.026982015855157,240.001,5.320248170996585e-08,5.320248170996585e-08,25.713699073260933,25.713699073260933,22.08926699710714,22.08926699710714
1,1,0,1,1,1,1,0,0,1,1,1,1,1,1,1,0,1,0,1,1,1,1,1,0,1,1,1,1,1,0,1,1,1,1,1,1,1,1,1,0,1,1,1,0,0,1,0,1,1,0,1,0,1,1,1,0,1,1,0,0,1,1,0,0,1,1,1,1,1,1,1,0,1,0,1,1,1,0,1,56,-17.02626397656732,240.001,5.32220372325682e-08,5.32220372325682e-08,25.712821078902223,25.712821078902223,22.20774165790028,22.20774165790028
1,1,0,1,1,1,1,0,0,1,1,1,1,1,1,1,0,1,0,1,1,1,1,1,0,1,1,1,1,1,0,1,1,1,1,1,1,1,1,1,0,1,1,1,0,0,1,0,1,1,0,1,0,1,1,1,0,1,1,0,0,1,1,0,0,1,1,1,1,1,1,1,0,1,0,1,1,1,0,1,58,-17.02578467482993,240.001,5.3253361570805835e-08,5.3253361570805835e-08,25.71074505090312,25.71074505090312,22.288651774481853,22.288651774481853
1,1,0,1,1,1,1,0,0,1,1,1,1,1,1,1,0,1,0,1,1,1,1,1,0,1,1,1,1,1,0,1,1,1,1,1,1,1,1,1,0,1,1,1,0,0,1,0,1,1,0,1,0,1,1,1,0,1,1,0,0,1,1,0,0,1,1,1,1,1,1,1,0,1,0,1,1,1,0,1,59,-17.025446584960488,240.001,5.326982826080378e-08,5.326982826080378e-08,25.709740448600165,25.709740448600165,22.34663909458999,22.34663909458999
1,1,0,1,1,1,1,0,0,1,1,1,1,1,1,1,0,1,0,1,1,1,1,1,0,1,1,1,1,1,0,1,1,1,1,1,1,1,1,1,0,1,1,1,0,0,1,0,1,1,0,1,0,1,1,1,0,1,1,0,0,1,1,0,0,1,1,1,1,1,1,1,0,1,0,1,1,1,0,1,62,-17.02517172714936,240.001,5.331320495314077e-08,5.331320495314077e-08,25.706480361195872,25.706480361195872,22.394355149212075,22.394355149212075
1,1,0,1,1,1,1,0,0,1,1,1,1,1,1,1,0,1,0,1,1,1,1,1,0,1,1,1,1,1,0,1,1,1,1,1,1,1,1,1,0,1,1,1,0,0,1,0,1,1,0,1,0,1,1,1,0,1,1,0,0,1,1,0,0,1,1,1,1,1,1,1,0,1,0,1,1,1,0,1,63,-17.02519510663847,240.001,5.332672644334987e-08,5.332672644334987e-08,25.705355647799383,25.705355647799383,22.390276062824668,22.390276062824668
1,1,0,1,1,1,1,0,0,1,1,1,1,1,1,1,0,1,0,1,1,1,1,1,0,1,1,1,1,1,0,1,1,1,1,1,1,1,1,1,0,1,1,1,0,0,1,0,1,1,0,1,0,1,1,1,0,1,1,0,0,1,1,0,0,1,1,1,1,1,1,1,0,1,0,1,1,1,0,1,66,-17.02590953120351,240.001,5.3362030672993486e-08,5.3362030672993486e-08,25.701766987354926,25.701766987354926,22.26743022478061,22.26743022478061
1,1,0,1,1,1,1,0,0,1,1,1,1,1,1,1,0,1,0,1,1,1,1,1,0,1,1,1,1,1,0,1,1,1,1,1,1,1,1,1,0,1,1,1,0,0,1,0,1,1,0,1,0,1,1,1,0,1,1,0,0,1,1,0,0,1,1,1,1,1,1,1,0,1,0,1,1,1,0,1,67,-17.027163506985413,240.001,5.336550142391232e-08,5.336550142391232e-08,25.700230548755222,25.700230548755222,22.059823163301854,22.059823163301854
1,1,0,1,1,1,1,0,0,1,1,1,1,1,1,1,0,1,0,1,1,1,1,1,0,1,1,1,1,1,0,1,1,1,1,1,1,1,1,1,0,1,1,1,0,0,1,0,1,1,0,1,0,1,1,1,0,1,1,0,0,1,1,0,0,1,1,1,1,1,1,1,0,1,0,1,1,1,0,1,68,-17.027538868771035,240.001,5.337614464803573e-08,5.337614464803573e-08,25.698989115723396,25.698989115723396,21.99954939865534,21.99954939865534
1,1,0,1,1,1,1,0,0,1,1,1,1,1,1,1,0,1,0,1,1,1,1,1,0,1,1,1,1,1,0,1,1,1,1,1,1,1,1,1,0,1,1,1,0,0,1,0,1,1,0,1,0,1,1,1,0,1,1,0,0,1,1,0,0,1,1,1,1,1,1,1,0,1,0,1,1,1,0,1,69,-17.027614364847583,240.001,5.338923532867496e-08,5.338923532867496e-08,25.6978486282806,25.6978486282806,21.987526375207512,21.987526375207512
1,1,0,1,1,1,1,0,0,1,1,1,1,1,1,1,0,1,0,1,1,1,1,1,0,1,1,1,1,1,0,1,1,1,1,1,1,1,1,1,0,1,1,1,0,0,1,0,1,1,0,1,0,1,1,1,0,1,1,0,0,1,1,0,0,1,1,1,1,1,1,1,0,1,0,1,1,1,0,1,70,-17.02748176898585,240.001,5.3404025358483214e-08,5.3404025358483214e-08,25.696778296479547,25.696778296479547,22.008664765150925,22.008664765150925
1,1,0,1,1,1,1,0,0,1,1,1,1,1,1,1,0,1,0,1,1,1,1,1,0,1,1,1,1,1,0,1,1,1,1,1,1,1,1,1,0,1,1,1,0,0,1,0,1,1,0,1,0,1,1,1,0,1,1,0,0,1,1,0,0,1,1,1,1,1,1,1,0,1,0,1,1,1,0,1,71,-17.02707802852477,240.001,5.342103156966438e-08,5.342103156966438e-08,25.695799270771566,25.695799270771566,22.07366587063856,22.07366587063856
1,1,0,1,1,1,1,0,0,1,1,1,1,1,1,1,0,1,0,1,1,1,1,1,0,1,1,1,1,1,0,1,1,1,1,1,1,1,1,1,0,1,1,1,0,0,1,0,1,1,0,1,0,1,1,1,0,1,1,0,0,1,1,0,0,1,1,1,1,1,1,1,0,1,0,1,1,1,0,1,72,-17.025897306115297,240.001,5.344439354561664e-08,5.344439354561664e-08,25.695081160627268,25.695081160627268,22.269503548079655,22.269503548079655
1,1,0,1,1,1,1,0,0,1,1,1,1,1,1,1,0,1,0,1,1,1,1,1,0,1,1,1,1,1,0,1,1,1,1,1,1,1,1,1,0,1,1,1,0,0,1,0,1,1,0,1,0,1,1,1,0,1,1,0,0,1,1,0,0,1,1,1,1,1,1,1,0,1,0,1,1,1,0,1,74,-17.024295958191583,240.001,5.348491808091205e-08,5.348491808091205e-08,25.69339069218456,25.69339069218456,22.549963767753432,22.549963767753432
1,1,0,1,1,1,1,0,0,1,1,1,1,1,1,1,0,1,0,1,1,1,1,1,0,1,1,1,1,1,0,1,1,1,1,1,1,1,1,1,0,1,1,1,0,0,1,0,1,1,0,1,0,1,1,1,0,1,1,0,0,1,1,0,0,1,1,1,1,1,1,1,0,1,0,1,1,1,0,1,76,-17.02485193523088,240.001,5.350779193762745e-08,5.350779193762745e-08,25.690977768087663,25.690977768087663,22.45053598504802,22.45053598504802
1,1,0,1,1,1,1,0,0,1,1,1,1,1,1,1,0,1,0,1,1,1,1,1,0,1,1,1,1,1,0,1,1,1,1,1,1,1,1,1,0,1,1,1,0,0,1,0,1,1,0,1,0,1,1,1,0,1,1,0,0,1,1,0,0,1,1,1,1,1,1,1,0,1,0,1,1,1,0,1,77,-17.02528301082397,240.001,5.351797320194858e-08,5.351797320194858e-08,25.689720411660044,25.689720411660044,22.37497316435624,22.37497316435624
1,1,0,1,1,1,1,0,0,1,1,1,1,1,1,1,0,1,0,1,1,1,1,1,0,1,1,1,1,1,0,1,1,1,1,1,1,1,1,1,0,1,1,1,0,0,1,0,1,1,0,1,0,1,1,1,0,1,1,0,0,1,1,0,0,1,1,1,1,1,1,1,0,1,0,1,1,1,0,1,78,-17.0241932305349,240.001,5.3540613874805307e-08,5.3540613874805307e-08,25.688973306239458,25.688973306239458,22.568585366528893,22.568585366528893
1,1,0,1,1,1,1,0,0,1,1,1,1,1,1,1,0,1,0,1,1,1,1,1,0,1,1,1,1,1,0,1,1,1,1,1,1,1,1,1,0,1,1,1,0,0,1,0,1,1,0,1,0,1,1,1,0,1,1,0,0,1,1,0,0,1,1,1,1,1,1,1,0,1,0,1,1,1,0,1,80,-17.021877341555683,240.001,5.3587033683502374e-08,5.3587033683502374e-08,25.68752548557147,25.68752548557147,23.010958484203638,23.010958484203638
1,1,0,1,1,1,1,0,0,1,1,1,1,1,1,1,0,1,0,1,1,1,1,1,0,1,1,1,1,1,1,1,1,1,1,1,1,1,1,1,0,1,1,1,0,0,1,0,1,1,0,1,0,1,1,1,0,1,1,0,0,1,1,0,0,1,1,1,1,1,1,1,0,1,0,1,1,1,0,1,1,-17.023035385087333,240.001,5.249391937629401e-08,5.249391937629401e-08,25.775874615950876,25.775874615950876,22.784152392638642,22.784152392638642
1,1,0,1,1,1,1,0,0,1,1,1,1,1,1,1,0,1,0,1,1,1,1,1,0,1,1,1,1,1,1,1,1,1,1,1,1,1,1,1,0,1,1,1,0,0,1,0,1,1,0,1,0,1,1,1,0,1,1,0,0,1,1,0,0,1,1,1,1,1,1,1,0,1,0,1,1,1,0,1,2,-17.023840403571874,240.001,5.250116690092595e-08,5.250116690092595e-08,25.77447003417786,25.77447003417786,22.63315442264622,22.63315442264622
1,1,0,1,1,1,1,0,0,1,1,1,1,1,1,1,0,1,0,1,1,1,1,1,0,1,1,1,1,1,1,1,1,1,1,1,1,1,1,1,0,1,1,1,0,0,1,0,1,1,0,1,0,1,1,1,0,1,1,0,0,1,1,0,0,1,1,1,1,1,1,1,0,1,0,1,1,1,0,1,4,-17.025022895994322,240.001,5.2519093952495936e-08,5.2519093952495936e-08,25.771804852684564,25.771804852684564,22.420411841335085,22.420411841335085
1,1,0,1,1,1,1,0,0,1,1,1,1,1,1,1,0,1,0,1,1,1,1,1,0,1,1,1,1,1,1,1,1,1,1,1,1,1,1,1,0,1,1,1,0,0,1,0,1,1,0,1,0,1,1,1,0,1,1,0,0,1,1,0,0,1,1,1,1,1,1,1,0,1,0,1,1,1,0,1,5,-17.026140259778813,240.001,5.252382538343272e-08,5.252382538343272e-08,25.770296251801614,25.770296251801614,22.22848303902704,22.22848303902704
1,1,0,1,1,1,1,0,0,1,1,1,1,1,1,1,0,1,0,1,1,1,1,1,0,1,1,1,1,1,1,1,1,1,1,1,1,1,1,1,0,1,1,1,0,0,1,0,1,1,0,1,0,1,1,1,0,1,1,0,0,1,1,0,0,1,1,1,1,1,1,1,0,1,0,1,1,1,0,1,6,-17.02629353170005,240.001,5.253630400140451e-08,5.253630400140451e-08,25.769111304974942,25.769111304974942,22.20280121471076,22.20280121471076
1,1,0,1,1,1,1,0,0,1,1,1,1,1,1,1,0,1,0,1,1,1,1,1,0,1,1,1,1,1,1,1,1,1,1,1,1,1,1,1,0,1,1,1,0,0,1,0,1,1,0,1,0,1,1,1,0,1,1,0,0,1,1,0,0,1,1,1,1,1,1,1,0,1,0,1,1,1,0,1,7,-17.025418170993234,240.001,5.2557054088496106e-08,5.2557054088496106e-08,25.768271686047687,25.768271686047687,22.351547748721924,22.351547748721924
1,1,0,1,1,1,1,0,0,1,1,1,1,1,1,1,0,1,0,1,1,1,1,1,0,1,1,1,1,1,1,1,1,1,1,1,1,1,1,1,0,1,1,1,0,0,1,0,1,1,0,1,0,1,1,1,0,1,1,0,0,1,1,0,0,1,1,1,1,1,1,1,0,1,0,1,1,1,0,1,10,-17.026059679186893,240.001,5.2593028701129056e-08,5.2593028701129056e-08,25.764658506134865,25.764658506134865,22.242045693897783,22.242045693897783
1,1,0,1,1,1,1,0,0,1,1,1,1,1,1,1,0,1,0,1,1,1,1,1,0,1,1,1,1,1,1,1,1,1,1,1,1,1,1,1,0,1,1,1,0,0,1,0,1,1,0,1,0,1,1,1,0,1,1,0,0,1,1,0,0,1,1,1,1,1,1,1,0,1,0,1,1,1,0,1,11,-17.02743179038678,240.001,5.2595696722021034e-08,5.2595696722021034e-08,25.763066084869127,25.763066084869127,22.016658944373813,22.016658944373813
1,1,0,1,1,1,1,0,0,1,1,1,1,1,1,1,0,1,0,1,1,1,1,1,0,1,1,1,1,1,1,1,1,1,1,1,1,1,1,1,0,1,1,1,0,0,1,0,1,1,0,1,0,1,1,1,0,1,1,0,0,1,1,0,0,1,1,1,1,1,1,1,0,1,0,1,1,1,0,1,12,-17.02794783258995,240.001,5.2605252017746996e-08,5.2605252017746996e-08,25.76176111209682,25.76176111209682,21.934812587714113,21.934812587714113
1,1,0,1,1,1,1,0,0,1,1,1,1,1,1,1,0,1,0,1,1,1,1,1,0,1,1,1,1,1,1,1,1,1,1,1,1,1,1,1,0,1,1,1,0,0,1,0,1,1,0,1,0,1,1,1,0,1,1,0,0,1,1,0,0,1,1,1,1,1,1,1,0,1,0,1,1,1,0,1,13,-17.028181620470917,240.001,5.261707716009342e-08,5.261707716009342e-08,25.760551182719933,25.760551182719933,21.898231435161595,21.898231435161595
1,1,0,1,1,1,1,0,0,1,1,1,1,1,1,1,0,1,0,1,1,1,1,1,0,1,1,1,1,1,1,1,1,1,1,1,1,1,1,1,0,1,1,1,0,0,1,0,1,1,0,1,0,1,1,1,0,1,1,0,0,1,1,0,0,1,1,1,1,1,1,1,0,1,0,1,1,1,0,1,14,-17.028224025942897,240.001,5.263044183513178e-08,5.263044183513178e-08,25.75940581449725,25.75940581449725,21.891628862995276,21.891628862995276
1,1,0,1,1,1,1,0,0,1,1,1,1,1,1,1,0,1,0,1,1,1,1,1,0,1,1,1,1,1,1,1,1,1,1,1,1,1,1,1,0,1,1,1,0,0,1,0,1,1,0,1,0,1,1,1,0,1,1,0,0,1,1,0,0,1,1,1,1,1,1,1,0,1,0,1,1,1,0,1,15,-17.028013679890663,240.001,5.264584142690551e-08,5.264584142690551e-08,25.758345606998134,25.758345606998134,21.924478348825943,21.924478348825943
1,1,0,1,1,1,1,0,0,1,1,1,1,1,1,1,0,1,0,1,1,1,1,1,0,1,1,1,1,1,1,1,1,1,1,1,1,1,1,1,0,1,1,1,0,0,1,0,1,1,0,1,0,1,1,1,0,1,1,0,0,1,1,0,0,1,1,1,1,1,1,1,0,1,0,1,1,1,0,1,16,-17.027048936335202,240.001,5.266732046666157e-08,5.266732046666157e-08,25.757538828665112,25.757538828665112,22.078387190114658,22.078387190114658
1,1,0,1,1,1,1,0,0,1,1,1,1,1,1,1,0,1,0,1,1,1,1,1,0,1,1,1,1,1,1,1,1,1,1,1,1,1,1,1,0,1,1,1,0,0,1,0,1,1,0,1,0,1,1,1,0,1,1,0,0,1,1,0,0,1,1,1,1,1,1,1,0,1,0,1,1,1,0,1,18,-17.025977638160928,240.001,5.270337481739762e-08,5.270337481739762e-08,25.755638103898445,25.755638103898445,22.255897548578204,22.255897548578204
1,1,0,1,1,1,1,0,0,1,1,1,1,1,1,1,0,1,0,1,1,1,1,1,0,1,1,1,1,1,1,1,1,1,1,1,1,1,1,1,0,1,1,1,0,0,1,0,1,1,0,1,0,1,1,1,0,1,1,0,0,1,1,0,0,1,1,1,1,1,1,1,0,1,0,1,1,1,0,1,20,-17.027326268991313,240.001,5.2719917843467556e-08,5.2719917843467556e-08,25.75292648300888,25.75292648300888,22.03358549154281,22.03358549154281
1,1,0,1,1,1,1,0,0,1,1,1,1,1,1,1,0,1,0,1,1,1,1,1,0,1,1,1,1,1,1,1,1,1,1,1,1,1,1,1,0,1,1,1,0,0,1,0,1,1,0,1,0,1,1,1,0,1,1,0,0,1,1,0,0,1,1,1,1,1,1,1,0,1,0,1,1,1,0,1,21,-17.02841895568314,240.001,5.272481181254264e-08,5.272481181254264e-08,25.75143066118221,25.75143066118221,21.861405756059924,21.861405756059924
1,1,0,1,1,1,1,0,0,1,1,1,1,1,1,1,0,1,0,1,1,1,1,1,0,1,1,1,1,1,1,1,1,1,1,1,1,1,1,1,0,1,1,1,0,0,1,0,1,1,0,1,0,1,1,1,0,1,1,0,0,1,1,0,0,1,1,1,1,1,1,1,0,1,0,1,1,1,0,1,22,-17.028728818919664,240.001,5.273601821711173e-08,5.273601821711173e-08,25.750197824044704,25.750197824044704,21.813788651197243,21.813788651197243
1,1,0,1,1,1,1,0,0,1,1,1,1,1,1,1,0,1,0,1,1,1,1,1,0,1,1,1,1,1,1,1,1,1,1,1,1,1,1,1,0,1,1,1,0,0,1,0,1,1,0,1,0,1,1,1,0,1,1,0,0,1,1,0,0,1,1,1,1,1,1,1,0,1,0,1,1,1,0,1,23,-17.028685035556098,240.001,5.27500764947799e-08,5.27500764947799e-08,25.749084026881818,25.749084026881818,21.82048551521156,21.82048551521156
1,1,0,1,1,1,1,0,0,1,1,1,1,1,1,1,0,1,0,1,1,1,1,1,0,1,1,1,1,1,1,1,1,1,1,1,1,1,1,1,0,1,1,1,0,0,1,0,1,1,0,1,0,1,1,1,0,1,1,0,0,1,1,0,0,1,1,1,1,1,1,1,0,1,0,1,1,1,0,1,24,-17.027904815656353,240.001,5.277007965758196e-08,5.277007965758196e-08,25.748217686797883,25.748217686797883,21.941576991384814,21.941576991384814
1,1,0,1,1,1,1,0,0,1,1,1,1,1,1,1,0,1,0,1,1,1,1,1,0,1,1,1,1,1,1,1,1,1,1,1,1,1,1,1,0,1,1,1,0,0,1,0,1,1,0,1,0,1,1,1,0,1,1,0,0,1,1,0,0,1,1,1,1,1,1,1,0,1,0,1,1,1,0,1,26,-17.028125804649036,240.001,5.279570881508157e-08,5.279570881508157e-08,25.745887946085983,25.745887946085983,21.90693724259138,21.90693724259138
1,1,0,1,1,1,1,0,0,1,1,1,1,1,1,1,0,1,0,1,1,1,1,1,0,1,1,1,1,1,1,1,1,1,1,1,1,1,1,1,0,1,1,1,0,0,1,0,1,1,0,1,0,1,1,1,0,1,1,0,0,1,1,0,0,1,1,1,1,1,1,1,0,1,0,1,1,1,0,1,27,-17.02915299971565,240.001,5.280111824991777e-08,5.280111824991777e-08,25.744415796797373,25.744415796797373,21.74943395407698,21.74943395407698
1,1,0,1,1,1,1,0,0,1,1,1,1,1,1,1,0,1,0,1,1,1,1,1,0,1,1,1,1,1,1,1,1,1,1,1,1,1,1,1,0,1,1,1,0,0,1,0,1,1,0,1,0,1,1,1,0,1,1,0,0,1,1,0,0,1,1,1,1,1,1,1,0,1,0,1,1,1,0,1,28,-17.02951297796282,240.001,5.281191507651191e-08,5.281191507651191e-08,25.743167859539735,25.743167859539735,21.6955531427665,21.6955531427665
1,1,0,1,1,1,1,0,0,1,1,1,1,1,1,1,0,1,0,1,1,1,1,1,0,1,1,1,1,1,1,1,1,1,1,1,1,1,1,1,0,1,1,1,0,0,1,0,1,1,0,1,0,1,1,1,0,1,1,0,0,1,1,0,0,1,1,1,1,1,1,1,0,1,0,1,1,1,0,1,29,-17.029699695426803,240.001,5.282411020957998e-08,5.282411020957998e-08,25.741978401011476,25.741978401011476,21.667865005095916,21.667865005095916
1,1,0,1,1,1,1,0,0,1,1,1,1,1,1,1,0,1,0,1,1,1,1,1,0,1,1,1,1,1,1,1,1,1,1,1,1,1,1,1,0,1,1,1,0,0,1,0,1,1,0,1,0,1,1,1,0,1,1,0,0,1,1,0,0,1,1,1,1,1,1,1,0,1,0,1,1,1,0,1,30,-17.02980892788238,240.001,5.2836930585862325e-08,5.2836930585862325e-08,25.740815266633152,25.740815266633152,21.651747956075234,21.651747956075234
1,1,0,1,1,1,1,0,0,1,1,1,1,1,1,1,0,1,0,1,1,1,1,1,0,1,1,1,1,1,1,1,1,1,1,1,1,1,1,1,0,1,1,1,0,0,1,0,1,1,0,1,0,1,1,1,0,1,1,0,0,1,1,0,0,1,1,1,1,1,1,1,0,1,0,1,1,1,0,1,31,-17.029872193207495,240.001,5.285012191790992e-08,5.285012191790992e-08,25.73966787177443,25.73966787177443,21.642440368453016,21.642440368453016
1,1,0,1,1,1,1,0,0,1,1,1,1,1,1,1,0,1,0,1,1,1,1,1,0,1,1,1,1,1,1,1,1,1,1,1,1,1,1,1,0,1,1,1,0,0,1,0,1,1,0,1,0,1,1,1,0,1,1,0,0,1,1,0,0,1,1,1,1,1,1,1,0,1,0,1,1,1,0,1,32,-17.02990228087441,240.001,5.286358109617425e-08,5.286358109617425e-08,25.73853192049361,25.73853192049361,21.638020816161987,21.638020816161987
1,1,0,1,1,1,1,0,0,1,1,1,1,1,1,1,0,1,0,1,1,1,1,1,0,1,1,1,1,1,1,1,1,1,1,1,1,1,1,1,0,1,1,1,0,0,1,0,1,1,0,1,0,1,1,1,0,1,1,0,0,1,1,0,0,1,1,1,1,1,1,1,0,1,0,1,1,1,0,1,33,-17.029904353492324,240.001,5.287726658333462e-08,5.287726658333462e-08,25.737405678414316,25.737405678414316,21.637716535434343,21.637716535434343
1,1,0,1,1,1,1,0,0,1,1,1,1,1,1,1,0,1,0,1,1,1,1,1,0,1,1,1,1,1,1,1,1,1,1,1,1,1,1,1,0,1,1,1,0,0,1,0,1,1,0,1,0,1,1,1,0,1,1,0,0,1,1,0,0,1,1,1,1,1,1,1,0,1,0,1,1,1,0,1,34,-17.029879325171787,240.001,5.289117116240252e-08,5.289117116240252e-08,25.736288838304937,25.736288838304937,21.641392356174226,21.641392356174226
1,1,0,1,1,1,1,0,0,1,1,1,1,1,1,1,0,1,0,1,1,1,1,1,0,1,1,1,1,1,1,1,1,1,1,1,1,1,1,1,0,1,1,1,0,0,1,0,1,1,0,1,0,1,1,1,0,1,1,0,0,1,1,0,0,1,1,1,1,1,1,1,0,1,0,1,1,1,0,1,35,-17.02982459924408,240.001,5.290531601216008e-08,5.290531601216008e-08,25.735182272322533,25.735182272322533,21.64944054044339,21.64944054044339
1,1,0,1,1,1,1,0,0,1,1,1,1,1,1,1,0,1,0,1,1,1,1,1,0,1,1,1,1,1,1,1,1,1,1,1,1,1,1,1,0,1,1,1,0,0,1,0,1,1,0,1,0,1,1,1,0,1,1,0,0,1,1,0,0,1,1,1,1,1,1,1,0,1,0,1,1,1,0,1,36,-17.029733096426025,240.001,5.2919758611263466e-08,5.2919758611263466e-08,25.734088358327764,25.734088358327764,21.662930440394277,21.662930440394277
1,1,0,1,1,1,1,0,0,1,1,1,1,1,1,1,0,1,0,1,1,1,1,1,0,1,1,1,1,1,1,1,1,1,1,1,1,1,1,1,0,1,1,1,0,0,1,0,1,1,0,1,0,1,1,1,0,1,1,0,0,1,1,0,0,1,1,1,1,1,1,1,0,1,0,1,1,1,0,1,37,-17.029589569251158,240.001,5.2934622629065776e-08,5.2934622629065776e-08,25.733012217336373,25.733012217336373,21.68417428289387,21.68417428289387
1,1,0,1,1,1,1,0,0,1,1,1,1,1,1,1,0,1,0,1,1,1,1,1,0,1,1,1,1,1,1,1,1,1,1,1,1,1,1,1,0,1,1,1,0,0,1,0,1,1,0,1,0,1,1,1,0,1,1,0,0,1,1,0,0,1,1,1,1,1,1,1,0,1,0,1,1,1,0,1,38,-17.02935900409862,240.001,5.295019196059455e-08,5.295019196059455e-08,25.731965606938324,25.731965606938324,21.718518419359402,21.718518419359402
1,1,0,1,1,1,1,0,0,1,1,1,1,1,1,1,0,1,0,1,1,1,1,1,0,1,1,1,1,1,1,1,1,1,1,1,1,1,1,1,0,1,1,1,0,0,1,0,1,1,0,1,0,1,1,1,0,1,1,0,0,1,1,0,0,1,1,1,1,1,1,1,0,1,0,1,1,1,0,1,39,-17.028940159471865,240.001,5.2967287469216465e-08,5.2967287469216465e-08,25.730982513912437,25.730982513912437,21.781606649146998,21.781606649146998
1,1,0,1,1,1,1,0,0,1,1,1,1,1,1,1,0,1,0,1,1,1,1,1,0,1,1,1,1,1,1,1,1,1,1,1,1,1,1,1,0,1,1,1,0,0,1,0,1,1,0,1,0,1,1,1,0,1,1,0,0,1,1,0,0,1,1,1,1,1,1,1,0,1,0,1,1,1,0,1,40,-17.027829629222715,240.001,5.2989992051416155e-08,5.2989992051416155e-08,25.730231827082633,25.730231827082633,21.95342524070373,21.95342524070373
1,1,0,1,1,1,1,0,0,1,1,1,1,1,1,1,0,1,0,1,1,1,1,1,0,1,1,1,1,1,1,1,1,1,1,1,1,1,1,1,0,1,1,1,0,0,1,0,1,1,0,1,0,1,1,1,0,1,1,0,0,1,1,0,0,1,1,1,1,1,1,1,0,1,0,1,1,1,0,1,42,-17.027274212085754,240.001,5.302190815467098e-08,5.302190815467098e-08,25.728172257049422,25.728172257049422,22.041960082118187,22.041960082118187
1,1,0,1,1,1,1,0,0,1,1,1,1,1,1,1,0,1,0,1,1,1,1,1,0,1,1,1,1,1,1,1,1,1,1,1,1,1,1,1,0,1,1,1,0,0,1,0,1,1,0,1,0,1,1,1,0,1,1,0,0,1,1,0,0,1,1,1,1,1,1,1,0,1,0,1,1,1,0,1,43,-17.02764556305288,240.001,5.303260174351926e-08,5.303260174351926e-08,25.726925098603914,25.726925098603914,21.982567590164184,21.982567590164184
1,1,0,1,1,1,1,0,0,1,1,1,1,1,1,1,0,1,0,1,1,1,1,1,0,1,1,1,1,1,1,1,1,1,1,1,1,1,1,1,0,1,1,1,0,0,1,0,1,1,0,1,0,1,1,1,0,1,1,0,0,1,1,0,0,1,1,1,1,1,1,1,0,1,0,1,1,1,0,1,44,-17.026515388714145,240.001,5.3055481618698294e-08,5.3055481618698294e-08,25.72618199870184,25.72618199870184,22.165892832856727,22.165892832856727
1,1,0,1,1,1,1,0,0,1,1,1,1,1,1,1,0,1,0,1,1,1,1,1,0,1,1,1,1,1,1,1,1,1,1,1,1,1,1,1,0,1,1,1,0,0,1,0,1,1,0,1,0,1,1,1,0,1,1,0,0,1,1,0,0,1,1,1,1,1,1,1,0,1,0,1,1,1,0,1,47,-17.024970097336872,240.001,5.3109163844373705e-08,5.3109163844373705e-08,25.72333526366158,25.72333526366158,22.42969307469504,22.42969307469504
1,1,0,1,1,1,1,0,0,1,1,1,1,1,1,1,0,1,0,1,1,1,1,1,0,1,1,1,1,1,1,1,1,1,1,1,1,1,1,1,0,1,1,1,0,0,1,0,1,1,0,1,0,1,1,1,0,1,1,0,0,1,1,0,0,1,1,1,1,1,1,1,0,1,0,1,1,1,0,1,49,-17.02601939854144,240.001,5.312805705072854e-08,5.312805705072854e-08,25.720741265545186,25.720741265545186,22.248841213600514,22.248841213600514
1,1,0,1,1,1,1,0,0,1,1,1,1,1,1,1,0,1,0,1,1,1,1,1,0,1,1,1,1,1,1,1,1,1,1,1,1,1,1,1,0,1,1,1,0,0,1,0,1,1,0,1,0,1,1,1,0,1,1,0,0,1,1,0,0,1,1,1,1,1,1,1,0,1,0,1,1,1,0,1,50,-17.026040130510573,240.001,5.3141598701042065e-08,5.3141598701042065e-08,25.719613714513308,25.719613714513308,22.24534232033077,22.24534232033077
1,1,0,1,1,1,1,0,0,1,1,1,1,1,1,1,0,1,0,1,1,1,1,1,0,1,1,1,1,1,1,1,1,1,1,1,1,1,1,1,0,1,1,1,0,0,1,0,1,1,0,1,0,1,1,1,0,1,1,0,0,1,1,0,0,1,1,1,1,1,1,1,0,1,0,1,1,1,0,1,52,-17.025255909695623,240.001,5.317540013460197e-08,5.317540013460197e-08,25.71763642461391,25.71763642461391,22.379685380740526,22.379685380740526
1,1,0,1,1,1,1,0,0,1,1,1,1,1,1,1,0,1,0,1,1,1,1,1,0,1,1,1,1,1,1,1,1,1,1,1,1,1,1,1,0,1,1,1,0,0,1,0,1,1,0,1,0,1,1,1,0,1,1,0,0,1,1,0,0,1,1,1,1,1,1,1,0,1,0,1,1,1,0,1,54,-17.02633804460362,240.001,5.319401547925497e-08,5.319401547925497e-08,25.71503420209475,25.71503420209475,22.195370953896504,22.195370953896504
1,1,0,1,1,1,1,0,0,1,1,1,1,1,1,1,0,1,0,1,1,1,1,1,0,1,1,1,1,1,1,1,1,1,1,1,1,1,1,1,0,1,1,1,0,0,1,0,1,1,0,1,0,1,1,1,0,1,1,0,0,1,1,0,0,1,1,1,1,1,1,1,0,1,0,1,1,1,0,1,55,-17.027058588070226,240.001,5.320185920746935e-08,5.320185920746935e-08,25.713673316528933,25.713673316528933,22.076820261769747,22.076820261769747
1,1,0,1,1,1,1,0,0,1,1,1,1,1,1,1,0,1,0,1,1,1,1,1,0,1,1,1,1,1,1,1,1,1,1,1,1,1,1,1,0,1,1,1,0,0,1,0,1,1,0,1,0,1,1,1,0,1,1,0,0,1,1,0,0,1,1,1,1,1,1,1,0,1,0,1,1,1,0,1,56,-17.026337503550273,240.001,5.3221439217751685e-08,5.3221439217751685e-08,25.712796350501115,25.712796350501115,22.19546119273005,22.19546119273005
1,1,0,1,1,1,1,0,0,1,1,1,1,1,1,1,0,1,0,1,1,1,1,1,0,1,1,1,1,1,1,1,1,1,1,1,1,1,1,1,0,1,1,1,0,0,1,0,1,1,0,1,0,1,1,1,0,1,1,0,0,1,1,0,0,1,1,1,1,1,1,1,0,1,0,1,1,1,0,1,58,-17.025852764939938,240.001,5.3252807422173405e-08,5.3252807422173405e-08,25.710722153235107,25.710722153235107,22.27706587752502,22.27706587752502
1,1,0,1,1,1,1,0,0,1,1,1,1,1,1,1,0,1,0,1,1,1,1,1,0,1,1,1,1,1,1,1,1,1,1,1,1,1,1,1,0,1,1,1,0,0,1,0,1,1,0,1,0,1,1,1,0,1,1,0,0,1,1,0,0,1,1,1,1,1,1,1,0,1,0,1,1,1,0,1,59,-17.02551224977679,240.001,5.3269293666771944e-08,5.3269293666771944e-08,25.70971836800605,25.70971836800605,22.335316229869676,22.335316229869676
1,1,0,1,1,1,1,0,0,1,1,1,1,1,1,1,0,1,0,1,1,1,1,1,0,1,1,1,1,1,1,1,1,1,1,1,1,1,1,1,0,1,1,1,0,0,1,0,1,1,0,1,0,1,1,1,0,1,1,0,0,1,1,0,0,1,1,1,1,1,1,1,0,1,0,1,1,1,0,1,62,-17.025231040905368,240.001,5.3312721660529146e-08,5.3312721660529146e-08,25.70646041709808,25.70646041709808,22.38401392591487,22.38401392591487
1,1,0,1,1,1,1,0,0,1,1,1,1,1,1,1,0,1,0,1,1,1,1,1,0,1,1,1,1,1,1,1,1,1,1,1,1,1,1,1,0,1,1,1,0,0,1,0,1,1,0,1,0,1,1,1,0,1,1,0,0,1,1,0,0,1,1,1,1,1,1,1,0,1,0,1,1,1,0,1,63,-17.02525256482634,240.001,5.332625815653408e-08,5.332625815653408e-08,25.705336327199653,25.705336327199653,22.380267323419854,22.380267323419854
1,1,0,1,1,1,1,0,0,1,1,1,1,1,1,1,0,1,0,1,1,1,1,1,0,1,1,1,1,1,1,1,1,1,1,1,1,1,1,1,0,1,1,1,0,0,1,0,1,1,0,1,0,1,1,1,0,1,1,0,0,1,1,0,0,1,1,1,1,1,1,1,0,1,0,1,1,1,0,1,66,-17.02596204805445,240.001,5.336160241916279e-08,5.336160241916279e-08,25.701749324691416,25.701749324691416,22.25853476441234,22.25853476441234
1,1,0,1,1,1,1,0,0,1,1,1,1,1,1,1,0,1,0,1,1,1,1,1,0,1,1,1,1,1,1,1,1,1,1,1,1,1,1,1,0,1,1,1,0,0,1,0,1,1,0,1,0,1,1,1,0,1,1,0,0,1,1,0,0,1,1,1,1,1,1,1,0,1,0,1,1,1,0,1,67,-17.027214539301276,240.001,5.336508531934273e-08,5.336508531934273e-08,25.70021337963153,25.70021337963153,22.051579651669723,22.051579651669723
1,1,0,1,1,1,1,0,0,1,1,1,1,1,1,1,0,1,0,1,1,1,1,1,0,1,1,1,1,1,1,1,1,1,1,1,1,1,1,1,0,1,1,1,0,0,1,0,1,1,0,1,0,1,1,1,0,1,1,0,0,1,1,0,0,1,1,1,1,1,1,1,0,1,0,1,1,1,0,1,68,-17.027588513615413,240.001,5.337573979825714e-08,5.337573979825714e-08,25.69897241156681,25.69897241156681,21.991639554798773,21.991639554798773
1,1,0,1,1,1,1,0,0,1,1,1,1,1,1,1,0,1,0,1,1,1,1,1,0,1,1,1,1,1,1,1,1,1,1,1,1,1,1,1,0,1,1,1,0,0,1,0,1,1,0,1,0,1,1,1,0,1,1,0,0,1,1,0,0,1,1,1,1,1,1,1,0,1,0,1,1,1,0,1,69,-17.027662700849994,240.001,5.3388841062173404e-08,5.3388841062173404e-08,25.697832363986507,25.697832363986507,21.979846022828955,21.979846022828955
1,1,0,1,1,1,1,0,0,1,1,1,1,1,1,1,0,1,0,1,1,1,1,1,0,1,1,1,1,1,1,1,1,1,1,1,1,1,1,1,0,1,1,1,0,0,1,0,1,1,0,1,0,1,1,1,0,1,1,0,0,1,1,0,0,1,1,1,1,1,1,1,0,1,0,1,1,1,0,1,70,-17.027528867062436,240.001,5.3403641078908723e-08,5.3403641078908723e-08,25.69676244906207,25.69676244906207,22.001144691017714,22.001144691017714
1,1,0,1,1,1,1,0,0,1,1,1,1,1,1,1,0,1,0,1,1,1,1,1,0,1,1,1,1,1,1,1,1,1,1,1,1,1,1,1,0,1,1,1,0,0,1,0,1,1,0,1,0,1,1,1,0,1,1,0,0,1,1,0,0,1,1,1,1,1,1,1,0,1,0,1,1,1,0,1,71,-17.027123955383622,240.001,5.342065670960776e-08,5.342065670960776e-08,25.695783818843736,25.695783818843736,22.066222849967794,22.066222849967794
1,1,0,1,1,1,1,0,0,1,1,1,1,1,1,1,0,1,0,1,1,1,1,1,0,1,1,1,1,1,1,1,1,1,1,1,1,1,1,1,0,1,1,1,0,0,1,0,1,1,0,1,0,1,1,1,0,1,1,0,0,1,1,0,0,1,1,1,1,1,1,1,0,1,0,1,1,1,0,1,72,-17.025942132295846,240.001,5.3444027455633174e-08,5.3444027455633174e-08,25.69506608338645,25.69506608338645,22.261906023196275,22.261906023196275
1,1,0,1,1,1,1,0,0,1,1,1,1,1,1,1,0,1,0,1,1,1,1,1,0,1,1,1,1,1,1,1,1,1,1,1,1,1,1,1,0,1,1,1,0,0,1,0,1,1,0,1,0,1,1,1,0,1,1,0,0,1,1,0,0,1,1,1,1,1,1,1,0,1,0,1,1,1,0,1,74,-17.024338724790326,240.001,5.348456847639269e-08,5.348456847639269e-08,25.693376313366016,25.693376313366016,22.542234749826747,22.542234749826747
1,1,0,1,1,1,1,0,0,1,1,1,1,1,1,1,0,1,0,1,1,1,1,1,0,1,1,1,1,1,1,1,1,1,1,1,1,1,1,1,0,1,1,1,0,0,1,0,1,1,0,1,0,1,1,1,0,1,1,0,0,1,1,0,0,1,1,1,1,1,1,1,0,1,0,1,1,1,0,1,76,-17.024892791512613,240.001,5.350745783279597e-08,5.350745783279597e-08,25.69096402941487,25.69096402941487,22.44331798759287,22.44331798759287
1,1,0,1,1,1,1,0,0,1,1,1,1,1,1,1,0,1,0,1,1,1,1,1,0,1,1,1,1,1,1,1,1,1,1,1,1,1,1,1,0,1,1,1,0,0,1,0,1,1,0,1,0,1,1,1,0,1,1,0,0,1,1,0,0,1,1,1,1,1,1,1,0,1,0,1,1,1,0,1,77,-17.02532297164895,240.001,5.3517646377583686e-08,5.3517646377583686e-08,25.689706972476884,25.689706972476884,22.368034225383727,22.368034225383727
1,1,0,1,1,1,1,0,0,1,1,1,1,1,1,1,0,1,0,1,1,1,1,1,0,1,1,1,1,1,1,1,1,1,1,1,1,1,1,1,0,1,1,1,0,0,1,0,1,1,0,1,0,1,1,1,0,1,1,0,0,1,1,0,0,1,1,1,1,1,1,1,0,1,0,1,1,1,0,1,78,-17.024232356889517,240.001,5.354029369634439e-08,5.354029369634439e-08,25.68896015122595,25.68896015122595,22.561483507269642,22.561483507269642
1,1,0,1,1,1,1,0,0,1,1,1,1,1,1,1,0,1,0,1,1,1,1,1,0,1,1,1,1,1,1,1,1,1,1,1,1,1,1,1,0,1,1,1,0,0,1,0,1,1,0,1,0,1,1,1,0,1,1,0,0,1,1,0,0,1,1,1,1,1,1,1,0,1,0,1,1,1,0,1,80,-17.02191490363119,240.001,5.358672594892223e-08,5.358672594892223e-08,25.687512863822874,25.687512863822874,23.00341389222046,23.00341389222046
1,1,0,1,1,1,1,1,0,1,1,1,1,1,1,1,0,1,0,1,1,1,1,1,0,1,1,1,1,1,1,1,1,1,1,1,1,1,1,1,0,1,1,1,0,0,1,0,1,1,0,1,0,1,1,1,0,1,1,0,0,1,1,0,0,1,1,1,1,1,1,1,0,1,0,1,1,1,0,1,1,-17.023298785424284,240.001,5.249180453813158e-08,5.249180453813158e-08,25.775786184649704,25.775786184649704,22.734169117083947,22.734169117083947
1,1,0,1,1,1,1,1,0,1,1,1,1,1,1,1,0,1,0,1,1,1,1,1,0,1,1,1,1,1,1,1,1,1,1,1,1,1,1,1,0,1,1,1,0,0,1,0,1,1,0,1,0,1,1,1,0,1,1,0,0,1,1,0,0,1,1,1,1,1,1,1,0,1,0,1,1,1,0,1,2,-17.02414770386832,240.001,5.249869939751374e-08,5.249869939751374e-08,25.77436685283013,25.77436685283013,22.576863516270063,22.576863516270063
1,1,0,1,1,1,1,1,0,1,1,1,1,1,1,1,0,1,0,1,1,1,1,1,0,1,1,1,1,1,1,1,1,1,1,1,1,1,1,1,0,1,1,1,0,0,1,0,1,1,0,1,0,1,1,1,0,1,1,0,0,1,1,0,0,1,1,1,1,1,1,1,0,1,0,1,1,1,0,1,4,-17.025484112964183,240.001,5.2515389600334885e-08,5.2515389600334885e-08,25.7716499693394,25.7716499693394,22.34016438741952,22.34016438741952
1,1,0,1,1,1,1,1,0,1,1,1,1,1,1,1,0,1,0,1,1,1,1,1,0,1,1,1,1,1,1,1,1,1,1,1,1,1,1,1,0,1,1,1,0,0,1,0,1,1,0,1,0,1,1,1,0,1,1,0,0,1,1,0,0,1,1,1,1,1,1,1,0,1,0,1,1,1,0,1,5,-17.026755782297364,240.001,5.251888161585765e-08,5.251888161585765e-08,25.770089525103465,25.770089525103465,22.126249510954263,22.126249510954263
1,1,0,1,1,1,1,1,0,1,1,1,1,1,1,1,0,1,0,1,1,1,1,1,0,1,1,1,1,1,1,1,1,1,1,1,1,1,1,1,0,1,1,1,0,0,1,0,1,1,0,1,0,1,1,1,0,1,1,0,0,1,1,0,0,1,1,1,1,1,1,1,0,1,0,1,1,1,0,1,6,-17.027219974226067,240.001,5.252886072179723e-08,5.252886072179723e-08,25.76880020917676,25.76880020917676,22.05070263594991,22.05070263594991
1,1,0,1,1,1,1,1,0,1,1,1,1,1,1,1,0,1,0,1,1,1,1,1,0,1,1,1,1,1,1,1,1,1,1,1,1,1,1,1,0,1,1,1,0,0,1,0,1,1,0,1,0,1,1,1,0,1,1,0,0,1,1,0,0,1,1,1,1,1,1,1,0,1,0,1,1,1,0,1,7,-17.027303864689618,240.001,5.2541894766488823e-08,5.2541894766488823e-08,25.767638832653617,25.767638832653617,22.03718778899119,22.03718778899119
1,1,0,1,1,1,1,1,0,1,1,1,1,1,1,1,0,1,0,1,1,1,1,1,0,1,1,1,1,1,1,1,1,1,1,1,1,1,1,1,0,1,1,1,0,0,1,0,1,1,0,1,0,1,1,1,0,1,1,0,0,1,1,0,0,1,1,1,1,1,1,1,0,1,0,1,1,1,0,1,8,-17.026626615449175,240.001,5.256104917145193e-08,5.256104917145193e-08,25.76673312861796,25.76673312861796,22.147505705177757,22.147505705177757
1,1,0,1,1,1,1,1,0,1,1,1,1,1,1,1,0,1,0,1,1,1,1,1,0,1,1,1,1,1,1,1,1,1,1,1,1,1,1,1,0,1,1,1,0,0,1,0,1,1,0,1,0,1,1,1,0,1,1,0,0,1,1,0,0,1,1,1,1,1,1,1,0,1,0,1,1,1,0,1,10,-17.026986507460876,240.001,5.2585573237940566e-08,5.2585573237940566e-08,25.76434736707305,25.76434736707305,22.08853591156261,22.08853591156261
1,1,0,1,1,1,1,1,0,1,1,1,1,1,1,1,0,1,0,1,1,1,1,1,0,1,1,1,1,1,1,1,1,1,1,1,1,1,1,1,0,1,1,1,0,0,1,0,1,1,0,1,0,1,1,1,0,1,1,0,0,1,1,0,0,1,1,1,1,1,1,1,0,1,0,1,1,1,0,1,11,-17.028047205259803,240.001,5.259074734530132e-08,5.259074734530132e-08,25.762859370379296,25.762859370379296,21.919226166281646,21.919226166281646
1,1,0,1,1,1,1,1,0,1,1,1,1,1,1,1,0,1,0,1,1,1,1,1,0,1,1,1,1,1,1,1,1,1,1,1,1,1,1,1,0,1,1,1,0,0,1,0,1,1,0,1,0,1,1,1,0,1,1,0,0,1,1,0,0,1,1,1,1,1,1,1,0,1,0,1,1,1,0,1,12,-17.0284086859377,240.001,5.2601545496137506e-08,5.2601545496137506e-08,25.761606269752306,25.761606269752306,21.862992836678185,21.862992836678185
1,1,0,1,1,1,1,1,0,1,1,1,1,1,1,1,0,1,0,1,1,1,1,1,0,1,1,1,1,1,1,1,1,1,1,1,1,1,1,1,0,1,1,1,0,0,1,0,1,1,0,1,0,1,1,1,0,1,1,0,0,1,1,0,0,1,1,1,1,1,1,1,0,1,0,1,1,1,0,1,13,-17.02855001611499,240.001,5.261411383055703e-08,5.261411383055703e-08,25.760427383312763,25.760427383312763,21.841202189213526,21.841202189213526
1,1,0,1,1,1,1,1,0,1,1,1,1,1,1,1,0,1,0,1,1,1,1,1,0,1,1,1,1,1,1,1,1,1,1,1,1,1,1,1,0,1,1,1,0,0,1,0,1,1,0,1,0,1,1,1,0,1,1,0,0,1,1,0,0,1,1,1,1,1,1,1,0,1,0,1,1,1,0,1,14,-17.028530888168625,240.001,5.2627972966386855e-08,5.2627972966386855e-08,25.759302682505286,25.759302682505286,21.84414503662014,21.84414503662014
1,1,0,1,1,1,1,1,0,1,1,1,1,1,1,1,0,1,0,1,1,1,1,1,0,1,1,1,1,1,1,1,1,1,1,1,1,1,1,1,0,1,1,1,0,0,1,0,1,1,0,1,0,1,1,1,0,1,1,0,0,1,1,0,0,1,1,1,1,1,1,1,0,1,0,1,1,1,0,1,15,-17.02827665053706,240.001,5.264372509009511e-08,5.264372509009511e-08,25.75825722409659,25.75825722409659,21.8834490076648,21.8834490076648
1,1,0,1,1,1,1,1,0,1,1,1,1,1,1,1,0,1,0,1,1,1,1,1,0,1,1,1,1,1,1,1,1,1,1,1,1,1,1,1,0,1,1,1,0,0,1,0,1,1,0,1,0,1,1,1,0,1,1,0,0,1,1,0,0,1,1,1,1,1,1,1,0,1,0,1,1,1,0,1,16,-17.02727907243515,240.001,5.2665467448079756e-08,5.2665467448079756e-08,25.75746149508012,25.75746149508012,22.041177499796525,22.041177499796525
1,1,0,1,1,1,1,1,0,1,1,1,1,1,1,1,0,1,0,1,1,1,1,1,0,1,1,1,1,1,1,1,1,1,1,1,1,1,1,1,0,1,1,1,0,0,1,0,1,1,0,1,0,1,1,1,0,1,1,0,0,1,1,0,0,1,1,1,1,1,1,1,0,1,0,1,1,1,0,1,18,-17.026161780499628,240.001,5.270189095827142e-08,5.270189095827142e-08,25.75557623853058,25.75557623853058,22.2248679628507,22.2248679628507
1,1,0,1,1,1,1,1,0,1,1,1,1,1,1,1,0,1,0,1,1,1,1,1,0,1,1,1,1,1,1,1,1,1,1,1,1,1,1,1,0,1,1,1,0,0,1,0,1,1,0,1,0,1,1,1,0,1,1,0,0,1,1,0,0,1,1,1,1,1,1,1,0,1,0,1,1,1,0,1,20,-17.02747961858245,240.001,5.2718681976835616e-08,5.2718681976835616e-08,25.75287494244396,25.75287494244396,22.00900842568999,22.00900842568999
1,1,0,1,1,1,1,1,0,1,1,1,1,1,1,1,0,1,0,1,1,1,1,1,0,1,1,1,1,1,1,1,1,1,1,1,1,1,1,1,0,1,1,1,0,0,1,0,1,1,0,1,0,1,1,1,0,1,1,0,0,1,1,0,0,1,1,1,1,1,1,1,0,1,0,1,1,1,0,1,21,-17.02856043831549,240.001,5.2723671659782405e-08,5.2723671659782405e-08,25.751383093992928,25.751383093992928,21.83959956008642,21.83959956008642
1,1,0,1,1,1,1,1,0,1,1,1,1,1,1,1,0,1,0,1,1,1,1,1,0,1,1,1,1,1,1,1,1,1,1,1,1,1,1,1,0,1,1,1,0,0,1,0,1,1,0,1,0,1,1,1,0,1,1,0,0,1,1,0,0,1,1,1,1,1,1,1,0,1,0,1,1,1,0,1,22,-17.028860170712708,240.001,5.273495954006732e-08,5.273495954006732e-08,25.750153657865805,25.750153657865805,21.79375913498889,21.79375913498889
1,1,0,1,1,1,1,1,0,1,1,1,1,1,1,1,0,1,0,1,1,1,1,1,0,1,1,1,1,1,1,1,1,1,1,1,1,1,1,1,0,1,1,1,0,0,1,0,1,1,0,1,0,1,1,1,0,1,1,0,0,1,1,0,0,1,1,1,1,1,1,1,0,1,0,1,1,1,0,1,23,-17.02880762488348,240.001,5.2749088188378354e-08,5.2749088188378354e-08,25.749042806163924,25.749042806163924,21.801760711654868,21.801760711654868
1,1,0,1,1,1,1,1,0,1,1,1,1,1,1,1,0,1,0,1,1,1,1,1,0,1,1,1,1,1,1,1,1,1,1,1,1,1,1,1,0,1,1,1,0,0,1,0,1,1,0,1,0,1,1,1,0,1,1,0,0,1,1,0,0,1,1,1,1,1,1,1,0,1,0,1,1,1,0,1,24,-17.028019771040096,240.001,5.2769152463926235e-08,5.2769152463926235e-08,25.748179039547196,25.748179039547196,21.923523622222405,21.923523622222405
1,1,0,1,1,1,1,1,0,1,1,1,1,1,1,1,0,1,0,1,1,1,1,1,0,1,1,1,1,1,1,1,1,1,1,1,1,1,1,1,0,1,1,1,0,0,1,0,1,1,0,1,0,1,1,1,0,1,1,0,0,1,1,0,0,1,1,1,1,1,1,1,0,1,0,1,1,1,0,1,26,-17.028227971920565,240.001,5.279488440162213e-08,5.279488440162213e-08,25.745853595123723,25.745853595123723,21.891014977439994,21.891014977439994
1,1,0,1,1,1,1,1,0,1,1,1,1,1,1,1,0,1,0,1,1,1,1,1,0,1,1,1,1,1,1,1,1,1,1,1,1,1,1,1,0,1,1,1,0,0,1,0,1,1,0,1,0,1,1,1,0,1,1,0,0,1,1,0,0,1,1,1,1,1,1,1,0,1,0,1,1,1,0,1,27,-17.02924974732446,240.001,5.2800337602218324e-08,5.2800337602218324e-08,25.744383258717768,25.744383258717768,21.734887596745594,21.734887596745594
1,1,0,1,1,1,1,1,0,1,1,1,1,1,1,1,0,1,0,1,1,1,1,1,0,1,1,1,1,1,1,1,1,1,1,1,1,1,1,1,0,1,1,1,0,0,1,0,1,1,0,1,0,1,1,1,0,1,1,0,0,1,1,0,0,1,1,1,1,1,1,1,0,1,0,1,1,1,0,1,28,-17.02960487176275,240.001,5.2811173484994086e-08,5.2811173484994086e-08,25.7431369503424,25.7431369503424,21.681904395211525,21.681904395211525
1,1,0,1,1,1,1,1,0,1,1,1,1,1,1,1,0,1,0,1,1,1,1,1,0,1,1,1,1,1,1,1,1,1,1,1,1,1,1,1,0,1,1,1,0,0,1,0,1,1,0,1,0,1,1,1,0,1,1,0,0,1,1,0,0,1,1,1,1,1,1,1,0,1,0,1,1,1,0,1,29,-17.029787203755493,240.001,5.2823403870701604e-08,5.2823403870701604e-08,25.741948964863642,25.741948964863642,21.65494858226353,21.65494858226353
1,1,0,1,1,1,1,1,0,1,1,1,1,1,1,1,0,1,0,1,1,1,1,1,0,1,1,1,1,1,1,1,1,1,1,1,1,1,1,1,0,1,1,1,0,0,1,0,1,1,0,1,0,1,1,1,0,1,1,0,0,1,1,0,0,1,1,1,1,1,1,1,0,1,0,1,1,1,0,1,30,-17.0298924521076,240.001,5.2836256258064674e-08,5.2836256258064674e-08,25.740787169304816,25.740787169304816,21.63946406431379,21.63946406431379
1,1,0,1,1,1,1,1,0,1,1,1,1,1,1,1,0,1,0,1,1,1,1,1,0,1,1,1,1,1,1,1,1,1,1,1,1,1,1,1,0,1,1,1,0,0,1,0,1,1,0,1,0,1,1,1,0,1,1,0,0,1,1,0,0,1,1,1,1,1,1,1,0,1,0,1,1,1,0,1,31,-17.029952081353976,240.001,5.284947679620081e-08,5.284947679620081e-08,25.739640996657677,25.739640996657677,21.630715466530752,21.630715466530752
1,1,0,1,1,1,1,1,0,1,1,1,1,1,1,1,0,1,0,1,1,1,1,1,0,1,1,1,1,1,1,1,1,1,1,1,1,1,1,1,0,1,1,1,0,0,1,0,1,1,0,1,0,1,1,1,0,1,1,0,0,1,1,0,0,1,1,1,1,1,1,1,0,1,0,1,1,1,0,1,32,-17.029978837069226,240.001,5.286296273161961e-08,5.286296273161961e-08,25.73850616560264,25.73850616560264,21.62679564176965,21.62679564176965
1,1,0,1,1,1,1,1,0,1,1,1,1,1,1,1,0,1,0,1,1,1,1,1,0,1,1,1,1,1,1,1,1,1,1,1,1,1,1,1,0,1,1,1,0,0,1,0,1,1,0,1,0,1,1,1,0,1,1,0,0,1,1,0,0,1,1,1,1,1,1,1,0,1,0,1,1,1,0,1,33,-17.02997784520675,240.001,5.287667282304802e-08,5.287667282304802e-08,25.737380954020992,25.737380954020992,21.626940891094367,21.626940891094367
1,1,0,1,1,1,1,1,0,1,1,1,1,1,1,1,0,1,0,1,1,1,1,1,0,1,1,1,1,1,1,1,1,1,1,1,1,1,1,1,0,1,1,1,0,0,1,0,1,1,0,1,0,1,1,1,0,1,1,0,0,1,1,0,0,1,1,1,1,1,1,1,0,1,0,1,1,1,0,1,34,-17.02994998897808,240.001,5.2890600102364334e-08,5.2890600102364334e-08,25.73626506503951,25.73626506503951,21.63102215658517,21.63102215658517
1,1,0,1,1,1,1,1,0,1,1,1,1,1,1,1,0,1,0,1,1,1,1,1,0,1,1,1,1,1,1,1,1,1,1,1,1,1,1,1,0,1,1,1,0,0,1,0,1,1,0,1,0,1,1,1,0,1,1,0,0,1,1,0,0,1,1,1,1,1,1,1,0,1,0,1,1,1,0,1,35,-17.029892645486505,240.001,5.290476595904619e-08,5.290476595904619e-08,25.73515937962837,25.73515937962837,21.639435664118082,21.639435664118082
1,1,0,1,1,1,1,1,0,1,1,1,1,1,1,1,0,1,0,1,1,1,1,1,0,1,1,1,1,1,1,1,1,1,1,1,1,1,1,1,0,1,1,1,0,0,1,0,1,1,0,1,0,1,1,1,0,1,1,0,0,1,1,0,0,1,1,1,1,1,1,1,0,1,0,1,1,1,0,1,36,-17.029798713081995,240.001,5.291922805074739e-08,5.291922805074739e-08,25.734066283189282,25.734066283189282,21.653252615787054,21.653252615787054
1,1,0,1,1,1,1,1,0,1,1,1,1,1,1,1,0,1,0,1,1,1,1,1,0,1,1,1,1,1,1,1,1,1,1,1,1,1,1,1,0,1,1,1,0,0,1,0,1,1,0,1,0,1,1,1,0,1,1,0,0,1,1,0,0,1,1,1,1,1,1,1,0,1,0,1,1,1,0,1,37,-17.029652925216112,240.001,5.293411019832716e-08,5.293411019832716e-08,25.732990903216294,25.732990903216294,21.67478406937318,21.67478406937318
1,1,0,1,1,1,1,1,0,1,1,1,1,1,1,1,0,1,0,1,1,1,1,1,0,1,1,1,1,1,1,1,1,1,1,1,1,1,1,1,0,1,1,1,0,0,1,0,1,1,0,1,0,1,1,1,0,1,1,0,0,1,1,0,0,1,1,1,1,1,1,1,0,1,0,1,1,1,0,1,38,-17.029420252196136,240.001,5.294969642157528e-08,5.294969642157528e-08,25.7319450028613,25.7319450028613,21.709368782749536,21.709368782749536
1,1,0,1,1,1,1,1,0,1,1,1,1,1,1,1,0,1,0,1,1,1,1,1,0,1,1,1,1,1,1,1,1,1,1,1,1,1,1,1,0,1,1,1,0,0,1,0,1,1,0,1,0,1,1,1,0,1,1,0,0,1,1,0,0,1,1,1,1,1,1,1,0,1,0,1,1,1,0,1,39,-17.02899944003638,240.001,5.296680767131775e-08,5.296680767131775e-08,25.730962573577255,25.730962573577255,21.77262205077383,21.77262205077383
1,1,0,1,1,1,1,1,0,1,1,1,1,1,1,1,0,1,0,1,1,1,1,1,0,1,1,1,1,1,1,1,1,1,1,1,1,1,1,1,0,1,1,1,0,0,1,0,1,1,0,1,0,1,1,1,0,1,1,0,0,1,1,0,0,1,1,1,1,1,1,1,0,1,0,1,1,1,0,1,40,-17.0278870805385,240.001,5.2989526795762785e-08,5.2989526795762785e-08,25.730212507278512,25.730212507278512,21.944368885607194,21.944368885607194
1,1,0,1,1,1,1,1,0,1,1,1,1,1,1,1,0,1,0,1,1,1,1,1,0,1,1,1,1,1,1,1,1,1,1,1,1,1,1,1,0,1,1,1,0,0,1,0,1,1,0,1,0,1,1,1,0,1,1,0,0,1,1,0,0,1,1,1,1,1,1,1,0,1,0,1,1,1,0,1,42,-17.027328294210772,240.001,5.302146989122717e-08,5.302146989122717e-08,25.728154072572856,25.728154072572856,22.033260010952496,22.033260010952496
1,1,0,1,1,1,1,1,0,1,1,1,1,1,1,1,0,1,0,1,1,1,1,1,0,1,1,1,1,1,1,1,1,1,1,1,1,1,1,1,0,1,1,1,0,0,1,0,1,1,0,1,0,1,1,1,0,1,1,0,0,1,1,0,0,1,1,1,1,1,1,1,0,1,0,1,1,1,0,1,43,-17.027698091461133,240.001,5.303217600807509e-08,5.303217600807509e-08,25.726907434654542,25.726907434654542,21.974231175763883,21.974231175763883
1,1,0,1,1,1,1,1,0,1,1,1,1,1,1,1,0,1,0,1,1,1,1,1,0,1,1,1,1,1,1,1,1,1,1,1,1,1,1,1,0,1,1,1,0,0,1,0,1,1,0,1,0,1,1,1,0,1,1,0,0,1,1,0,0,1,1,1,1,1,1,1,0,1,0,1,1,1,0,1,44,-17.02656647922928,240.001,5.3055067300346335e-08,5.3055067300346335e-08,25.72616482303793,25.72616482303793,22.15743734217689,22.15743734217689
1,1,0,1,1,1,1,1,0,1,1,1,1,1,1,1,0,1,0,1,1,1,1,1,0,1,1,1,1,1,1,1,1,1,1,1,1,1,1,1,0,1,1,1,0,0,1,0,1,1,0,1,0,1,1,1,0,1,1,0,0,1,1,0,0,1,1,1,1,1,1,1,0,1,0,1,1,1,0,1,47,-17.02501728481213,240.001,5.3108780716265756e-08,5.3108780716265756e-08,25.723319406188764,25.723319406188764,22.421397269189384,22.421397269189384
1,1,0,1,1,1,1,1,0,1,1,1,1,1,1,1,0,1,0,1,1,1,1,1,0,1,1,1,1,1,1,1,1,1,1,1,1,1,1,1,0,1,1,1,0,0,1,0,1,1,0,1,0,1,1,1,0,1,1,0,0,1,1,0,0,1,1,1,1,1,1,1,0,1,0,1,1,1,0,1,49,-17.026064265310467,240.001,5.312769268686491e-08,5.312769268686491e-08,25.720726183746056,25.720726183746056,22.241272664754383,22.241272664754383
1,1,0,1,1,1,1,1,0,1,1,1,1,1,1,1,0,1,0,1,1,1,1,1,0,1,1,1,1,1,1,1,1,1,1,1,1,1,1,1,0,1,1,1,0,0,1,0,1,1,0,1,0,1,1,1,0,1,1,0,0,1,1,0,0,1,1,1,1,1,1,1,0,1,0,1,1,1,0,1,50,-17.026083927996456,240.001,5.314124293289585e-08,5.314124293289585e-08,25.719598991926134,25.719598991926134,22.23795990553489,22.23795990553489
1,1,0,1,1,1,1,1,0,1,1,1,1,1,1,1,0,1,0,1,1,1,1,1,0,1,1,1,1,1,1,1,1,1,1,1,1,1,1,1,0,1,1,1,0,0,1,0,1,1,0,1,0,1,1,1,0,1,1,0,0,1,1,0,0,1,1,1,1,1,1,1,0,1,0,1,1,1,0,1,52,-17.02529772832413,240.001,5.317506019184023e-08,5.317506019184023e-08,25.717622369902013,25.717622369902013,22.372416283142837,22.372416283142837
1,1,0,1,1,1,1,1,0,1,1,1,1,1,1,1,0,1,0,1,1,1,1,1,0,1,1,1,1,1,1,1,1,1,1,1,1,1,1,1,0,1,1,1,0,0,1,0,1,1,0,1,0,1,1,1,0,1,1,0,0,1,1,0,0,1,1,1,1,1,1,1,0,1,0,1,1,1,0,1,54,-17.026378027813557,240.001,5.31936903897717e-08,5.31936903897717e-08,25.715020760404354,25.715020760404354,22.188707562187695,22.188707562187695
1,1,0,1,1,1,1,1,0,1,1,1,1,1,1,1,0,1,0,1,1,1,1,1,0,1,1,1,1,1,1,1,1,1,1,1,1,1,1,1,0,1,1,1,0,0,1,0,1,1,0,1,0,1,1,1,0,1,1,0,0,1,1,0,0,1,1,1,1,1,1,1,0,1,0,1,1,1,0,1,55,-17.02709770921586,240.001,5.320154111126865e-08,5.320154111126865e-08,25.71366016211449,25.71366016211449,22.07047481661915,22.07047481661915
1,1,0,1,1,1,1,1,0,1,1,1,1,1,1,1,0,1,0,1,1,1,1,1,0,1,1,1,1,1,1,1,1,1,1,1,1,1,1,1,0,1,1,1,0,0,1,0,1,1,0,1,0,1,1,1,0,1,1,0,0,1,1,0,0,1,1,1,1,1,1,1,0,1,0,1,1,1,0,1,56,-17.026375819787624,240.001,5.322112752385748e-08,5.322112752385748e-08,25.712783469001476,25.712783469001476,22.18907527520505,22.18907527520505
1,1,0,1,1,1,1,1,0,1,1,1,1,1,1,1,0,1,0,1,1,1,1,1,0,1,1,1,1,1,1,1,1,1,1,1,1,1,1,1,0,1,1,1,0,0,1,0,1,1,0,1,0,1,1,1,0,1,1,0,0,1,1,0,0,1,1,1,1,1,1,1,0,1,0,1,1,1,0,1,58,-17.02588955489421,240.001,5.325250795029391e-08,5.325250795029391e-08,25.71070978628438,25.71070978628438,22.270818632324385,22.270818632324385
1,1,0,1,1,1,1,1,0,1,1,1,1,1,1,1,0,1,0,1,1,1,1,1,0,1,1,1,1,1,1,1,1,1,1,1,1,1,1,1,0,1,1,1,0,0,1,0,1,1,0,1,0,1,1,1,0,1,1,0,0,1,1,0,0,1,1,1,1,1,1,1,0,1,0,1,1,1,0,1,59,-17.025548322637093,240.001,5.326899992938499e-08,5.326899992938499e-08,25.709706243065686,25.709706243065686,22.329108500030724,22.329108500030724
1,1,0,1,1,1,1,1,0,1,1,1,1,1,1,1,0,1,0,1,1,1,1,1,0,1,1,1,1,1,1,1,1,1,1,1,1,1,1,1,0,1,1,1,0,0,1,0,1,1,0,1,0,1,1,1,0,1,1,0,0,1,1,0,0,1,1,1,1,1,1,1,0,1,0,1,1,1,0,1,62,-17.025265112971276,240.001,5.3312443980150826e-08,5.3312443980150826e-08,25.706448965406135,25.706448965406135,22.378084588475463,22.378084588475463
1,1,0,1,1,1,1,1,0,1,1,1,1,1,1,1,0,1,0,1,1,1,1,1,0,1,1,1,1,1,1,1,1,1,1,1,1,1,1,1,0,1,1,1,0,0,1,0,1,1,0,1,0,1,1,1,0,1,1,0,0,1,1,0,0,1,1,1,1,1,1,1,0,1,0,1,1,1,0,1,63,-17.02528601674973,240.001,5.332598546271646e-08,5.332598546271646e-08,25.705325083795508,25.705325083795508,22.374450821209866,22.374450821209866
1,1,0,1,1,1,1,1,0,1,1,1,1,1,1,1,0,1,0,1,1,1,1,1,0,1,1,1,1,1,1,1,1,1,1,1,1,1,1,1,0,1,1,1,0,0,1,0,1,1,0,1,0,1,1,1,0,1,1,0,0,1,1,0,0,1,1,1,1,1,1,1,0,1,0,1,1,1,0,1,66,-17.02599376071302,240.001,5.3361343756754744e-08,5.3361343756754744e-08,25.70173866386106,25.70173866386106,22.25317193787467,22.25317193787467
1,1,0,1,1,1,1,1,0,1,1,1,1,1,1,1,0,1,0,1,1,1,1,1,0,1,1,1,1,1,1,1,1,1,1,1,1,1,1,1,0,1,1,1,0,0,1,0,1,1,0,1,0,1,1,1,0,1,1,0,0,1,1,0,0,1,1,1,1,1,1,1,0,1,0,1,1,1,0,1,67,-17.027245699141154,240.001,5.336483119142289e-08,5.336483119142289e-08,25.700202901219484,25.700202901219484,22.046553878523703,22.046553878523703
1,1,0,1,1,1,1,1,0,1,1,1,1,1,1,1,0,1,0,1,1,1,1,1,0,1,1,1,1,1,1,1,1,1,1,1,1,1,1,1,0,1,1,1,0,0,1,0,1,1,0,1,0,1,1,1,0,1,1,0,0,1,1,0,0,1,1,1,1,1,1,1,0,1,0,1,1,1,0,1,68,-17.027619149420293,240.001,5.3375489907185144e-08,5.3375489907185144e-08,25.698962108326523,25.698962108326523,21.986765528038198,21.986765528038198
1,1,0,1,1,1,1,1,0,1,1,1,1,1,1,1,0,1,0,1,1,1,1,1,0,1,1,1,1,1,1,1,1,1,1,1,1,1,1,1,0,1,1,1,0,0,1,0,1,1,0,1,0,1,1,1,0,1,1,0,0,1,1,0,0,1,1,1,1,1,1,1,0,1,0,1,1,1,0,1,69,-17.027692833277694,240.001,5.3388595219873404e-08,5.3388595219873404e-08,25.69782222978278,25.69782222978278,21.97506494925822,21.97506494925822
1,1,0,1,1,1,1,1,0,1,1,1,1,1,1,1,0,1,0,1,1,1,1,1,0,1,1,1,1,1,1,1,1,1,1,1,1,1,1,1,0,1,1,1,0,0,1,0,1,1,0,1,0,1,1,1,0,1,1,0,0,1,1,0,0,1,1,1,1,1,1,1,0,1,0,1,1,1,0,1,70,-17.027558514724845,240.001,5.34033991211867e-08,5.34033991211867e-08,25.69675247817441,25.69675247817441,21.99641752434468,21.99641752434468
1,1,0,1,1,1,1,1,0,1,1,1,1,1,1,1,0,1,0,1,1,1,1,1,0,1,1,1,1,1,1,1,1,1,1,1,1,1,1,1,0,1,1,1,0,0,1,0,1,1,0,1,0,1,1,1,0,1,1,0,0,1,1,0,0,1,1,1,1,1,1,1,0,1,0,1,1,1,0,1,71,-17.027153136713107,240.001,5.3420418470046024e-08,5.3420418470046024e-08,25.69577400574447,25.69577400574447,22.061500229321943,22.061500229321943
1,1,0,1,1,1,1,1,0,1,1,1,1,1,1,1,0,1,0,1,1,1,1,1,0,1,1,1,1,1,1,1,1,1,1,1,1,1,1,1,0,1,1,1,0,0,1,0,1,1,0,1,0,1,1,1,0,1,1,0,0,1,1,0,0,1,1,1,1,1,1,1,0,1,0,1,1,1,0,1,72,-17.02597087044696,240.001,5.344379269639061e-08,5.344379269639061e-08,25.695056422178517,25.695056422178517,22.257042176683516,22.257042176683516
1,1,0,1,1,1,1,1,0,1,1,1,1,1,1,1,0,1,0,1,1,1,1,1,0,1,1,1,1,1,1,1,1,1,1,1,1,1,1,1,0,1,1,1,0,0,1,0,1,1,0,1,0,1,1,1,0,1,1,0,0,1,1,0,0,1,1,1,1,1,1,1,0,1,0,1,1,1,0,1,74,-17.02436660900495,240.001,5.348434047346808e-08,5.348434047346808e-08,25.693366943019207,25.693366943019207,22.53720271622498,22.53720271622498
1,1,0,1,1,1,1,1,0,1,1,1,1,1,1,1,0,1,0,1,1,1,1,1,0,1,1,1,1,1,1,1,1,1,1,1,1,1,1,1,0,1,1,1,0,0,1,0,1,1,0,1,0,1,1,1,0,1,1,0,0,1,1,0,0,1,1,1,1,1,1,1,0,1,0,1,1,1,0,1,76,-17.024919849607137,240.001,5.350723650666616e-08,5.350723650666616e-08,25.690954935342482,25.690954935342482,22.438544245726575,22.438544245726575
1,1,0,1,1,1,1,1,0,1,1,1,1,1,1,1,0,1,0,1,1,1,1,1,0,1,1,1,1,1,1,1,1,1,1,1,1,1,1,1,0,1,1,1,0,0,1,0,1,1,0,1,0,1,1,1,0,1,1,0,0,1,1,0,0,1,1,1,1,1,1,1,0,1,0,1,1,1,0,1,77,-17.025349632962076,240.001,5.351742826822428e-08,5.351742826822428e-08,25.689698010724683,25.689698010724683,22.363410783577372,22.363410783577372
1,1,0,1,1,1,1,1,0,1,1,1,1,1,1,1,0,1,0,1,1,1,1,1,0,1,1,1,1,1,1,1,1,1,1,1,1,1,1,1,0,1,1,1,0,0,1,0,1,1,0,1,0,1,1,1,0,1,1,0,0,1,1,0,0,1,1,1,1,1,1,1,0,1,0,1,1,1,0,1,78,-17.02425864812186,240.001,5.3540078493730754e-08,5.3540078493730754e-08,25.688951316284736,25.688951316284736,22.55671784195673,22.55671784195673
1,1,0,1,1,1,1,1,0,1,1,1,1,1,1,1,0,1,0,1,1,1,1,1,0,1,1,1,1,1,1,1,1,1,1,1,1,1,1,1,0,1,1,1,0,0,1,0,1,1,0,1,0,1,1,1,0,1,1,0,0,1,1,0,0,1,1,1,1,1,1,1,0,1,0,1,1,1,0,1,80,-17.02194048710914,240.001,5.358651629565484e-08,5.358651629565484e-08,25.68750427176092,25.68750427176092,22.998282736909417,22.998282736909417
1,1,0,1,1,1,1,1,0,1,1,1,1,1,1,1,0,1,0,1,1,1,1,1,0,1,1,1,1,1,1,1,1,1,1,1,1,1,1,1,0,1,1,1,1,0,1,0,1,1,0,1,0,1,1,1,0,1,1,0,0,1,1,0,0,1,1,1,1,1,1,1,0,1,0,1,1,1,0,1,1,-17.023340623010338,240.001,5.249146876219669e-08,5.249146876219669e-08,25.775772127800735,25.775772127800735,22.72628234841171,22.72628234841171
1,1,0,1,1,1,1,1,0,1,1,1,1,1,1,1,0,1,0,1,1,1,1,1,0,1,1,1,1,1,1,1,1,1,1,1,1,1,1,1,0,1,1,1,1,0,1,0,1,1,0,1,0,1,1,1,0,1,1,0,0,1,1,0,0,1,1,1,1,1,1,1,0,1,0,1,1,1,0,1,2,-17.024190501238262,240.001,5.2498355909224656e-08,5.2498355909224656e-08,25.774352470555854,25.774352470555854,22.569081194764735,22.569081194764735
1,1,0,1,1,1,1,1,0,1,1,1,1,1,1,1,0,1,0,1,1,1,1,1,0,1,1,1,1,1,1,1,1,1,1,1,1,1,1,1,0,1,1,1,1,0,1,0,1,1,0,1,0,1,1,1,0,1,1,0,0,1,1,0,0,1,1,1,1,1,1,1,0,1,0,1,1,1,0,1,4,-17.0255289760299,240.001,5.251502947805226e-08,5.251502947805226e-08,25.771634887954367,25.771634887954367,22.332436734622195,22.332436734622195
1,1,0,1,1,1,1,1,0,1,1,1,1,1,1,1,0,1,0,1,1,1,1,1,0,1,1,1,1,1,1,1,1,1,1,1,1,1,1,1,0,1,1,1,1,0,1,0,1,1,0,1,0,1,1,1,0,1,1,0,0,1,1,0,0,1,1,1,1,1,1,1,0,1,0,1,1,1,0,1,5,-17.02680174537378,240.001,5.251851269750947e-08,5.251851269750947e-08,25.770074069105775,25.770074069105775,22.118710525367597,22.118710525367597
1,1,0,1,1,1,1,1,0,1,1,1,1,1,1,1,0,1,0,1,1,1,1,1,0,1,1,1,1,1,1,1,1,1,1,1,1,1,1,1,0,1,1,1,1,0,1,0,1,1,0,1,0,1,1,1,0,1,1,0,0,1,1,0,0,1,1,1,1,1,1,1,0,1,0,1,1,1,0,1,6,-17.027267108378258,240.001,5.252848235234167e-08,5.252848235234167e-08,25.768784357705414,25.768784357705414,22.04310412774609,22.04310412774609
1,1,0,1,1,1,1,1,0,1,1,1,1,1,1,1,0,1,0,1,1,1,1,1,0,1,1,1,1,1,1,1,1,1,1,1,1,1,1,1,0,1,1,1,1,0,1,0,1,1,0,1,0,1,1,1,0,1,1,0,0,1,1,0,0,1,1,1,1,1,1,1,0,1,0,1,1,1,0,1,7,-17.027352238648696,240.001,5.254150634979101e-08,5.254150634979101e-08,25.76762256409401,25.76762256409401,22.02941364729857,22.02941364729857
1,1,0,1,1,1,1,1,0,1,1,1,1,1,1,1,0,1,0,1,1,1,1,1,0,1,1,1,1,1,1,1,1,1,1,1,1,1,1,1,0,1,1,1,1,0,1,0,1,1,0,1,0,1,1,1,0,1,1,0,0,1,1,0,0,1,1,1,1,1,1,1,0,1,0,1,1,1,0,1,8,-17.02667631080091,240.001,5.2560649961498975e-08,5.2560649961498975e-08,25.766716418783233,25.766716418783233,22.1393154033578,22.1393154033578
1,1,0,1,1,1,1,1,0,1,1,1,1,1,1,1,0,1,0,1,1,1,1,1,0,1,1,1,1,1,1,1,1,1,1,1,1,1,1,1,0,1,1,1,1,0,1,0,1,1,0,1,0,1,1,1,0,1,1,0,0,1,1,0,0,1,1,1,1,1,1,1,0,1,0,1,1,1,0,1,10,-17.027039036763135,240.001,5.258515108157879e-08,5.258515108157879e-08,25.764329703020522,25.764329703020522,22.079994937915156,22.079994937915156
1,1,0,1,1,1,1,1,0,1,1,1,1,1,1,1,0,1,0,1,1,1,1,1,0,1,1,1,1,1,1,1,1,1,1,1,1,1,1,1,0,1,1,1,1,0,1,0,1,1,0,1,0,1,1,1,0,1,1,0,0,1,1,0,0,1,1,1,1,1,1,1,0,1,0,1,1,1,0,1,11,-17.028101258770842,240.001,5.2590312953205076e-08,5.2590312953205076e-08,25.762841189123172,25.762841189123172,21.910771253451248,21.910771253451248
1,1,0,1,1,1,1,1,0,1,1,1,1,1,1,1,0,1,0,1,1,1,1,1,0,1,1,1,1,1,1,1,1,1,1,1,1,1,1,1,0,1,1,1,1,0,1,0,1,1,0,1,0,1,1,1,0,1,1,0,0,1,1,0,0,1,1,1,1,1,1,1,0,1,0,1,1,1,0,1,12,-17.028464371041046,240.001,5.260109791768045e-08,5.260109791768045e-08,25.761587538255412,25.761587538255412,21.854394192782898,21.854394192782898
1,1,0,1,1,1,1,1,0,1,1,1,1,1,1,1,0,1,0,1,1,1,1,1,0,1,1,1,1,1,1,1,1,1,1,1,1,1,1,1,0,1,1,1,1,0,1,0,1,1,0,1,0,1,1,1,0,1,1,0,0,1,1,0,0,1,1,1,1,1,1,1,0,1,0,1,1,1,0,1,13,-17.02860743968978,240.001,5.261365217339298e-08,5.261365217339298e-08,25.760408066630575,25.760408066630575,21.832379416253083,21.832379416253083
1,1,0,1,1,1,1,1,0,1,1,1,1,1,1,1,0,1,0,1,1,1,1,1,0,1,1,1,1,1,1,1,1,1,1,1,1,1,1,1,0,1,1,1,1,0,1,0,1,1,0,1,0,1,1,1,0,1,1,0,0,1,1,0,0,1,1,1,1,1,1,1,0,1,0,1,1,1,0,1,14,-17.028590166081763,240.001,5.2627496270695886e-08,5.2627496270695886e-08,25.759282742464023,25.759282742464023,21.83503152593321,21.83503152593321
1,1,0,1,1,1,1,1,0,1,1,1,1,1,1,1,0,1,0,1,1,1,1,1,0,1,1,1,1,1,1,1,1,1,1,1,1,1,1,1,0,1,1,1,1,0,1,0,1,1,0,1,0,1,1,1,0,1,1,0,0,1,1,0,0,1,1,1,1,1,1,1,0,1,0,1,1,1,0,1,15,-17.028337912005252,240.001,5.2643232275444015e-08,5.2643232275444015e-08,25.75823661850618,25.75823661850618,21.87394589697994,21.87394589697994
1,1,0,1,1,1,1,1,0,1,1,1,1,1,1,1,0,1,0,1,1,1,1,1,0,1,1,1,1,1,1,1,1,1,1,1,1,1,1,1,0,1,1,1,1,0,1,0,1,1,0,1,0,1,1,1,0,1,1,0,0,1,1,0,0,1,1,1,1,1,1,1,0,1,0,1,1,1,0,1,16,-17.0273424724411,240.001,5.266495714908895e-08,5.266495714908895e-08,25.757440175989856,25.757440175989856,22.030982053207925,22.030982053207925
1,1,0,1,1,1,1,1,0,1,1,1,1,1,1,1,0,1,0,1,1,1,1,1,0,1,1,1,1,1,1,1,1,1,1,1,1,1,1,1,0,1,1,1,1,0,1,0,1,1,0,1,0,1,1,1,0,1,1,0,0,1,1,0,0,1,1,1,1,1,1,1,0,1,0,1,1,1,0,1,18,-17.026229908677017,240.001,5.2701342138014774e-08,5.2701342138014774e-08,25.755553336595693,25.755553336595693,22.213443394570064,22.213443394570064
1,1,0,1,1,1,1,1,0,1,1,1,1,1,1,1,0,1,0,1,1,1,1,1,0,1,1,1,1,1,1,1,1,1,1,1,1,1,1,1,0,1,1,1,1,0,1,0,1,1,0,1,0,1,1,1,0,1,1,0,0,1,1,0,0,1,1,1,1,1,1,1,0,1,0,1,1,1,0,1,20,-17.02755316291905,240.001,5.271808943063369e-08,5.271808943063369e-08,25.75285021211073,25.75285021211073,21.997270464041687,21.997270464041687
1,1,0,1,1,1,1,1,0,1,1,1,1,1,1,1,0,1,0,1,1,1,1,1,0,1,1,1,1,1,1,1,1,1,1,1,1,1,1,1,0,1,1,1,1,0,1,0,1,1,0,1,0,1,1,1,0,1,1,0,0,1,1,0,0,1,1,1,1,1,1,1,0,1,0,1,1,1,0,1,21,-17.02863701787838,240.001,5.272305468020478e-08,5.272305468020478e-08,25.751357336458433,25.751357336458433,21.827841851450454,21.827841851450454
1,1,0,1,1,1,1,1,0,1,1,1,1,1,1,1,0,1,0,1,1,1,1,1,0,1,1,1,1,1,1,1,1,1,1,1,1,1,1,1,0,1,1,1,1,0,1,0,1,1,0,1,0,1,1,1,0,1,1,0,0,1,1,0,0,1,1,1,1,1,1,1,0,1,0,1,1,1,0,1,22,-17.028940073558985,240.001,5.273431566583728e-08,5.273431566583728e-08,25.750126781083203,25.750126781083203,21.781619683563285,21.781619683563285
1,1,0,1,1,1,1,1,0,1,1,1,1,1,1,1,0,1,0,1,1,1,1,1,0,1,1,1,1,1,1,1,1,1,1,1,1,1,1,1,0,1,1,1,1,0,1,0,1,1,0,1,0,1,1,1,0,1,1,0,0,1,1,0,0,1,1,1,1,1,1,1,0,1,0,1,1,1,0,1,23,-17.02889116460449,240.001,5.2748414814772245e-08,5.2748414814772245e-08,25.749014707080477,25.749014707080477,21.789046303302094,21.789046303302094
1,1,0,1,1,1,1,1,0,1,1,1,1,1,1,1,0,1,0,1,1,1,1,1,0,1,1,1,1,1,1,1,1,1,1,1,1,1,1,1,0,1,1,1,1,0,1,0,1,1,0,1,0,1,1,1,0,1,1,0,0,1,1,0,0,1,1,1,1,1,1,1,0,1,0,1,1,1,0,1,24,-17.028107318954852,240.001,5.2768446433225234e-08,5.2768446433225234e-08,25.748149598930823,25.748149598930823,21.909824353663147,21.909824353663147
1,1,0,1,1,1,1,1,0,1,1,1,1,1,1,1,0,1,0,1,1,1,1,1,0,1,1,1,1,1,1,1,1,1,1,1,1,1,1,1,0,1,1,1,1,0,1,0,1,1,0,1,0,1,1,1,0,1,1,0,0,1,1,0,0,1,1,1,1,1,1,1,0,1,0,1,1,1,0,1,26,-17.028324733575545,240.001,5.279410369463966e-08,5.279410369463966e-08,25.745821055456393,25.745821055456393,21.875988441397865,21.875988441397865
1,1,0,1,1,1,1,1,0,1,1,1,1,1,1,1,0,1,0,1,1,1,1,1,0,1,1,1,1,1,1,1,1,1,1,1,1,1,1,1,0,1,1,1,1,0,1,0,1,1,0,1,0,1,1,1,0,1,1,0,0,1,1,0,0,1,1,1,1,1,1,1,0,1,0,1,1,1,0,1,27,-17.029351849651555,240.001,5.279951381711438e-08,5.279951381711438e-08,25.744348915070276,25.744348915070276,21.71958844690893,21.71958844690893
1,1,0,1,1,1,1,1,0,1,1,1,1,1,1,1,0,1,0,1,1,1,1,1,0,1,1,1,1,1,1,1,1,1,1,1,1,1,1,1,0,1,1,1,1,0,1,0,1,1,0,1,0,1,1,1,0,1,1,0,0,1,1,0,0,1,1,1,1,1,1,1,0,1,0,1,1,1,0,1,28,-17.029712971171318,240.001,5.281030116223755e-08,5.281030116223755e-08,25.74310058728496,25.74310058728496,21.66590301903846,21.66590301903846
1,1,0,1,1,1,1,1,0,1,1,1,1,1,1,1,0,1,0,1,1,1,1,1,0,1,1,1,1,1,1,1,1,1,1,1,1,1,1,1,0,1,1,1,1,0,1,0,1,1,0,1,0,1,1,1,0,1,1,0,0,1,1,0,0,1,1,1,1,1,1,1,0,1,0,1,1,1,0,1,29,-17.029902058014716,240.001,5.2822476831448965e-08,5.2822476831448965e-08,25.741910329010523,25.741910329010523,21.638053535421427,21.638053535421427
1,1,0,1,1,1,1,1,0,1,1,1,1,1,1,1,0,1,0,1,1,1,1,1,0,1,1,1,1,1,1,1,1,1,1,1,1,1,1,1,0,1,1,1,1,0,1,0,1,1,0,1,0,1,1,1,0,1,1,0,0,1,1,0,0,1,1,1,1,1,1,1,0,1,0,1,1,1,0,1,30,-17.030014966137674,240.001,5.2835267149791006e-08,5.2835267149791006e-08,25.74074595707705,25.74074595707705,21.621508151065957,21.621508151065957
1,1,0,1,1,1,1,1,0,1,1,1,1,1,1,1,0,1,0,1,1,1,1,1,0,1,1,1,1,1,1,1,1,1,1,1,1,1,1,1,0,1,1,1,1,0,1,0,1,1,0,1,0,1,1,1,0,1,1,0,0,1,1,0,0,1,1,1,1,1,1,1,0,1,0,1,1,1,0,1,31,-17.030083352539304,240.001,5.284841671175824e-08,5.284841671175824e-08,25.739596839568662,25.739596839568662,21.611517268742695,21.611517268742695
1,1,0,1,1,1,1,1,0,1,1,1,1,1,1,1,0,1,0,1,1,1,1,1,0,1,1,1,1,1,1,1,1,1,1,1,1,1,1,1,0,1,1,1,1,0,1,0,1,1,0,1,0,1,1,1,0,1,1,0,0,1,1,0,0,1,1,1,1,1,1,1,0,1,0,1,1,1,0,1,32,-17.03012021554233,240.001,5.286182071625173e-08,5.286182071625173e-08,25.738458610158798,25.738458610158798,21.606141237451524,21.606141237451524
1,1,0,1,1,1,1,1,0,1,1,1,1,1,1,1,0,1,0,1,1,1,1,1,0,1,1,1,1,1,1,1,1,1,1,1,1,1,1,1,0,1,1,1,1,0,1,0,1,1,0,1,0,1,1,1,0,1,1,0,0,1,1,0,0,1,1,1,1,1,1,1,0,1,0,1,1,1,0,1,33,-17.030131018621756,240.001,5.287543518492323e-08,5.287543518492323e-08,25.737329433314066,25.737329433314066,21.60456698803987,21.60456698803987
1,1,0,1,1,1,1,1,0,1,1,1,1,1,1,1,0,1,0,1,1,1,1,1,0,1,1,1,1,1,1,1,1,1,1,1,1,1,1,1,0,1,1,1,1,0,1,0,1,1,0,1,0,1,1,1,0,1,1,0,0,1,1,0,0,1,1,1,1,1,1,1,0,1,0,1,1,1,0,1,34,-17.030117105643644,240.001,5.2889249412384325e-08,5.2889249412384325e-08,25.73620885743797,25.73620885743797,21.606594524065738,21.606594524065738
1,1,0,1,1,1,1,1,0,1,1,1,1,1,1,1,0,1,0,1,1,1,1,1,0,1,1,1,1,1,1,1,1,1,1,1,1,1,1,1,0,1,1,1,1,0,1,0,1,1,0,1,0,1,1,1,0,1,1,0,0,1,1,0,0,1,1,1,1,1,1,1,0,1,0,1,1,1,0,1,35,-17.030076499092296,240.001,5.2903279550618056e-08,5.2903279550618056e-08,25.735097546796165,25.735097546796165,21.61251749163145,21.61251749163145
1,1,0,1,1,1,1,1,0,1,1,1,1,1,1,1,0,1,0,1,1,1,1,1,0,1,1,1,1,1,1,1,1,1,1,1,1,1,1,1,0,1,1,1,1,0,1,0,1,1,0,1,0,1,1,1,0,1,1,0,0,1,1,0,0,1,1,1,1,1,1,1,0,1,0,1,1,1,0,1,36,-17.030003030283353,240.001,5.29175756837174e-08,5.29175756837174e-08,25.733997573613618,25.733997573613618,21.62325425675252,21.62325425675252
1,1,0,1,1,1,1,1,0,1,1,1,1,1,1,1,0,1,0,1,1,1,1,1,0,1,1,1,1,1,1,1,1,1,1,1,1,1,1,1,0,1,1,1,1,0,1,0,1,1,0,1,0,1,1,1,0,1,1,0,0,1,1,0,0,1,1,1,1,1,1,1,0,1,0,1,1,1,0,1,37,-17.02988283361566,240.001,5.293225025554856e-08,5.293225025554856e-08,25.732913595299472,25.732913595299472,21.640876897201963,21.640876897201963
1,1,0,1,1,1,1,1,0,1,1,1,1,1,1,1,0,1,0,1,1,1,1,1,0,1,1,1,1,1,1,1,1,1,1,1,1,1,1,1,0,1,1,1,1,0,1,0,1,1,0,1,0,1,1,1,0,1,1,0,0,1,1,0,0,1,1,1,1,1,1,1,0,1,0,1,1,1,0,1,38,-17.029683084536522,240.001,5.294756936593505e-08,5.294756936593505e-08,25.73185663555936,25.73185663555936,21.670321123782657,21.670321123782657
1,1,0,1,1,1,1,1,0,1,1,1,1,1,1,1,0,1,0,1,1,1,1,1,0,1,1,1,1,1,1,1,1,1,1,1,1,1,1,1,0,1,1,1,1,0,1,0,1,1,0,1,0,1,1,1,0,1,1,0,0,1,1,0,0,1,1,1,1,1,1,1,0,1,0,1,1,1,0,1,39,-17.029306216026306,240.001,5.29643239568469e-08,5.29643239568469e-08,25.730859451314597,25.730859451314597,21.726419634854622,21.726419634854622
1,1,0,1,1,1,1,1,0,1,1,1,1,1,1,1,0,1,0,1,1,1,1,1,0,1,1,1,1,1,1,1,1,1,1,1,1,1,1,1,0,1,1,1,1,0,1,0,1,1,0,1,0,1,1,1,0,1,1,0,0,1,1,0,0,1,1,1,1,1,1,1,0,1,0,1,1,1,0,1,40,-17.028255524231458,240.001,5.2986541969917456e-08,5.2986541969917456e-08,25.730088702476102,25.730088702476102,21.88673099693095,21.88673099693095
1,1,0,1,1,1,1,1,0,1,1,1,1,1,1,1,0,1,0,1,1,1,1,1,0,1,1,1,1,1,1,1,1,1,1,1,1,1,1,1,0,1,1,1,1,0,1,0,1,1,0,1,0,1,1,1,0,1,1,0,0,1,1,0,0,1,1,1,1,1,1,1,0,1,0,1,1,1,0,1,42,-17.027943639980737,240.001,5.301648119708943e-08,5.301648119708943e-08,25.727947365844912,25.727947365844912,21.935471414363402,21.935471414363402
1,1,0,1,1,1,1,1,0,1,1,1,1,1,1,1,0,1,0,1,1,1,1,1,0,1,1,1,1,1,1,1,1,1,1,1,1,1,1,1,0,1,1,1,1,0,1,0,1,1,0,1,0,1,1,1,0,1,1,0,0,1,1,0,0,1,1,1,1,1,1,1,0,1,0,1,1,1,0,1,43,-17.028624157029164,240.001,5.3024666557399043e-08,5.3024666557399043e-08,25.726596381360554,25.726596381360554,21.829814244695452,21.829814244695452
1,1,0,1,1,1,1,1,0,1,1,1,1,1,1,1,0,1,0,1,1,1,1,1,0,1,1,1,1,1,1,1,1,1,1,1,1,1,1,1,0,1,1,1,1,0,1,0,1,1,0,1,0,1,1,1,0,1,1,0,0,1,1,0,0,1,1,1,1,1,1,1,0,1,0,1,1,1,0,1,44,-17.02845149636692,240.001,5.3039771665903634e-08,5.3039771665903634e-08,25.725532045829475,25.725532045829475,21.856380739494924,21.856380739494924
1,1,0,1,1,1,1,1,0,1,1,1,1,1,1,1,0,1,0,1,1,1,1,1,0,1,1,1,1,1,1,1,1,1,1,1,1,1,1,1,0,1,1,1,1,0,1,0,1,1,0,1,0,1,1,1,0,1,1,0,0,1,1,0,0,1,1,1,1,1,1,1,0,1,0,1,1,1,0,1,45,-17.02738866134582,240.001,5.3062103213719395e-08,5.3062103213719395e-08,25.724766738201264,25.724766738201264,22.023569296688976,22.023569296688976
1,1,0,1,1,1,1,1,0,1,1,1,1,1,1,1,0,1,0,1,1,1,1,1,0,1,1,1,1,1,1,1,1,1,1,1,1,1,1,1,0,1,1,1,1,0,1,0,1,1,0,1,0,1,1,1,0,1,1,0,0,1,1,0,0,1,1,1,1,1,1,1,0,1,0,1,1,1,0,1,47,-17.02594440881018,240.001,5.310124893256256e-08,5.310124893256256e-08,25.723008233832473,25.723008233832473,22.2615205323729,22.2615205323729
1,1,0,1,1,1,1,1,0,1,1,1,1,1,1,1,0,1,0,1,1,1,1,1,0,1,1,1,1,1,1,1,1,1,1,1,1,1,1,1,0,1,1,1,1,0,1,0,1,1,0,1,0,1,1,1,0,1,1,0,0,1,1,0,0,1,1,1,1,1,1,1,0,1,0,1,1,1,0,1,49,-17.026525470663714,240.001,5.312394553349697e-08,5.312394553349697e-08,25.720571301769745,25.720571301769745,22.16422297174388,22.16422297174388
1,1,0,1,1,1,1,1,0,1,1,1,1,1,1,1,0,1,0,1,1,1,1,1,0,1,1,1,1,1,1,1,1,1,1,1,1,1,1,1,0,1,1,1,1,0,1,0,1,1,0,1,0,1,1,1,0,1,1,0,0,1,1,0,0,1,1,1,1,1,1,1,0,1,0,1,1,1,0,1,50,-17.02645262280701,240.001,5.31382468348116e-08,5.31382468348116e-08,25.719475158822842,25.719475158822842,22.1763030526941,22.1763030526941
1,1,0,1,1,1,1,1,0,1,1,1,1,1,1,1,0,1,0,1,1,1,1,1,0,1,1,1,1,1,1,1,1,1,1,1,1,1,1,1,0,1,1,1,1,0,1,0,1,1,0,1,0,1,1,1,0,1,1,0,0,1,1,0,0,1,1,1,1,1,1,1,0,1,0,1,1,1,0,1,52,-17.02556098584301,240.001,5.3172919463836936e-08,5.3172919463836936e-08,25.717533954700254,25.717533954700254,22.326931396286447,22.326931396286447
1,1,0,1,1,1,1,1,0,1,1,1,1,1,1,1,0,1,0,1,1,1,1,1,0,1,1,1,1,1,1,1,1,1,1,1,1,1,1,1,0,1,1,1,1,0,1,0,1,1,0,1,0,1,1,1,0,1,1,0,0,1,1,0,0,1,1,1,1,1,1,1,0,1,0,1,1,1,0,1,54,-17.026582627631836,240.001,5.31920263815638e-08,5.31920263815638e-08,25.71495201897093,25.71495201897093,22.154768177975086,22.154768177975086
1,1,0,1,1,1,1,1,0,1,1,1,1,1,1,1,0,1,0,1,1,1,1,1,0,1,1,1,1,1,1,1,1,1,1,1,1,1,1,1,0,1,1,1,1,0,1,0,1,1,0,1,0,1,1,1,0,1,1,0,0,1,1,0,0,1,1,1,1,1,1,1,0,1,0,1,1,1,0,1,55,-17.02728177010384,240.001,5.320004411190185e-08,5.320004411190185e-08,25.71359830590289,25.71359830590289,22.04074319893712,22.04074319893712
1,1,0,1,1,1,1,1,0,1,1,1,1,1,1,1,0,1,0,1,1,1,1,1,0,1,1,1,1,1,1,1,1,1,1,1,1,1,1,1,0,1,1,1,1,0,1,0,1,1,0,1,0,1,1,1,0,1,1,0,0,1,1,0,0,1,1,1,1,1,1,1,0,1,0,1,1,1,0,1,56,-17.02654317277342,240.001,5.3219765823654134e-08,5.3219765823654134e-08,25.712727234753178,25.712727234753178,22.161292535836147,22.161292535836147
1,1,0,1,1,1,1,1,0,1,1,1,1,1,1,1,0,1,0,1,1,1,1,1,0,1,1,1,1,1,1,1,1,1,1,1,1,1,1,1,0,1,1,1,1,0,1,0,1,1,0,1,0,1,1,1,0,1,1,0,0,1,1,0,0,1,1,1,1,1,1,1,0,1,0,1,1,1,0,1,58,-17.026031165191654,240.001,5.325135499740549e-08,5.325135499740549e-08,25.71066220470355,25.71066220470355,22.246855035539696,22.246855035539696
1,1,0,1,1,1,1,1,0,1,1,1,1,1,1,1,0,1,0,1,1,1,1,1,0,1,1,1,1,1,1,1,1,1,1,1,1,1,1,1,0,1,1,1,1,0,1,0,1,1,0,1,0,1,1,1,0,1,1,0,0,1,1,0,0,1,1,1,1,1,1,1,0,1,0,1,1,1,0,1,59,-17.025679823704355,240.001,5.3267928928192615e-08,5.3267928928192615e-08,25.709662060060428,25.709662060060428,22.30655306151722,22.30655306151722
1,1,0,1,1,1,1,1,0,1,1,1,1,1,1,1,0,1,0,1,1,1,1,1,0,1,1,1,1,1,1,1,1,1,1,1,1,1,1,1,0,1,1,1,1,0,1,0,1,1,0,1,0,1,1,1,0,1,1,0,0,1,1,0,0,1,1,1,1,1,1,1,0,1,0,1,1,1,0,1,62,-17.025373404757996,240.001,5.331156128217852e-08,5.331156128217852e-08,25.706412580664665,25.706412580664665,22.35929254696458,22.35929254696458
1,1,0,1,1,1,1,1,0,1,1,1,1,1,1,1,0,1,0,1,1,1,1,1,0,1,1,1,1,1,1,1,1,1,1,1,1,1,1,1,0,1,1,1,1,0,1,0,1,1,0,1,0,1,1,1,0,1,1,0,0,1,1,0,0,1,1,1,1,1,1,1,0,1,0,1,1,1,0,1,63,-17.025388285351614,240.001,5.3325151665014065e-08,5.3325151665014065e-08,25.705290721406527,25.705290721406527,22.356716600742512,22.356716600742512
1,1,0,1,1,1,1,1,0,1,1,1,1,1,1,1,0,1,0,1,1,1,1,1,0,1,1,1,1,1,1,1,1,1,1,1,1,1,1,1,0,1,1,1,1,0,1,0,1,1,0,1,0,1,1,1,0,1,1,0,0,1,1,0,0,1,1,1,1,1,1,1,0,1,0,1,1,1,0,1,66,-17.02608138733304,240.001,5.336062894474314e-08,5.336062894474314e-08,25.701709214372585,25.701709214372585,22.238387813908783,22.238387813908783
1,1,0,1,1,1,1,1,0,1,1,1,1,1,1,1,0,1,0,1,1,1,1,1,0,1,1,1,1,1,1,1,1,1,1,1,1,1,1,1,0,1,1,1,1,0,1,0,1,1,0,1,0,1,1,1,0,1,1,0,0,1,1,0,0,1,1,1,1,1,1,1,0,1,0,1,1,1,0,1,67,-17.02732929871611,240.001,5.336414930498747e-08,5.336414930498747e-08,25.700174795384804,25.700174795384804,22.033098582137907,22.033098582137907
1,1,0,1,1,1,1,1,0,1,1,1,1,1,1,1,0,1,0,1,1,1,1,1,0,1,1,1,1,1,1,1,1,1,1,1,1,1,1,1,0,1,1,1,1,0,1,0,1,1,0,1,0,1,1,1,0,1,1,0,0,1,1,0,0,1,1,1,1,1,1,1,0,1,0,1,1,1,0,1,68,-17.027699099358298,240.001,5.337483769885569e-08,5.337483769885569e-08,25.698935226231004,25.698935226231004,21.974071374867712,21.974071374867712
1,1,0,1,1,1,1,1,0,1,1,1,1,1,1,1,0,1,0,1,1,1,1,1,0,1,1,1,1,1,1,1,1,1,1,1,1,1,1,1,0,1,1,1,1,0,1,0,1,1,0,1,0,1,1,1,0,1,1,0,0,1,1,0,0,1,1,1,1,1,1,1,0,1,0,1,1,1,0,1,69,-17.02776944671935,240.001,5.3387970089793875e-08,5.3387970089793875e-08,25.697796468425235,25.697796468425235,21.962932295403238,21.962932295403238
1,1,0,1,1,1,1,1,0,1,1,1,1,1,1,1,0,1,0,1,1,1,1,1,0,1,1,1,1,1,1,1,1,1,1,1,1,1,1,1,0,1,1,1,1,0,1,0,1,1,0,1,0,1,1,1,0,1,1,0,0,1,1,0,0,1,1,1,1,1,1,1,0,1,0,1,1,1,0,1,70,-17.02763206461966,240.001,5.3402798818340276e-08,5.3402798818340276e-08,25.696727747209334,25.696727747209334,21.984712402203602,21.984712402203602
1,1,0,1,1,1,1,1,0,1,1,1,1,1,1,1,0,1,0,1,1,1,1,1,0,1,1,1,1,1,1,1,1,1,1,1,1,1,1,1,0,1,1,1,1,0,1,0,1,1,0,1,0,1,1,1,0,1,1,0,0,1,1,0,0,1,1,1,1,1,1,1,0,1,0,1,1,1,0,1,71,-17.02722386621436,240.001,5.341984097896038e-08,5.341984097896038e-08,25.695750225060667,25.695750225060667,22.050074706887315,22.050074706887315
1,1,0,1,1,1,1,1,0,1,1,1,1,1,1,1,0,1,0,1,1,1,1,1,0,1,1,1,1,1,1,1,1,1,1,1,1,1,1,1,0,1,1,1,1,0,1,0,1,1,0,1,0,1,1,1,0,1,1,0,0,1,1,0,0,1,1,1,1,1,1,1,0,1,0,1,1,1,0,1,72,-17.02603900891795,240.001,5.3443236037876144e-08,5.3443236037876144e-08,25.69503351907874,25.69503351907874,22.2455315376091,22.2455315376091
1,1,0,1,1,1,1,1,0,1,1,1,1,1,1,1,0,1,0,1,1,1,1,1,0,1,1,1,1,1,1,1,1,1,1,1,1,1,1,1,0,1,1,1,1,0,1,0,1,1,0,1,0,1,1,1,0,1,1,0,0,1,1,0,0,1,1,1,1,1,1,1,0,1,0,1,1,1,0,1,74,-17.02443008459477,240.001,5.348382141411435e-08,5.348382141411435e-08,25.693345615412326,25.693345615412326,22.525769377792074,22.525769377792074
1,1,0,1,1,1,1,1,0,1,1,1,1,1,1,1,0,1,0,1,1,1,1,1,0,1,1,1,1,1,1,1,1,1,1,1,1,1,1,1,0,1,1,1,1,0,1,0,1,1,0,1,0,1,1,1,0,1,1,0,0,1,1,0,0,1,1,1,1,1,1,1,0,1,0,1,1,1,0,1,76,-17.024979215013857,240.001,5.350675089029506e-08,5.350675089029506e-08,25.690934985439362,25.690934985439362,22.42808891069953,22.42808891069953
1,1,0,1,1,1,1,1,0,1,1,1,1,1,1,1,0,1,0,1,1,1,1,1,0,1,1,1,1,1,1,1,1,1,1,1,1,1,1,1,0,1,1,1,1,0,1,0,1,1,0,1,0,1,1,1,0,1,1,0,0,1,1,0,0,1,1,1,1,1,1,1,0,1,0,1,1,1,0,1,77,-17.025407132095832,240.001,5.351695785890919e-08,5.351695785890919e-08,25.689678685523095,25.689678685523095,22.35345626188294,22.35345626188294
1,1,0,1,1,1,1,1,0,1,1,1,1,1,1,1,0,1,0,1,1,1,1,1,0,1,1,1,1,1,1,1,1,1,1,1,1,1,1,1,0,1,1,1,1,0,1,0,1,1,0,1,0,1,1,1,0,1,1,0,0,1,1,0,0,1,1,1,1,1,1,1,0,1,0,1,1,1,0,1,78,-17.024314426736016,240.001,5.353962190655797e-08,5.353962190655797e-08,25.688932574249673,25.688932574249673,22.54662435129672,22.54662435129672
1,1,0,1,1,1,1,1,0,1,1,1,1,1,1,1,0,1,0,1,1,1,1,1,0,1,1,1,1,1,1,1,1,1,1,1,1,1,1,1,0,1,1,1,1,0,1,0,1,1,0,1,0,1,1,1,0,1,1,0,0,1,1,0,0,1,1,1,1,1,1,1,0,1,0,1,1,1,0,1,80,-17.02199312345719,240.001,5.3586084931646736e-08,5.3586084931646736e-08,25.687486595655745,25.687486595655745,22.987744652003176,22.987744652003176
1,1,0,1,1,1,1,1,0,1,1,1,1,1,1,1,0,1,0,1,1,1,1,1,0,1,1,1,1,1,1,1,1,1,1,1,1,1,1,1,0,1,1,1,1,0,1,0,1,1,1,1,0,1,1,1,0,1,1,0,0,1,1,0,0,1,1,1,1,1,1,1,0,1,0,1,1,1,0,1,1,-17.023377427515236,240.001,5.24911734157746e-08,5.24911734157746e-08,25.775759759206135,25.775759759206135,22.719356120792135,22.719356120792135
1,1,0,1,1,1,1,1,0,1,1,1,1,1,1,1,0,1,0,1,1,1,1,1,0,1,1,1,1,1,1,1,1,1,1,1,1,1,1,1,0,1,1,1,1,0,1,0,1,1,1,1,0,1,1,1,0,1,1,0,0,1,1,0,0,1,1,1,1,1,1,1,0,1,0,1,1,1,0,1,2,-17.024228045180514,240.001,5.249805462108351e-08,5.249805462108351e-08,25.77433985085177,25.77433985085177,22.562265563383445,22.562265563383445
1,1,0,1,1,1,1,1,0,1,1,1,1,1,1,1,0,1,0,1,1,1,1,1,0,1,1,1,1,1,1,1,1,1,1,1,1,1,1,1,0,1,1,1,1,0,1,0,1,1,1,1,0,1,1,1,0,1,1,0,0,1,1,0,0,1,1,1,1,1,1,1,0,1,0,1,1,1,0,1,4,-17.025568098243248,240.001,5.25147154770522e-08,5.25147154770522e-08,25.77162173341364,25.77162173341364,22.325709082628343,22.325709082628343
1,1,0,1,1,1,1,1,0,1,1,1,1,1,1,1,0,1,0,1,1,1,1,1,0,1,1,1,1,1,1,1,1,1,1,1,1,1,1,1,0,1,1,1,1,0,1,0,1,1,1,1,0,1,1,1,0,1,1,0,0,1,1,0,0,1,1,1,1,1,1,1,0,1,0,1,1,1,0,1,5,-17.026841699189067,240.001,5.251819205179242e-08,5.251819205179242e-08,25.770060630719716,25.770060630719716,22.1121677455977,22.1121677455977
1,1,0,1,1,1,1,1,0,1,1,1,1,1,1,1,0,1,0,1,1,1,1,1,0,1,1,1,1,1,1,1,1,1,1,1,1,1,1,1,0,1,1,1,1,0,1,0,1,1,1,1,0,1,1,1,0,1,1,0,0,1,1,0,0,1,1,1,1,1,1,1,0,1,0,1,1,1,0,1,6,-17.02730794344601,240.001,5.2528154589951276e-08,5.2528154589951276e-08,25.76877062142964,25.76877062142964,22.036531761052682,22.036531761052682
1,1,0,1,1,1,1,1,0,1,1,1,1,1,1,1,0,1,0,1,1,1,1,1,0,1,1,1,1,1,1,1,1,1,1,1,1,1,1,1,0,1,1,1,1,0,1,0,1,1,1,1,0,1,1,1,0,1,1,0,0,1,1,0,0,1,1,1,1,1,1,1,0,1,0,1,1,1,0,1,7,-17.027394001144422,240.001,5.254117106210724e-08,5.254117106210724e-08,25.76760851569817,25.76760851569817,22.022713134328473,22.022713134328473
1,1,0,1,1,1,1,1,0,1,1,1,1,1,1,1,0,1,0,1,1,1,1,1,0,1,1,1,1,1,1,1,1,1,1,1,1,1,1,1,0,1,1,1,1,0,1,0,1,1,1,1,0,1,1,1,0,1,1,0,0,1,1,0,0,1,1,1,1,1,1,1,0,1,0,1,1,1,0,1,8,-17.026719056384277,240.001,5.256030662406651e-08,5.256030662406651e-08,25.766702042339027,25.766702042339027,22.132282755409747,22.132282755409747
1,1,0,1,1,1,1,1,0,1,1,1,1,1,1,1,0,1,0,1,1,1,1,1,0,1,1,1,1,1,1,1,1,1,1,1,1,1,1,1,0,1,1,1,1,0,1,0,1,1,1,1,0,1,1,1,0,1,1,0,0,1,1,0,0,1,1,1,1,1,1,1,0,1,0,1,1,1,0,1,10,-17.027083862287395,240.001,5.258479088428898e-08,5.258479088428898e-08,25.764314625862088,25.764314625862088,22.07271973341833,22.07271973341833
1,1,0,1,1,1,1,1,0,1,1,1,1,1,1,1,0,1,0,1,1,1,1,1,0,1,1,1,1,1,1,1,1,1,1,1,1,1,1,1,0,1,1,1,1,0,1,0,1,1,1,1,0,1,1,1,0,1,1,0,0,1,1,0,0,1,1,1,1,1,1,1,0,1,0,1,1,1,0,1,11,-17.02814718707211,240.001,5.2589943906764495e-08,5.2589943906764495e-08,25.76282573704196,25.76282573704196,21.90360009492713,21.90360009492713
1,1,0,1,1,1,1,1,0,1,1,1,1,1,1,1,0,1,0,1,1,1,1,1,0,1,1,1,1,1,1,1,1,1,1,1,1,1,1,1,0,1,1,1,1,0,1,0,1,1,1,1,0,1,1,1,0,1,1,0,0,1,1,0,0,1,1,1,1,1,1,1,0,1,0,1,1,1,0,1,12,-17.028511471354253,240.001,5.2600719391582374e-08,5.2600719391582374e-08,25.761571690595414,25.761571690595414,21.847134354210354,21.847134354210354
1,1,0,1,1,1,1,1,0,1,1,1,1,1,1,1,0,1,0,1,1,1,1,1,0,1,1,1,1,1,1,1,1,1,1,1,1,1,1,1,0,1,1,1,1,0,1,0,1,1,1,1,0,1,1,1,0,1,1,0,0,1,1,0,0,1,1,1,1,1,1,1,0,1,0,1,1,1,0,1,13,-17.028655777813917,240.001,5.26132636114574e-08,5.26132636114574e-08,25.760391802107236,25.760391802107236,21.824966344753854,21.824966344753854
1,1,0,1,1,1,1,1,0,1,1,1,1,1,1,1,0,1,0,1,1,1,1,1,0,1,1,1,1,1,1,1,1,1,1,1,1,1,1,1,0,1,1,1,1,0,1,0,1,1,1,1,0,1,1,1,0,1,1,0,0,1,1,0,0,1,1,1,1,1,1,1,0,1,0,1,1,1,0,1,14,-17.028639812013942,240.001,5.262709708747916e-08,5.262709708747916e-08,25.759266038195054,25.759266038195054,21.827413448869546,21.827413448869546
1,1,0,1,1,1,1,1,0,1,1,1,1,1,1,1,0,1,0,1,1,1,1,1,0,1,1,1,1,1,1,1,1,1,1,1,1,1,1,1,0,1,1,1,1,0,1,0,1,1,1,1,0,1,1,1,0,1,1,0,0,1,1,0,0,1,1,1,1,1,1,1,0,1,0,1,1,1,0,1,15,-17.0283889430424,240.001,5.2642821816219844e-08,5.2642821816219844e-08,25.75821944953702,25.75821944953702,21.866045512115026,21.866045512115026
1,1,0,1,1,1,1,1,0,1,1,1,1,1,1,1,0,1,0,1,1,1,1,1,0,1,1,1,1,1,1,1,1,1,1,1,1,1,1,1,0,1,1,1,1,0,1,0,1,1,1,1,0,1,1,1,0,1,1,0,0,1,1,0,0,1,1,1,1,1,1,1,0,1,0,1,1,1,0,1,16,-17.02739498277214,240.001,5.266453455961619e-08,5.266453455961619e-08,25.75742251407081,25.75742251407081,22.022555762240845,22.022555762240845
1,1,0,1,1,1,1,1,0,1,1,1,1,1,1,1,0,1,0,1,1,1,1,1,0,1,1,1,1,1,1,1,1,1,1,1,1,1,1,1,0,1,1,1,1,0,1,0,1,1,1,1,0,1,1,1,0,1,1,0,0,1,1,0,0,1,1,1,1,1,1,1,0,1,0,1,1,1,0,1,18,-17.026285626942492,240.001,5.270089335338977e-08,5.270089335338977e-08,25.755534601357247,25.755534601357247,22.204122028738816,22.204122028738816
1,1,0,1,1,1,1,1,0,1,1,1,1,1,1,1,0,1,0,1,1,1,1,1,0,1,1,1,1,1,1,1,1,1,1,1,1,1,1,1,0,1,1,1,1,0,1,0,1,1,1,1,0,1,1,1,0,1,1,0,0,1,1,0,0,1,1,1,1,1,1,1,0,1,0,1,1,1,0,1,20,-17.02761244769964,240.001,5.271761184478349e-08,5.271761184478349e-08,25.752830271289895,25.752830271289895,21.9878312790177,21.9878312790177
1,1,0,1,1,1,1,1,0,1,1,1,1,1,1,1,0,1,0,1,1,1,1,1,0,1,1,1,1,1,1,1,1,1,1,1,1,1,1,1,0,1,1,1,1,0,1,0,1,1,1,1,0,1,1,1,0,1,1,0,0,1,1,0,0,1,1,1,1,1,1,1,0,1,0,1,1,1,0,1,21,-17.02869825495989,240.001,5.272256138567155e-08,5.272256138567155e-08,25.751336733611275,25.751336733611275,21.818462466089517,21.818462466089517
1,1,0,1,1,1,1,1,0,1,1,1,1,1,1,1,0,1,0,1,1,1,1,1,0,1,1,1,1,1,1,1,1,1,1,1,1,1,1,1,0,1,1,1,1,0,1,0,1,1,1,1,0,1,1,1,0,1,1,0,0,1,1,0,0,1,1,1,1,1,1,1,0,1,0,1,1,1,0,1,22,-17.029003416657496,240.001,5.273380531292852e-08,5.273380531292852e-08,25.7501054684011,25.7501054684011,21.7720200120033,21.7720200120033
1,1,0,1,1,1,1,1,0,1,1,1,1,1,1,1,0,1,0,1,1,1,1,1,0,1,1,1,1,1,1,1,1,1,1,1,1,1,1,1,0,1,1,1,1,0,1,0,1,1,1,1,0,1,1,1,0,1,1,0,0,1,1,0,0,1,1,1,1,1,1,1,0,1,0,1,1,1,0,1,23,-17.028956773098205,240.001,5.274788606022795e-08,5.274788606022795e-08,25.74899263284891,25.74899263284891,21.779086815027433,21.779086815027433
1,1,0,1,1,1,1,1,0,1,1,1,1,1,1,1,0,1,0,1,1,1,1,1,0,1,1,1,1,1,1,1,1,1,1,1,1,1,1,1,0,1,1,1,1,0,1,0,1,1,1,1,0,1,1,1,0,1,1,0,0,1,1,0,0,1,1,1,1,1,1,1,0,1,0,1,1,1,0,1,24,-17.028175379968985,240.001,5.2767897644048546e-08,5.2767897644048546e-08,25.74812670455824,25.74812670455824,21.899203929629255,21.899203929629255
1,1,0,1,1,1,1,1,0,1,1,1,1,1,1,1,0,1,0,1,1,1,1,1,0,1,1,1,1,1,1,1,1,1,1,1,1,1,1,1,0,1,1,1,1,0,1,0,1,1,1,1,0,1,1,1,0,1,1,0,0,1,1,0,0,1,1,1,1,1,1,1,0,1,0,1,1,1,0,1,26,-17.028398236470323,240.001,5.279351074777357e-08,5.279351074777357e-08,25.745796329788632,25.745796329788632,21.864608283082454,21.864608283082454
1,1,0,1,1,1,1,1,0,1,1,1,1,1,1,1,0,1,0,1,1,1,1,1,0,1,1,1,1,1,1,1,1,1,1,1,1,1,1,1,0,1,1,1,1,0,1,0,1,1,1,1,0,1,1,1,0,1,1,0,0,1,1,0,0,1,1,1,1,1,1,1,0,1,0,1,1,1,0,1,27,-17.02942838764667,240.001,5.279889639846701e-08,5.279889639846701e-08,25.744323162216908,25.744323162216908,21.708154895852925,21.708154895852925
1,1,0,1,1,1,1,1,0,1,1,1,1,1,1,1,0,1,0,1,1,1,1,1,0,1,1,1,1,1,1,1,1,1,1,1,1,1,1,1,0,1,1,1,1,0,1,0,1,1,1,1,0,1,1,1,0,1,1,0,0,1,1,0,0,1,1,1,1,1,1,1,0,1,0,1,1,1,0,1,28,-17.029792828773783,240.001,5.280965685630645e-08,5.280965685630645e-08,25.74307371559837,25.74307371559837,21.654119620784314,21.654119620784314
1,1,0,1,1,1,1,1,0,1,1,1,1,1,1,1,0,1,0,1,1,1,1,1,0,1,1,1,1,1,1,1,1,1,1,1,1,1,1,1,0,1,1,1,1,0,1,0,1,1,1,1,0,1,1,1,0,1,1,0,0,1,1,0,0,1,1,1,1,1,1,1,0,1,0,1,1,1,0,1,29,-17.029985542696977,240.001,5.282180311499558e-08,5.282180311499558e-08,25.74188223612765,25.74188223612765,21.625813789540352,21.625813789540352
1,1,0,1,1,1,1,1,0,1,1,1,1,1,1,1,0,1,0,1,1,1,1,1,0,1,1,1,1,1,1,1,1,1,1,1,1,1,1,1,0,1,1,1,1,0,1,0,1,1,1,1,0,1,1,1,0,1,1,0,0,1,1,0,0,1,1,1,1,1,1,1,0,1,0,1,1,1,0,1,30,-17.030102426098225,240.001,5.2834561183960864e-08,5.2834561183960864e-08,25.74071652637031,25.74071652637031,21.60873479150757,21.60873479150757
1,1,0,1,1,1,1,1,0,1,1,1,1,1,1,1,0,1,0,1,1,1,1,1,0,1,1,1,1,1,1,1,1,1,1,1,1,1,1,1,0,1,1,1,1,0,1,0,1,1,1,1,0,1,1,1,0,1,1,0,0,1,1,0,0,1,1,1,1,1,1,1,0,1,0,1,1,1,0,1,31,-17.030175187117184,240.001,5.284767524722169e-08,5.284767524722169e-08,25.739565937036765,25.739565937036765,21.5981365426748,21.5981365426748
1,1,0,1,1,1,1,1,0,1,1,1,1,1,1,1,0,1,0,1,1,1,1,1,0,1,1,1,1,1,1,1,1,1,1,1,1,1,1,1,0,1,1,1,1,0,1,0,1,1,1,1,0,1,1,1,0,1,1,0,0,1,1,0,0,1,1,1,1,1,1,1,0,1,0,1,1,1,0,1,32,-17.030216886682062,240.001,5.286103999704105e-08,5.286103999704105e-08,25.738426080689617,25.738426080689617,21.592074211890015,21.592074211890015
1,1,0,1,1,1,1,1,0,1,1,1,1,1,1,1,0,1,0,1,1,1,1,1,0,1,1,1,1,1,1,1,1,1,1,1,1,1,1,1,0,1,1,1,1,0,1,0,1,1,1,1,0,1,1,1,0,1,1,0,0,1,1,0,0,1,1,1,1,1,1,1,0,1,0,1,1,1,0,1,33,-17.030233065088794,240.001,5.287461083164251e-08,5.287461083164251e-08,25.737295095958174,25.737295095958174,21.589724437455974,21.589724437455974
1,1,0,1,1,1,1,1,0,1,1,1,1,1,1,1,0,1,0,1,1,1,1,1,0,1,1,1,1,1,1,1,1,1,1,1,1,1,1,1,0,1,1,1,1,0,1,0,1,1,1,1,0,1,1,1,0,1,1,0,0,1,1,0,0,1,1,1,1,1,1,1,0,1,0,1,1,1,0,1,34,-17.030225161281564,240.001,5.288837627302811e-08,5.288837627302811e-08,25.736172499307322,25.736172499307322,21.59087223973693,21.59087223973693
1,1,0,1,1,1,1,1,0,1,1,1,1,1,1,1,0,1,0,1,1,1,1,1,0,1,1,1,1,1,1,1,1,1,1,1,1,1,1,1,0,1,1,1,1,0,1,0,1,1,1,1,0,1,1,1,0,1,1,0,0,1,1,0,0,1,1,1,1,1,1,1,0,1,0,1,1,1,0,1,35,-17.030191316754,240.001,5.2902351505228077e-08,5.2902351505228077e-08,25.735058915059128,25.735058915059128,21.59579060070022,21.59579060070022
1,1,0,1,1,1,1,1,0,1,1,1,1,1,1,1,0,1,0,1,1,1,1,1,0,1,1,1,1,1,1,1,1,1,1,1,1,1,1,1,0,1,1,1,1,0,1,0,1,1,1,1,0,1,1,1,0,1,1,0,0,1,1,0,0,1,1,1,1,1,1,1,0,1,0,1,1,1,0,1,36,-17.030125513786125,240.001,5.291658538329552e-08,5.291658538329552e-08,25.733956364815405,25.733956364815405,21.605369094447482,21.605369094447482
1,1,0,1,1,1,1,1,0,1,1,1,1,1,1,1,0,1,0,1,1,1,1,1,0,1,1,1,1,1,1,1,1,1,1,1,1,1,1,1,0,1,1,1,1,0,1,0,1,1,1,1,0,1,1,1,0,1,1,0,0,1,1,0,0,1,1,1,1,1,1,1,0,1,0,1,1,1,0,1,37,-17.030014081294766,240.001,5.2931188765158074e-08,5.2931188765158074e-08,25.73286944084603,25.73286944084603,21.621637571518185,21.621637571518185
1,1,0,1,1,1,1,1,0,1,1,1,1,1,1,1,0,1,0,1,1,1,1,1,0,1,1,1,1,1,1,1,1,1,1,1,1,1,1,1,0,1,1,1,1,0,1,0,1,1,1,1,0,1,1,1,0,1,1,0,0,1,1,0,0,1,1,1,1,1,1,1,0,1,0,1,1,1,0,1,38,-17.0298244501775,240.001,5.294642566179855e-08,5.294642566179855e-08,25.731809081544867,25.731809081544867,21.649462482932407,21.649462482932407
1,1,0,1,1,1,1,1,0,1,1,1,1,1,1,1,0,1,0,1,1,1,1,1,0,1,1,1,1,1,1,1,1,1,1,1,1,1,1,1,0,1,1,1,1,0,1,0,1,1,1,1,0,1,1,1,0,1,1,0,0,1,1,0,0,1,1,1,1,1,1,1,0,1,0,1,1,1,0,1,39,-17.0294593979103,240.001,5.296308417576096e-08,5.296308417576096e-08,25.730807929632412,25.730807929632412,21.70353095660099,21.70353095660099
1,1,0,1,1,1,1,1,0,1,1,1,1,1,1,1,0,1,0,1,1,1,1,1,0,1,1,1,1,1,1,1,1,1,1,1,1,1,1,1,0,1,1,1,1,0,1,0,1,1,1,1,0,1,1,1,0,1,1,0,0,1,1,0,0,1,1,1,1,1,1,1,0,1,0,1,1,1,0,1,40,-17.028422716240016,240.001,5.2985188014489856e-08,5.2985188014489856e-08,25.730032486361036,25.730032486361036,21.860824745842255,21.860824745842255
1,1,0,1,1,1,1,1,0,1,1,1,1,1,1,1,0,1,0,1,1,1,1,1,0,1,1,1,1,1,1,1,1,1,1,1,1,1,1,1,0,1,1,1,1,0,1,0,1,1,1,1,0,1,1,1,0,1,1,0,0,1,1,0,0,1,1,1,1,1,1,1,0,1,0,1,1,1,0,1,42,-17.028148051185894,240.001,5.3014824775583546e-08,5.3014824775583546e-08,25.727878645644058,25.727878645644058,21.903465286524607,21.903465286524607
1,1,0,1,1,1,1,1,0,1,1,1,1,1,1,1,0,1,0,1,1,1,1,1,0,1,1,1,1,1,1,1,1,1,1,1,1,1,1,1,0,1,1,1,1,0,1,0,1,1,1,1,0,1,1,1,0,1,1,0,0,1,1,0,0,1,1,1,1,1,1,1,0,1,0,1,1,1,0,1,43,-17.028854099259345,240.001,5.30228030667087e-08,5.30228030667087e-08,25.726519069594225,25.726519069594225,21.79468293609903,21.79468293609903
1,1,0,1,1,1,1,1,0,1,1,1,1,1,1,1,0,1,0,1,1,1,1,1,0,1,1,1,1,1,1,1,1,1,1,1,1,1,1,1,0,1,1,1,1,0,1,0,1,1,1,1,0,1,1,1,0,1,1,0,0,1,1,0,0,1,1,1,1,1,1,1,0,1,0,1,1,1,0,1,44,-17.02871436278201,240.001,5.303764062307347e-08,5.303764062307347e-08,25.725443674648005,25.725443674648005,21.815998648758082,21.815998648758082
1,1,0,1,1,1,1,1,0,1,1,1,1,1,1,1,0,1,0,1,1,1,1,1,0,1,1,1,1,1,1,1,1,1,1,1,1,1,1,1,0,1,1,1,1,0,1,0,1,1,1,1,0,1,1,1,0,1,1,0,0,1,1,0,0,1,1,1,1,1,1,1,0,1,0,1,1,1,0,1,45,-17.027695555237287,240.001,5.3059613752936414e-08,5.3059613752936414e-08,25.724663602619042,25.724663602619042,21.97463331688857,21.97463331688857
1,1,0,1,1,1,1,1,0,1,1,1,1,1,1,1,0,1,0,1,1,1,1,1,0,1,1,1,1,1,1,1,1,1,1,1,1,1,1,1,0,1,1,1,1,0,1,0,1,1,1,1,0,1,1,1,0,1,1,0,0,1,1,0,0,1,1,1,1,1,1,1,0,1,0,1,1,1,0,1,47,-17.026405471371486,240.001,5.309750519412268e-08,5.309750519412268e-08,25.72285336788527,25.72285336788527,22.184139837287404,22.184139837287404
1,1,0,1,1,1,1,1,0,1,1,1,1,1,1,1,0,1,0,1,1,1,1,1,0,1,1,1,1,1,1,1,1,1,1,1,1,1,1,1,0,1,1,1,1,0,1,0,1,1,1,1,0,1,1,1,0,1,1,0,0,1,1,0,0,1,1,1,1,1,1,1,0,1,0,1,1,1,0,1,49,-17.027451659281308,240.001,5.311642175389783e-08,5.311642175389783e-08,25.720260234513617,25.720260234513617,22.013479122661966,22.013479122661966
1,1,0,1,1,1,1,1,0,1,1,1,1,1,1,1,0,1,0,1,1,1,1,1,0,1,1,1,1,1,1,1,1,1,1,1,1,1,1,1,0,1,1,1,1,0,1,0,1,1,1,1,0,1,1,1,0,1,1,0,0,1,1,0,0,1,1,1,1,1,1,1,0,1,0,1,1,1,0,1,50,-17.02833727035946,240.001,5.312293123413755e-08,5.312293123413755e-08,25.718842423027194,25.718842423027194,21.87404532451415,21.87404532451415
1,1,0,1,1,1,1,1,0,1,1,1,1,1,1,1,0,1,0,1,1,1,1,1,0,1,1,1,1,1,1,1,1,1,1,1,1,1,1,1,0,1,1,1,1,0,1,0,1,1,1,1,0,1,1,1,0,1,1,0,0,1,1,0,0,1,1,1,1,1,1,1,0,1,0,1,1,1,0,1,51,-17.028327825516712,240.001,5.313671337600737e-08,5.313671337600737e-08,25.717725286237116,25.717725286237116,21.875509131134642,21.875509131134642
1,1,0,1,1,1,1,1,0,1,1,1,1,1,1,1,0,1,0,1,1,1,1,1,0,1,1,1,1,1,1,1,1,1,1,1,1,1,1,1,0,1,1,1,1,0,1,0,1,1,1,1,0,1,1,1,0,1,1,0,0,1,1,0,0,1,1,1,1,1,1,1,0,1,0,1,1,1,0,1,52,-17.027446156809965,240.001,5.3157588184331415e-08,5.3157588184331415e-08,25.716901159986016,25.716901159986016,22.014359507613722,22.014359507613722
1,1,0,1,1,1,1,1,0,1,1,1,1,1,1,1,0,1,0,1,1,1,1,1,0,1,1,1,1,1,1,1,1,1,1,1,1,1,1,1,0,1,1,1,1,0,1,0,1,1,1,1,0,1,1,1,0,1,1,0,0,1,1,0,0,1,1,1,1,1,1,1,0,1,0,1,1,1,0,1,54,-17.027198040879686,240.001,5.31870209074649e-08,5.31870209074649e-08,25.71474530458577,25.71474530458577,22.054243025653978,22.054243025653978
1,1,0,1,1,1,1,1,0,1,1,1,1,1,1,1,0,1,0,1,1,1,1,1,0,1,1,1,1,1,1,1,1,1,1,1,1,1,1,1,0,1,1,1,1,0,1,0,1,1,1,1,0,1,1,1,0,1,1,0,0,1,1,0,0,1,1,1,1,1,1,1,0,1,0,1,1,1,0,1,55,-17.02774257881326,240.001,5.319629616788546e-08,5.319629616788546e-08,25.713443468508128,25.713443468508128,21.967183315775532,21.967183315775532
1,1,0,1,1,1,1,1,0,1,1,1,1,1,1,1,0,1,0,1,1,1,1,1,0,1,1,1,1,1,1,1,1,1,1,1,1,1,1,1,0,1,1,1,1,0,1,0,1,1,1,1,0,1,1,1,0,1,1,0,0,1,1,0,0,1,1,1,1,1,1,1,0,1,0,1,1,1,0,1,56,-17.026911661846405,240.001,5.3216767536277835e-08,5.3216767536277835e-08,25.712603424762072,25.712603424762072,22.100734304946954,22.100734304946954
1,1,0,1,1,1,1,1,0,1,1,1,1,1,1,1,0,1,0,1,1,1,1,1,0,1,1,1,1,1,1,1,1,1,1,1,1,1,1,1,0,1,1,1,1,0,1,0,1,1,1,1,0,1,1,1,0,1,1,0,0,1,1,0,0,1,1,1,1,1,1,1,0,1,0,1,1,1,0,1,58,-17.026294251778843,240.001,5.3249213058289e-08,5.3249213058289e-08,25.710573808703643,25.710573808703643,22.202680915848823,22.202680915848823
1,1,0,1,1,1,1,1,0,1,1,1,1,1,1,1,0,1,0,1,1,1,1,1,0,1,1,1,1,1,1,1,1,1,1,1,1,1,1,1,0,1,1,1,1,0,1,0,1,1,1,1,0,1,1,1,0,1,1,0,0,1,1,0,0,1,1,1,1,1,1,1,0,1,0,1,1,1,0,1,59,-17.02591000236008,240.001,5.326605431543915e-08,5.326605431543915e-08,25.709584721644,25.709584721644,22.267350338306237,22.267350338306237
1,1,0,1,1,1,1,1,0,1,1,1,1,1,1,1,0,1,0,1,1,1,1,1,0,1,1,1,1,1,1,1,1,1,1,1,1,1,1,1,0,1,1,1,1,0,1,0,1,1,1,1,0,1,1,1,0,1,1,0,0,1,1,0,0,1,1,1,1,1,1,1,0,1,0,1,1,1,0,1,62,-17.02554077132152,240.001,5.331019712048894e-08,5.331019712048894e-08,25.706356344869032,25.706356344869032,22.330407265883274,22.330407265883274
1,1,0,1,1,1,1,1,0,1,1,1,1,1,1,1,0,1,0,1,1,1,1,1,0,1,1,1,1,1,1,1,1,1,1,1,1,1,1,1,0,1,1,1,1,0,1,0,1,1,1,1,0,1,1,1,0,1,1,0,0,1,1,0,0,1,1,1,1,1,1,1,0,1,0,1,1,1,0,1,63,-17.0255416870788,240.001,5.33239010427656e-08,5.33239010427656e-08,25.70523917493781,25.70523917493781,22.330249742382993,22.330249742382993
1,1,0,1,1,1,1,1,0,1,1,1,1,1,1,1,0,1,0,1,1,1,1,1,0,1,1,1,1,1,1,1,1,1,1,1,1,1,1,1,0,1,1,1,1,0,1,0,1,1,1,1,0,1,1,1,0,1,1,0,0,1,1,0,0,1,1,1,1,1,1,1,0,1,0,1,1,1,0,1,66,-17.02620405516547,240.001,5.3359628343661394e-08,5.3359628343661394e-08,25.701667984786173,25.701667984786173,22.21777531184876,22.21777531184876
1,1,0,1,1,1,1,1,0,1,1,1,1,1,1,1,0,1,0,1,1,1,1,1,0,1,1,1,1,1,1,1,1,1,1,1,1,1,1,1,0,1,1,1,1,0,1,0,1,1,1,1,0,1,1,1,0,1,1,0,0,1,1,0,0,1,1,1,1,1,1,1,0,1,0,1,1,1,0,1,67,-17.027444236674157,240.001,5.3363211863596594e-08,5.3363211863596594e-08,25.700136150069753,25.700136150069753,22.01466676743888,22.01466676743888
1,1,0,1,1,1,1,1,0,1,1,1,1,1,1,1,0,1,0,1,1,1,1,1,0,1,1,1,1,1,1,1,1,1,1,1,1,1,1,1,0,1,1,1,1,0,1,0,1,1,1,1,0,1,1,1,0,1,1,0,0,1,1,0,0,1,1,1,1,1,1,1,0,1,0,1,1,1,0,1,68,-17.0278072540178,240.001,5.3373955463456745e-08,5.3373955463456745e-08,25.69889885691991,25.69889885691991,21.956957446410343,21.956957446410343
1,1,0,1,1,1,1,1,0,1,1,1,1,1,1,1,0,1,0,1,1,1,1,1,0,1,1,1,1,1,1,1,1,1,1,1,1,1,1,1,0,1,1,1,1,0,1,0,1,1,1,1,0,1,1,1,0,1,1,0,0,1,1,0,0,1,1,1,1,1,1,1,0,1,0,1,1,1,0,1,69,-17.027871584037975,240.001,5.338713675514168e-08,5.338713675514168e-08,25.697762120809987,25.697762120809987,21.946809833444902,21.946809833444902
1,1,0,1,1,1,1,1,0,1,1,1,1,1,1,1,0,1,0,1,1,1,1,1,0,1,1,1,1,1,1,1,1,1,1,1,1,1,1,1,0,1,1,1,1,0,1,0,1,1,1,1,0,1,1,1,0,1,1,0,0,1,1,0,0,1,1,1,1,1,1,1,0,1,0,1,1,1,0,1,70,-17.027728826130414,240.001,5.340200912365011e-08,5.340200912365011e-08,25.69669520753521,25.69669520753521,21.969360856079142,21.969360856079142
1,1,0,1,1,1,1,1,0,1,1,1,1,1,1,1,0,1,0,1,1,1,1,1,0,1,1,1,1,1,1,1,1,1,1,1,1,1,1,1,0,1,1,1,1,0,1,0,1,1,1,1,0,1,1,1,0,1,1,0,0,1,1,0,0,1,1,1,1,1,1,1,0,1,0,1,1,1,0,1,71,-17.027315799394795,240.001,5.34190904214254e-08,5.34190904214254e-08,25.69571931139653,25.69571931139653,22.035268486227892,22.035268486227892
1,1,0,1,1,1,1,1,0,1,1,1,1,1,1,1,0,1,0,1,1,1,1,1,0,1,1,1,1,1,1,1,1,1,1,1,1,1,1,1,0,1,1,1,1,0,1,0,1,1,1,1,0,1,1,1,0,1,1,0,0,1,1,0,0,1,1,1,1,1,1,1,0,1,0,1,1,1,0,1,72,-17.02612660001112,240.001,5.344252051697685e-08,5.344252051697685e-08,25.695004073577326,25.695004073577326,22.23077917584299,22.23077917584299
1,1,0,1,1,1,1,1,0,1,1,1,1,1,1,1,0,1,0,1,1,1,1,1,0,1,1,1,1,1,1,1,1,1,1,1,1,1,1,1,0,1,1,1,1,0,1,0,1,1,1,1,0,1,1,1,0,1,1,0,0,1,1,0,0,1,1,1,1,1,1,1,0,1,0,1,1,1,0,1,74,-17.024510103660475,240.001,5.348316712675665e-08,5.348316712675665e-08,25.69331872552094,25.69331872552094,22.511398718519743,22.511398718519743
1,1,0,1,1,1,1,1,0,1,1,1,1,1,1,1,0,1,0,1,1,1,1,1,0,1,1,1,1,1,1,1,1,1,1,1,1,1,1,1,0,1,1,1,1,0,1,0,1,1,1,1,0,1,1,1,0,1,1,0,0,1,1,0,0,1,1,1,1,1,1,1,0,1,0,1,1,1,0,1,76,-17.02505281307095,240.001,5.3506148899282555e-08,5.3506148899282555e-08,25.690910249038275,25.690910249038275,22.41516159615751,22.41516159615751
1,1,0,1,1,1,1,1,0,1,1,1,1,1,1,1,0,1,0,1,1,1,1,1,0,1,1,1,1,1,1,1,1,1,1,1,1,1,1,1,0,1,1,1,1,0,1,0,1,1,1,1,0,1,1,1,0,1,1,0,0,1,1,0,0,1,1,1,1,1,1,1,0,1,0,1,1,1,0,1,77,-17.02547788525979,240.001,5.3516379065609993e-08,5.3516379065609993e-08,25.68965490216186,25.68965490216186,22.34123818944203,22.34123818944203
1,1,0,1,1,1,1,1,0,1,1,1,1,1,1,1,0,1,0,1,1,1,1,1,0,1,1,1,1,1,1,1,1,1,1,1,1,1,1,1,0,1,1,1,1,0,1,0,1,1,1,1,0,1,1,1,0,1,1,0,0,1,1,0,0,1,1,1,1,1,1,1,0,1,0,1,1,1,0,1,78,-17.02438258567351,240.001,5.3539064026138015e-08,5.3539064026138015e-08,25.688909668835013,25.688909668835013,22.534322149624487,22.534322149624487
1,1,0,1,1,1,1,1,0,1,1,1,1,1,1,1,0,1,0,1,1,1,1,1,0,1,1,1,1,1,1,1,1,1,1,1,1,1,1,1,0,1,1,1,1,0,1,0,1,1,1,1,0,1,1,1,0,1,1,0,0,1,1,0,0,1,1,1,1,1,1,1,0,1,0,1,1,1,0,1,80,-17.022056635625994,240.001,5.358556448441086e-08,5.358556448441086e-08,25.687465263926242,25.687465263926242,22.975062946701,22.975062946701
1,1,0,1,1,1,1,1,0,1,1,1,1,1,1,1,0,1,0,1,1,1,1,1,0,1,1,1,1,1,1,1,1,1,1,1,1,1,1,1,0,1,1,1,1,1,1,0,1,1,1,1,0,1,1,1,0,1,1,0,0,1,1,0,0,1,1,1,1,1,1,1,0,1,0,1,1,1,0,1,1,-17.023418310708244,240.001,5.249084537006467e-08,5.249084537006467e-08,25.775746017507124,25.775746017507124,22.711675185564037,22.711675185564037
1,1,0,1,1,1,1,1,0,1,1,1,1,1,1,1,0,1,0,1,1,1,1,1,0,1,1,1,1,1,1,1,1,1,1,1,1,1,1,1,0,1,1,1,1,1,1,0,1,1,1,1,0,1,1,1,0,1,1,0,0,1,1,0,0,1,1,1,1,1,1,1,0,1,0,1,1,1,0,1,2,-17.024269844627977,240.001,5.249771921436949e-08,5.249771921436949e-08,25.774325798289688,25.774325798289688,22.554689891555153,22.554689891555153
1,1,0,1,1,1,1,1,0,1,1,1,1,1,1,1,0,1,0,1,1,1,1,1,0,1,1,1,1,1,1,1,1,1,1,1,1,1,1,1,0,1,1,1,1,1,1,0,1,1,1,1,0,1,1,1,0,1,1,0,0,1,1,0,0,1,1,1,1,1,1,1,0,1,0,1,1,1,0,1,4,-17.025611866636822,240.001,5.251436421798682e-08,5.251436421798682e-08,25.771607014093764,25.771607014093764,22.318194709769177,22.318194709769177
1,1,0,1,1,1,1,1,0,1,1,1,1,1,1,1,0,1,0,1,1,1,1,1,0,1,1,1,1,1,1,1,1,1,1,1,1,1,1,1,0,1,1,1,1,1,1,0,1,1,1,1,0,1,1,1,0,1,1,0,0,1,1,0,0,1,1,1,1,1,1,1,0,1,0,1,1,1,0,1,5,-17.026886514035578,240.001,5.2517832427790734e-08,5.2517832427790734e-08,25.770045554759513,25.770045554759513,22.104840568506635,22.104840568506635
1,1,0,1,1,1,1,1,0,1,1,1,1,1,1,1,0,1,0,1,1,1,1,1,0,1,1,1,1,1,1,1,1,1,1,1,1,1,1,1,0,1,1,1,1,1,1,0,1,1,1,1,0,1,1,1,0,1,1,0,0,1,1,0,0,1,1,1,1,1,1,1,0,1,0,1,1,1,0,1,6,-17.02735387134714,240.001,5.25277859840519e-08,5.25277859840519e-08,25.76875516938874,25.76875516938874,22.02915149869866,22.02915149869866
1,1,0,1,1,1,1,1,0,1,1,1,1,1,1,1,0,1,0,1,1,1,1,1,0,1,1,1,1,1,1,1,1,1,1,1,1,1,1,1,0,1,1,1,1,1,1,0,1,1,1,1,0,1,1,1,0,1,1,0,0,1,1,0,0,1,1,1,1,1,1,1,0,1,0,1,1,1,0,1,7,-17.027441106087807,240.001,5.2540792917612676e-08,5.2540792917612676e-08,25.76759266751116,25.76759266751116,22.01516776969559,22.01516776969559
1,1,0,1,1,1,1,1,0,1,1,1,1,1,1,1,0,1,0,1,1,1,1,1,0,1,1,1,1,1,1,1,1,1,1,1,1,1,1,1,0,1,1,1,1,1,1,0,1,1,1,1,0,1,1,1,0,1,1,0,0,1,1,0,0,1,1,1,1,1,1,1,0,1,0,1,1,1,0,1,8,-17.026767414495595,240.001,5.2559918241524956e-08,5.2559918241524956e-08,25.76668577555835,25.76668577555835,22.124340337252594,22.124340337252594
1,1,0,1,1,1,1,1,0,1,1,1,1,1,1,1,0,1,0,1,1,1,1,1,0,1,1,1,1,1,1,1,1,1,1,1,1,1,1,1,0,1,1,1,1,1,1,0,1,1,1,1,0,1,1,1,0,1,1,0,0,1,1,0,0,1,1,1,1,1,1,1,0,1,0,1,1,1,0,1,10,-17.027134901248747,240.001,5.258438079564855e-08,5.258438079564855e-08,25.764297455995795,25.764297455995795,22.064450805095337,22.064450805095337
1,1,0,1,1,1,1,1,0,1,1,1,1,1,1,1,0,1,0,1,1,1,1,1,0,1,1,1,1,1,1,1,1,1,1,1,1,1,1,1,0,1,1,1,1,1,1,0,1,1,1,1,0,1,1,1,0,1,1,0,0,1,1,0,0,1,1,1,1,1,1,1,0,1,0,1,1,1,0,1,11,-17.028199664058274,240.001,5.258952227752812e-08,5.258952227752812e-08,25.762808078876887,25.762808078876887,21.895420812422483,21.895420812422483
1,1,0,1,1,1,1,1,0,1,1,1,1,1,1,1,0,1,0,1,1,1,1,1,0,1,1,1,1,1,1,1,1,1,1,1,1,1,1,1,0,1,1,1,1,1,1,0,1,1,1,1,0,1,1,1,0,1,1,0,0,1,1,0,0,1,1,1,1,1,1,1,0,1,0,1,1,1,0,1,12,-17.028565485509585,240.001,5.260028534015233e-08,5.260028534015233e-08,25.76155351376719,25.76155351376719,21.838823660603005,21.838823660603005
1,1,0,1,1,1,1,1,0,1,1,1,1,1,1,1,0,1,0,1,1,1,1,1,0,1,1,1,1,1,1,1,1,1,1,1,1,1,1,1,0,1,1,1,1,1,1,0,1,1,1,1,0,1,1,1,0,1,1,0,0,1,1,0,0,1,1,1,1,1,1,1,0,1,0,1,1,1,0,1,13,-17.02871142704909,240.001,5.2612816318943325e-08,5.2612816318943325e-08,25.760373074644836,25.760373074644836,21.816447588594684,21.816447588594684
1,1,0,1,1,1,1,1,0,1,1,1,1,1,1,1,0,1,0,1,1,1,1,1,0,1,1,1,1,1,1,1,1,1,1,1,1,1,1,1,0,1,1,1,1,1,1,0,1,1,1,1,0,1,1,1,0,1,1,0,0,1,1,0,0,1,1,1,1,1,1,1,0,1,0,1,1,1,0,1,14,-17.02869720210581,240.001,5.262663567650773e-08,5.262663567650773e-08,25.759246725277936,25.759246725277936,21.81862355671122,21.81862355671122
1,1,0,1,1,1,1,1,0,1,1,1,1,1,1,1,0,1,0,1,1,1,1,1,0,1,1,1,1,1,1,1,1,1,1,1,1,1,1,1,0,1,1,1,1,1,1,0,1,1,1,1,0,1,1,1,0,1,1,0,0,1,1,0,0,1,1,1,1,1,1,1,0,1,0,1,1,1,0,1,15,-17.028448191708986,240.001,5.264234530069734e-08,5.264234530069734e-08,25.758199512782575,25.758199512782575,21.85689078987184,21.85689078987184
1,1,0,1,1,1,1,1,0,1,1,1,1,1,1,1,0,1,0,1,1,1,1,1,0,1,1,1,1,1,1,1,1,1,1,1,1,1,1,1,0,1,1,1,1,1,1,0,1,1,1,1,0,1,1,1,0,1,1,0,0,1,1,0,0,1,1,1,1,1,1,1,0,1,0,1,1,1,0,1,16,-17.027456231481597,240.001,5.2664041687555587e-08,5.2664041687555587e-08,25.75740190990889,25.75740190990889,22.012747714196035,22.012747714196035
1,1,0,1,1,1,1,1,0,1,1,1,1,1,1,1,0,1,0,1,1,1,1,1,0,1,1,1,1,1,1,1,1,1,1,1,1,1,1,1,0,1,1,1,1,1,1,0,1,1,1,1,0,1,1,1,0,1,1,0,0,1,1,0,0,1,1,1,1,1,1,1,0,1,0,1,1,1,0,1,18,-17.026351281077204,240.001,5.270036458384452e-08,5.270036458384452e-08,25.755512521976804,25.755512521976804,22.193163907301724,22.193163907301724
1,1,0,1,1,1,1,1,0,1,1,1,1,1,1,1,0,1,0,1,1,1,1,1,0,1,1,1,1,1,1,1,1,1,1,1,1,1,1,1,0,1,1,1,1,1,1,0,1,1,1,1,0,1,1,1,0,1,1,0,0,1,1,0,0,1,1,1,1,1,1,1,0,1,0,1,1,1,0,1,20,-17.027683119127495,240.001,5.271704257680664e-08,5.271704257680664e-08,25.752806497144995,25.752806497144995,21.976605709781563,21.976605709781563
1,1,0,1,1,1,1,1,0,1,1,1,1,1,1,1,0,1,0,1,1,1,1,1,0,1,1,1,1,1,1,1,1,1,1,1,1,1,1,1,0,1,1,1,1,1,1,0,1,1,1,1,0,1,1,1,0,1,1,0,0,1,1,0,0,1,1,1,1,1,1,1,0,1,0,1,1,1,0,1,21,-17.028771725115664,240.001,5.2721969595041936e-08,5.2721969595041936e-08,25.75131201162717,25.75131201162717,21.807235891746352,21.807235891746352
1,1,0,1,1,1,1,1,0,1,1,1,1,1,1,1,0,1,0,1,1,1,1,1,0,1,1,1,1,1,1,1,1,1,1,1,1,1,1,1,0,1,1,1,1,1,1,0,1,1,1,1,0,1,1,1,0,1,1,0,0,1,1,0,0,1,1,1,1,1,1,1,0,1,0,1,1,1,0,1,22,-17.02907994185724,240.001,5.273318880058663e-08,5.273318880058663e-08,25.750079716983304,25.750079716983304,21.76045063312732,21.76045063312732
1,1,0,1,1,1,1,1,0,1,1,1,1,1,1,1,0,1,0,1,1,1,1,1,0,1,1,1,1,1,1,1,1,1,1,1,1,1,1,1,0,1,1,1,1,1,1,0,1,1,1,1,0,1,1,1,0,1,1,0,0,1,1,0,0,1,1,1,1,1,1,1,0,1,0,1,1,1,0,1,23,-17.029036629944972,240.001,5.2747242524027865e-08,5.2747242524027865e-08,25.74896576123935,25.74896576123935,21.766994936517108,21.766994936517108
1,1,0,1,1,1,1,1,0,1,1,1,1,1,1,1,0,1,0,1,1,1,1,1,0,1,1,1,1,1,1,1,1,1,1,1,1,1,1,1,0,1,1,1,1,1,1,0,1,1,1,1,0,1,1,1,0,1,1,0,0,1,1,0,0,1,1,1,1,1,1,1,0,1,0,1,1,1,0,1,24,-17.02825889511409,240.001,5.276722429542064e-08,5.276722429542064e-08,25.7480986082326,25.7480986082326,21.88620716223573,21.88620716223573
1,1,0,1,1,1,1,1,0,1,1,1,1,1,1,1,0,1,0,1,1,1,1,1,0,1,1,1,1,1,1,1,1,1,1,1,1,1,1,1,0,1,1,1,1,1,1,0,1,1,1,1,0,1,1,1,0,1,1,0,0,1,1,0,0,1,1,1,1,1,1,1,0,1,0,1,1,1,0,1,26,-17.028490100776597,240.001,5.279276973305107e-08,5.279276973305107e-08,25.74576542389543,25.74576542389543,21.850426828473427,21.850426828473427
1,1,0,1,1,1,1,1,0,1,1,1,1,1,1,1,0,1,0,1,1,1,1,1,0,1,1,1,1,1,1,1,1,1,1,1,1,1,1,1,0,1,1,1,1,1,1,0,1,1,1,1,0,1,1,1,0,1,1,0,0,1,1,0,0,1,1,1,1,1,1,1,0,1,0,1,1,1,0,1,27,-17.029525053331103,240.001,5.279811666755029e-08,5.279811666755029e-08,25.744290633353145,25.744290633353145,21.693757186322557,21.693757186322557
1,1,0,1,1,1,1,1,0,1,1,1,1,1,1,1,0,1,0,1,1,1,1,1,0,1,1,1,1,1,1,1,1,1,1,1,1,1,1,1,0,1,1,1,1,1,1,0,1,1,1,1,0,1,1,1,0,1,1,0,0,1,1,0,0,1,1,1,1,1,1,1,0,1,0,1,1,1,0,1,28,-17.029894855773613,240.001,5.280883373867024e-08,5.280883373867024e-08,25.743039380428897,25.743039380428897,21.63911106793932,21.63911106793932
1,1,0,1,1,1,1,1,0,1,1,1,1,1,1,1,0,1,0,1,1,1,1,1,0,1,1,1,1,1,1,1,1,1,1,1,1,1,1,1,0,1,1,1,1,1,1,0,1,1,1,1,0,1,1,1,0,1,1,0,0,1,1,0,0,1,1,1,1,1,1,1,0,1,0,1,1,1,0,1,29,-17.030093569315323,240.001,5.282093140234448e-08,5.282093140234448e-08,25.741845881261447,25.741845881261447,21.610026611102164,21.610026611102164
1,1,0,1,1,1,1,1,0,1,1,1,1,1,1,1,0,1,0,1,1,1,1,1,0,1,1,1,1,1,1,1,1,1,1,1,1,1,1,1,0,1,1,1,1,1,1,0,1,1,1,1,0,1,1,1,0,1,1,0,0,1,1,0,0,1,1,1,1,1,1,1,0,1,0,1,1,1,0,1,30,-17.030217206169826,240.001,5.2833634749867976e-08,5.2833634749867976e-08,25.740677898864924,25.740677898864924,21.59202779681759,21.59202779681759
1,1,0,1,1,1,1,1,0,1,1,1,1,1,1,1,0,1,0,1,1,1,1,1,0,1,1,1,1,1,1,1,1,1,1,1,1,1,1,1,0,1,1,1,1,1,1,0,1,1,1,1,0,1,1,1,0,1,1,0,0,1,1,0,0,1,1,1,1,1,1,1,0,1,0,1,1,1,0,1,31,-17.030297623857717,240.001,5.2846686759852176e-08,5.2846686759852176e-08,25.73952473350524,25.73952473350524,21.580360382981006,21.580360382981006
1,1,0,1,1,1,1,1,0,1,1,1,1,1,1,1,0,1,0,1,1,1,1,1,0,1,1,1,1,1,1,1,1,1,1,1,1,1,1,1,0,1,1,1,1,1,1,0,1,1,1,1,0,1,1,1,0,1,1,0,0,1,1,0,0,1,1,1,1,1,1,1,0,1,0,1,1,1,0,1,32,-17.03034807634055,240.001,5.2859980561314307e-08,5.2859980561314307e-08,25.738381932773187,25.738381932773187,21.57305633507445,21.57305633507445
1,1,0,1,1,1,1,1,0,1,1,1,1,1,1,1,0,1,0,1,1,1,1,1,0,1,1,1,1,1,1,1,1,1,1,1,1,1,1,1,0,1,1,1,1,1,1,0,1,1,1,1,0,1,1,1,0,1,1,0,0,1,1,0,0,1,1,1,1,1,1,1,0,1,0,1,1,1,0,1,33,-17.030374356800365,240.001,5.287346950208333e-08,5.287346950208333e-08,25.73724755027547,25.73724755027547,21.56925651782366,21.56925651782366
1,1,0,1,1,1,1,1,0,1,1,1,1,1,1,1,0,1,0,1,1,1,1,1,0,1,1,1,1,1,1,1,1,1,1,1,1,1,1,1,0,1,1,1,1,1,1,0,1,1,1,1,0,1,1,1,0,1,1,0,0,1,1,0,0,1,1,1,1,1,1,1,0,1,0,1,1,1,0,1,34,-17.03037824168281,240.001,5.2887139366236655e-08,5.2887139366236655e-08,25.736120989064524,25.736120989064524,21.56869509367153,21.56869509367153
1,1,0,1,1,1,1,1,0,1,1,1,1,1,1,1,0,1,0,1,1,1,1,1,0,1,1,1,1,1,1,1,1,1,1,1,1,1,1,1,0,1,1,1,1,1,1,0,1,1,1,1,0,1,1,1,0,1,1,0,0,1,1,0,0,1,1,1,1,1,1,1,0,1,0,1,1,1,0,1,35,-17.030358333052007,240.001,5.2901001600181595e-08,5.2901001600181595e-08,25.735002718748497,25.735002718748497,21.571572953360985,21.571572953360985
1,1,0,1,1,1,1,1,0,1,1,1,1,1,1,1,0,1,0,1,1,1,1,1,0,1,1,1,1,1,1,1,1,1,1,1,1,1,1,1,0,1,1,1,1,1,1,0,1,1,1,1,0,1,1,1,0,1,1,0,0,1,1,0,0,1,1,1,1,1,1,1,0,1,0,1,1,1,0,1,36,-17.03030925850401,240.001,5.291509982025667e-08,5.291509982025667e-08,25.733894544231887,25.733894544231887,21.578674942997612,21.578674942997612
1,1,0,1,1,1,1,1,0,1,1,1,1,1,1,1,0,1,0,1,1,1,1,1,0,1,1,1,1,1,1,1,1,1,1,1,1,1,1,1,0,1,1,1,1,1,1,0,1,1,1,1,0,1,1,1,0,1,1,0,0,1,1,0,0,1,1,1,1,1,1,1,0,1,0,1,1,1,0,1,37,-17.030218280087503,240.001,5.292953730544633e-08,5.292953730544633e-08,25.732800744588854,25.732800744588854,21.591871782037142,21.591871782037142
1,1,0,1,1,1,1,1,0,1,1,1,1,1,1,1,0,1,0,1,1,1,1,1,0,1,1,1,1,1,1,1,1,1,1,1,1,1,1,1,0,1,1,1,1,1,1,0,1,1,1,1,0,1,1,1,0,1,1,0,0,1,1,0,0,1,1,1,1,1,1,1,0,1,0,1,1,1,0,1,38,-17.030054230864348,240.001,5.2944566668133775e-08,5.2944566668133775e-08,25.731731787990842,25.731731787990842,21.615768997252786,21.615768997252786
1,1,0,1,1,1,1,1,0,1,1,1,1,1,1,1,0,1,0,1,1,1,1,1,0,1,1,1,1,1,1,1,1,1,1,1,1,1,1,1,0,1,1,1,1,1,1,0,1,1,1,1,0,1,1,1,0,1,1,0,0,1,1,0,0,1,1,1,1,1,1,1,0,1,0,1,1,1,0,1,39,-17.02972209994073,240.001,5.296095799276107e-08,5.296095799276107e-08,25.7307195769802,25.7307195769802,21.66455441374321,21.66455441374321
1,1,0,1,1,1,1,1,0,1,1,1,1,1,1,1,0,1,0,1,1,1,1,1,0,1,1,1,1,1,1,1,1,1,1,1,1,1,1,1,0,1,1,1,1,1,1,0,1,1,1,1,0,1,1,1,0,1,1,0,0,1,1,0,0,1,1,1,1,1,1,1,0,1,0,1,1,1,0,1,40,-17.02872941630727,240.001,5.298270426044863e-08,5.298270426044863e-08,25.729929372616308,25.729929372616308,21.813697348959913,21.813697348959913
1,1,0,1,1,1,1,1,0,1,1,1,1,1,1,1,0,1,0,1,1,1,1,1,0,1,1,1,1,1,1,1,1,1,1,1,1,1,1,1,0,1,1,1,1,1,1,0,1,1,1,1,0,1,1,1,0,1,1,0,0,1,1,0,0,1,1,1,1,1,1,1,0,1,0,1,1,1,0,1,42,-17.028608619219483,240.001,5.301109248681752e-08,5.301109248681752e-08,25.727723835383376,25.727723835383376,21.832198375405518,21.832198375405518
1,1,0,1,1,1,1,1,0,1,1,1,1,1,1,1,0,1,0,1,1,1,1,1,0,1,1,1,1,1,1,1,1,1,1,1,1,1,1,1,0,1,1,1,1,1,1,0,1,1,1,1,0,1,1,1,0,1,1,0,0,1,1,0,0,1,1,1,1,1,1,1,0,1,0,1,1,1,0,1,43,-17.029468851387215,240.001,5.3017820678640614e-08,5.3017820678640614e-08,25.726312429672763,25.726312429672763,21.702122321059115,21.702122321059115
1,1,0,1,1,1,1,1,0,1,1,1,1,1,1,1,0,1,0,1,1,1,1,1,0,1,1,1,1,1,1,1,1,1,1,1,1,1,1,1,0,1,1,1,1,1,1,0,1,1,1,1,0,1,1,1,0,1,1,0,0,1,1,0,0,1,1,1,1,1,1,1,0,1,0,1,1,1,0,1,44,-17.02963975577559,240.001,5.30301376870177e-08,5.30301376870177e-08,25.725132697037573,25.725132697037573,21.676734299558046,21.676734299558046
1,1,0,1,1,1,1,1,0,1,1,1,1,1,1,1,0,1,0,1,1,1,1,1,0,1,1,1,1,1,1,1,1,1,1,1,1,1,1,1,0,1,1,1,1,1,1,0,1,1,1,1,0,1,1,1,0,1,1,0,0,1,1,0,0,1,1,1,1,1,1,1,0,1,0,1,1,1,0,1,45,-17.029579282582713,240.001,5.3044330789097675e-08,5.3044330789097675e-08,25.724030970496674,25.724030970496674,21.685700811465054,21.685700811465054
1,1,0,1,1,1,1,1,0,1,1,1,1,1,1,1,0,1,0,1,1,1,1,1,0,1,1,1,1,1,1,1,1,1,1,1,1,1,1,1,0,1,1,1,1,1,1,0,1,1,1,1,0,1,1,1,0,1,1,0,0,1,1,0,0,1,1,1,1,1,1,1,0,1,0,1,1,1,0,1,46,-17.029284332675616,240.001,5.30604266778691e-08,5.30604266778691e-08,25.723008287548232,25.723008287548232,21.72969928322644,21.72969928322644
1,1,0,1,1,1,1,1,0,1,1,1,1,1,1,1,0,1,0,1,1,1,1,1,0,1,1,1,1,1,1,1,1,1,1,1,1,1,1,1,0,1,1,1,1,1,1,0,1,1,1,1,0,1,1,1,0,1,1,0,0,1,1,0,0,1,1,1,1,1,1,1,0,1,0,1,1,1,0,1,47,-17.028289935738336,240.001,5.3082203322757365e-08,5.3082203322757365e-08,25.722220652734084,25.722220652734084,21.88138640186654,21.88138640186654
1,1,0,1,1,1,1,1,0,1,1,1,1,1,1,1,0,1,0,1,1,1,1,1,0,1,1,1,1,1,1,1,1,1,1,1,1,1,1,1,0,1,1,1,1,1,1,0,1,1,1,1,0,1,1,1,0,1,1,0,0,1,1,0,0,1,1,1,1,1,1,1,0,1,0,1,1,1,0,1,49,-17.028066804229844,240.001,5.3111426305811804e-08,5.3111426305811804e-08,25.720053550355658,25.720053550355658,21.916158654907903,21.916158654907903
1,1,0,1,1,1,1,1,0,1,1,1,1,1,1,1,0,1,0,1,1,1,1,1,0,1,1,1,1,1,1,1,1,1,1,1,1,1,1,1,0,1,1,1,1,1,1,0,1,1,1,1,0,1,1,1,0,1,1,0,0,1,1,0,0,1,1,1,1,1,1,1,0,1,0,1,1,1,0,1,50,-17.028797838388122,240.001,5.311919133475542e-08,5.311919133475542e-08,25.7186876127575,25.7186876127575,21.803252599346838,21.803252599346838
1,1,0,1,1,1,1,1,0,1,1,1,1,1,1,1,0,1,0,1,1,1,1,1,0,1,1,1,1,1,1,1,1,1,1,1,1,1,1,1,0,1,1,1,1,1,1,0,1,1,1,1,0,1,1,1,0,1,1,0,0,1,1,0,0,1,1,1,1,1,1,1,0,1,0,1,1,1,0,1,51,-17.028696015133285,240.001,5.313372301857973e-08,5.313372301857973e-08,25.717601509982178,25.717601509982178,21.818805175077266,21.818805175077266
1,1,0,1,1,1,1,1,0,1,1,1,1,1,1,1,0,1,0,1,1,1,1,1,0,1,1,1,1,1,1,1,1,1,1,1,1,1,1,1,0,1,1,1,1,1,1,0,1,1,1,1,0,1,1,1,0,1,1,0,0,1,1,0,0,1,1,1,1,1,1,1,0,1,0,1,1,1,0,1,52,-17.027752946880057,240.001,5.31550953716531e-08,5.31550953716531e-08,25.71679803607402,25.71679803607402,21.96554239790089,21.96554239790089
1,1,0,1,1,1,1,1,0,1,1,1,1,1,1,1,0,1,0,1,1,1,1,1,0,1,1,1,1,1,1,1,1,1,1,1,1,1,1,1,0,1,1,1,1,1,1,0,1,1,1,1,0,1,1,1,0,1,1,0,0,1,1,0,0,1,1,1,1,1,1,1,0,1,0,1,1,1,0,1,54,-17.02742804818062,240.001,5.318515100413143e-08,5.318515100413143e-08,25.714667985471028,25.714667985471028,22.017258106776353,22.017258106776353
1,1,0,1,1,1,1,1,0,1,1,1,1,1,1,1,0,1,0,1,1,1,1,1,0,1,1,1,1,1,1,1,1,1,1,1,1,1,1,1,0,1,1,1,1,1,1,0,1,1,1,1,0,1,1,1,0,1,1,0,0,1,1,0,0,1,1,1,1,1,1,1,0,1,0,1,1,1,0,1,55,-17.027946948862052,240.001,5.3194634575926305e-08,5.3194634575926305e-08,25.713374752920487,25.713374752920487,21.934951448463753,21.934951448463753
1,1,0,1,1,1,1,1,0,1,1,1,1,1,1,1,0,1,0,1,1,1,1,1,0,1,1,1,1,1,1,1,1,1,1,1,1,1,1,1,0,1,1,1,1,1,1,0,1,1,1,1,0,1,1,1,0,1,1,0,0,1,1,0,0,1,1,1,1,1,1,1,0,1,0,1,1,1,0,1,56,-17.027095625494383,240.001,5.321527116607264e-08,5.321527116607264e-08,25.712541579478255,25.712541579478255,22.07081256377804,22.07081256377804
1,1,0,1,1,1,1,1,0,1,1,1,1,1,1,1,0,1,0,1,1,1,1,1,0,1,1,1,1,1,1,1,1,1,1,1,1,1,1,1,0,1,1,1,1,1,1,0,1,1,1,1,0,1,1,1,0,1,1,0,0,1,1,0,0,1,1,1,1,1,1,1,0,1,0,1,1,1,0,1,58,-17.026447562535857,240.001,5.32479652068172e-08,5.32479652068172e-08,25.71052227247574,25.71052227247574,22.17714341994843,22.17714341994843
1,1,0,1,1,1,1,1,0,1,1,1,1,1,1,1,0,1,0,1,1,1,1,1,0,1,1,1,1,1,1,1,1,1,1,1,1,1,1,1,0,1,1,1,1,1,1,0,1,1,1,1,0,1,1,1,0,1,1,0,0,1,1,0,0,1,1,1,1,1,1,1,0,1,0,1,1,1,0,1,59,-17.026051526970853,240.001,5.326490200209862e-08,5.326490200209862e-08,25.709537149691222,25.709537149691222,22.243420155245506,22.243420155245506
1,1,0,1,1,1,1,1,0,1,1,1,1,1,1,1,0,1,0,1,1,1,1,1,0,1,1,1,1,1,1,1,1,1,1,1,1,1,1,1,0,1,1,1,1,1,1,0,1,1,1,1,0,1,1,1,0,1,1,0,0,1,1,0,0,1,1,1,1,1,1,1,0,1,0,1,1,1,0,1,62,-17.025655758424897,240.001,5.3309260091603154e-08,5.3309260091603154e-08,25.706317694015176,25.706317694015176,22.310672110255187,22.310672110255187
1,1,0,1,1,1,1,1,0,1,1,1,1,1,1,1,0,1,0,1,1,1,1,1,0,1,1,1,1,1,1,1,1,1,1,1,1,1,1,1,0,1,1,1,1,1,1,0,1,1,1,1,0,1,1,1,0,1,1,0,0,1,1,0,0,1,1,1,1,1,1,1,0,1,0,1,1,1,0,1,63,-17.025649903097754,240.001,5.3323018980836816e-08,5.3323018980836816e-08,25.705202798711003,25.705202798711003,22.311674904418965,22.311674904418965
1,1,0,1,1,1,1,1,0,1,1,1,1,1,1,1,0,1,0,1,1,1,1,1,0,1,1,1,1,1,1,1,1,1,1,1,1,1,1,1,0,1,1,1,1,1,1,0,1,1,1,1,0,1,1,1,0,1,1,0,0,1,1,0,0,1,1,1,1,1,1,1,0,1,0,1,1,1,0,1,66,-17.02629600577426,240.001,5.335887844210606e-08,5.335887844210606e-08,25.70163706915946,25.70163706915946,22.202387901149727,22.202387901149727
1,1,0,1,1,1,1,1,0,1,1,1,1,1,1,1,0,1,0,1,1,1,1,1,0,1,1,1,1,1,1,1,1,1,1,1,1,1,1,1,0,1,1,1,1,1,1,0,1,1,1,1,0,1,1,1,0,1,1,0,0,1,1,0,0,1,1,1,1,1,1,1,0,1,0,1,1,1,0,1,67,-17.027531762707003,240.001,5.336249812345889e-08,5.336249812345889e-08,25.700106711896595,25.700106711896595,22.0006827700703,22.0006827700703
1,1,0,1,1,1,1,1,0,1,1,1,1,1,1,1,0,1,0,1,1,1,1,1,0,1,1,1,1,1,1,1,1,1,1,1,1,1,1,1,0,1,1,1,1,1,1,0,1,1,1,1,0,1,1,1,0,1,1,0,0,1,1,0,0,1,1,1,1,1,1,1,0,1,0,1,1,1,0,1,68,-17.02789078615006,240.001,5.3373274196054596e-08,5.3373274196054596e-08,25.698870758670935,25.698870758670935,21.943785394153327,21.943785394153327
1,1,0,1,1,1,1,1,0,1,1,1,1,1,1,1,0,1,0,1,1,1,1,1,0,1,1,1,1,1,1,1,1,1,1,1,1,1,1,1,0,1,1,1,1,1,1,0,1,1,1,1,0,1,1,1,0,1,1,0,0,1,1,0,0,1,1,1,1,1,1,1,0,1,0,1,1,1,0,1,69,-17.02795147894633,240.001,5.33864850048952e-08,5.33864850048952e-08,25.697735244902194,25.697735244902194,21.934239679971444,21.934239679971444
1,1,0,1,1,1,1,1,0,1,1,1,1,1,1,1,0,1,0,1,1,1,1,1,0,1,1,1,1,1,1,1,1,1,1,1,1,1,1,1,0,1,1,1,1,1,1,0,1,1,1,1,0,1,1,1,0,1,1,0,0,1,1,0,0,1,1,1,1,1,1,1,0,1,0,1,1,1,0,1,70,-17.02780539318667,240.001,5.340138434275735e-08,5.340138434275735e-08,25.69666945139147,25.69666945139147,21.9572513304728,21.9572513304728
1,1,0,1,1,1,1,1,0,1,1,1,1,1,1,1,0,1,0,1,1,1,1,1,0,1,1,1,1,1,1,1,1,1,1,1,1,1,1,1,0,1,1,1,1,1,1,0,1,1,1,1,0,1,1,1,0,1,1,0,0,1,1,0,0,1,1,1,1,1,1,1,0,1,0,1,1,1,0,1,71,-17.027389312612144,240.001,5.341849034265499e-08,5.341849034265499e-08,25.695694584551326,25.695694584551326,22.023464866220316,22.023464866220316
1,1,0,1,1,1,1,1,0,1,1,1,1,1,1,1,0,1,0,1,1,1,1,1,0,1,1,1,1,1,1,1,1,1,1,1,1,1,1,1,0,1,1,1,1,1,1,0,1,1,1,1,0,1,1,1,0,1,1,0,0,1,1,0,0,1,1,1,1,1,1,1,0,1,0,1,1,1,0,1,72,-17.02619731551505,240.001,5.3441942939936836e-08,5.3441942939936836e-08,25.69498029445933,25.69498029445933,22.218905288495495,22.218905288495495
1,1,0,1,1,1,1,1,0,1,1,1,1,1,1,1,0,1,0,1,1,1,1,1,0,1,1,1,1,1,1,1,1,1,1,1,1,1,1,1,0,1,1,1,1,1,1,0,1,1,1,1,0,1,1,1,0,1,1,0,0,1,1,0,0,1,1,1,1,1,1,1,0,1,0,1,1,1,0,1,74,-17.024575805796427,240.001,5.3482629983864166e-08,5.3482629983864166e-08,25.693296640728196,25.693296640728196,22.499634493798084,22.499634493798084
1,1,0,1,1,1,1,1,0,1,1,1,1,1,1,1,0,1,0,1,1,1,1,1,0,1,1,1,1,1,1,1,1,1,1,1,1,1,1,1,0,1,1,1,1,1,1,0,1,1,1,1,0,1,1,1,0,1,1,0,0,1,1,0,0,1,1,1,1,1,1,1,0,1,0,1,1,1,0,1,76,-17.02511411969906,240.001,5.350564751771179e-08,5.350564751771179e-08,25.690889638344036,25.690889638344036,22.404422373051815,22.404422373051815
1,1,0,1,1,1,1,1,0,1,1,1,1,1,1,1,0,1,0,1,1,1,1,1,0,1,1,1,1,1,1,1,1,1,1,1,1,1,1,1,0,1,1,1,1,1,1,0,1,1,1,1,0,1,1,1,0,1,1,0,0,1,1,0,0,1,1,1,1,1,1,1,0,1,0,1,1,1,0,1,77,-17.02553720282761,240.001,5.35158938895083e-08,5.35158938895083e-08,25.689634957635068,25.689634957635068,22.331021152660888,22.331021152660888
1,1,0,1,1,1,1,1,0,1,1,1,1,1,1,1,0,1,0,1,1,1,1,1,0,1,1,1,1,1,1,1,1,1,1,1,1,1,1,1,0,1,1,1,1,1,1,0,1,1,1,1,0,1,1,1,0,1,1,0,0,1,1,0,0,1,1,1,1,1,1,1,0,1,0,1,1,1,0,1,78,-17.024440072144344,240.001,5.353859356526976e-08,5.353859356526976e-08,25.68889034505164,25.68889034505164,22.523973124496706,22.523973124496706
1,1,0,1,1,1,1,1,0,1,1,1,1,1,1,1,0,1,0,1,1,1,1,1,0,1,1,1,1,1,1,1,1,1,1,1,1,1,1,1,0,1,1,1,1,1,1,0,1,1,1,1,0,1,1,1,0,1,1,0,0,1,1,0,0,1,1,1,1,1,1,1,0,1,0,1,1,1,0,1,80,-17.022110786998738,240.001,5.3585120803910644e-08,5.3585120803910644e-08,25.687447071639223,25.687447071639223,22.964279369647986,22.964279369647986
1,1,0,1,1,1,1,1,0,1,1,1,1,1,1,1,0,1,0,1,1,1,1,1,0,1,1,1,1,1,1,1,1,1,1,1,1,1,1,1,0,1,1,1,1,1,1,0,1,1,1,1,0,1,1,1,0,1,1,0,0,1,1,0,0,1,1,1,1,1,1,1,1,1,0,1,1,1,0,1,1,-17.023443870686858,240.001,5.2490640256423126e-08,5.2490640256423126e-08,25.775737428087112,25.775737428087112,22.706879956805025,22.706879956805025
1,1,0,1,1,1,1,1,0,1,1,1,1,1,1,1,0,1,0,1,1,1,1,1,0,1,1,1,1,1,1,1,1,1,1,1,1,1,1,1,0,1,1,1,1,1,1,0,1,1,1,1,0,1,1,1,0,1,1,0,0,1,1,0,0,1,1,1,1,1,1,1,1,1,0,1,1,1,0,1,2,-17.024295756372382,240.001,5.249751127290969e-08,5.249751127290969e-08,25.77431708881783,25.77431708881783,22.550000274091964,22.550000274091964
1,1,0,1,1,1,1,1,0,1,1,1,1,1,1,1,0,1,0,1,1,1,1,1,0,1,1,1,1,1,1,1,1,1,1,1,1,1,1,1,0,1,1,1,1,1,1,0,1,1,1,1,0,1,1,1,0,1,1,0,0,1,1,0,0,1,1,1,1,1,1,1,1,1,0,1,1,1,0,1,4,-17.02563851599191,240.001,5.251415032578891e-08,5.251415032578891e-08,25.771598053687566,25.771598053687566,22.313625740624143,22.313625740624143
1,1,0,1,1,1,1,1,0,1,1,1,1,1,1,1,0,1,0,1,1,1,1,1,0,1,1,1,1,1,1,1,1,1,1,1,1,1,1,1,0,1,1,1,1,1,1,0,1,1,1,1,0,1,1,1,0,1,1,0,0,1,1,0,0,1,1,1,1,1,1,1,1,1,0,1,1,1,0,1,5,-17.026913542316066,240.001,5.251761551504963e-08,5.251761551504963e-08,25.7700364640436,25.7700364640436,22.10042740721608,22.10042740721608
1,1,0,1,1,1,1,1,0,1,1,1,1,1,1,1,0,1,0,1,1,1,1,1,0,1,1,1,1,1,1,1,1,1,1,1,1,1,1,1,0,1,1,1,1,1,1,0,1,1,1,1,0,1,1,1,0,1,1,0,0,1,1,0,0,1,1,1,1,1,1,1,1,1,0,1,1,1,0,1,6,-17.02738129838021,240.001,5.252756584204909e-08,5.252756584204909e-08,25.768745943514475,25.768745943514475,22.024750120874742,22.024750120874742
1,1,0,1,1,1,1,1,0,1,1,1,1,1,1,1,0,1,0,1,1,1,1,1,0,1,1,1,1,1,1,1,1,1,1,1,1,1,1,1,0,1,1,1,1,1,1,0,1,1,1,1,0,1,1,1,0,1,1,0,0,1,1,0,0,1,1,1,1,1,1,1,1,1,0,1,1,1,0,1,7,-17.02746894802703,240.001,5.254056939183338e-08,5.254056939183338e-08,25.767583301924045,25.767583301924045,22.01071410969988,22.01071410969988
1,1,0,1,1,1,1,1,0,1,1,1,1,1,1,1,0,1,0,1,1,1,1,1,0,1,1,1,1,1,1,1,1,1,1,1,1,1,1,1,0,1,1,1,1,1,1,0,1,1,1,1,0,1,1,1,0,1,1,0,0,1,1,0,0,1,1,1,1,1,1,1,1,1,0,1,1,1,0,1,8,-17.026795692381384,240.001,5.255969111257271e-08,5.255969111257271e-08,25.766676265027435,25.766676265027435,22.11970260984847,22.11970260984847
1,1,0,1,1,1,1,1,0,1,1,1,1,1,1,1,0,1,0,1,1,1,1,1,0,1,1,1,1,1,1,1,1,1,1,1,1,1,1,1,0,1,1,1,1,1,1,0,1,1,1,1,0,1,1,1,0,1,1,0,0,1,1,0,0,1,1,1,1,1,1,1,1,1,0,1,1,1,0,1,10,-17.02716407306684,240.001,5.258414638781599e-08,5.258414638781599e-08,25.764287643967346,25.764287643967346,22.059731635923438,22.059731635923438
1,1,0,1,1,1,1,1,0,1,1,1,1,1,1,1,0,1,0,1,1,1,1,1,0,1,1,1,1,1,1,1,1,1,1,1,1,1,1,1,0,1,1,1,1,1,1,0,1,1,1,1,0,1,1,1,0,1,1,0,0,1,1,0,0,1,1,1,1,1,1,1,1,1,0,1,1,1,0,1,11,-17.028229294580214,240.001,5.258928419254147e-08,5.258928419254147e-08,25.76279810991975,25.76279810991975,21.89080922728199,21.89080922728199
1,1,0,1,1,1,1,1,0,1,1,1,1,1,1,1,0,1,0,1,1,1,1,1,0,1,1,1,1,1,1,1,1,1,1,1,1,1,1,1,0,1,1,1,1,1,1,0,1,1,1,1,0,1,1,1,0,1,1,0,0,1,1,0,0,1,1,1,1,1,1,1,1,1,0,1,1,1,0,1,12,-17.028595597870655,240.001,5.2600043344614334e-08,5.2600043344614334e-08,25.761543381824072,25.761543381824072,21.834197380809577,21.834197380809577
1,1,0,1,1,1,1,1,0,1,1,1,1,1,1,1,0,1,0,1,1,1,1,1,0,1,1,1,1,1,1,1,1,1,1,1,1,1,1,1,0,1,1,1,1,1,1,0,1,1,1,1,0,1,1,1,0,1,1,0,0,1,1,0,0,1,1,1,1,1,1,1,1,1,0,1,1,1,0,1,13,-17.028742039901875,240.001,5.261257024640143e-08,5.261257024640143e-08,25.76036277399058,25.76036277399058,21.811768457019095,21.811768457019095
1,1,0,1,1,1,1,1,0,1,1,1,1,1,1,1,0,1,0,1,1,1,1,1,0,1,1,1,1,1,1,1,1,1,1,1,1,1,1,1,0,1,1,1,1,1,1,0,1,1,1,1,0,1,1,1,0,1,1,0,0,1,1,0,0,1,1,1,1,1,1,1,1,1,0,1,1,1,0,1,14,-17.028728334337057,240.001,5.2626385361988236e-08,5.2626385361988236e-08,25.759236249976716,25.759236249976716,21.81386271418866,21.81386271418866
1,1,0,1,1,1,1,1,0,1,1,1,1,1,1,1,0,1,0,1,1,1,1,1,0,1,1,1,1,1,1,1,1,1,1,1,1,1,1,1,0,1,1,1,1,1,1,0,1,1,1,1,0,1,1,1,0,1,1,0,0,1,1,0,0,1,1,1,1,1,1,1,1,1,0,1,1,1,0,1,15,-17.02847986409116,240.001,5.264209055798974e-08,5.264209055798974e-08,25.75818885648912,25.75818885648912,21.85200483006468,21.85200483006468
1,1,0,1,1,1,1,1,0,1,1,1,1,1,1,1,0,1,0,1,1,1,1,1,0,1,1,1,1,1,1,1,1,1,1,1,1,1,1,1,0,1,1,1,1,1,1,0,1,1,1,1,0,1,1,1,0,1,1,0,0,1,1,0,0,1,1,1,1,1,1,1,1,1,0,1,1,1,0,1,16,-17.027488472180977,240.001,5.2663782232642513e-08,5.2663782232642513e-08,25.75739106523439,25.75739106523439,22.007593686667583,22.007593686667583
1,1,0,1,1,1,1,1,0,1,1,1,1,1,1,1,0,1,0,1,1,1,1,1,0,1,1,1,1,1,1,1,1,1,1,1,1,1,1,1,0,1,1,1,1,1,1,0,1,1,1,1,0,1,1,1,0,1,1,0,0,1,1,0,0,1,1,1,1,1,1,1,1,1,0,1,1,1,0,1,18,-17.026384708801206,240.001,5.270009535123225e-08,5.270009535123225e-08,25.75550128129789,25.75550128129789,22.187595134116535,22.187595134116535
1,1,0,1,1,1,1,1,0,1,1,1,1,1,1,1,0,1,0,1,1,1,1,1,0,1,1,1,1,1,1,1,1,1,1,1,1,1,1,1,0,1,1,1,1,1,1,0,1,1,1,1,0,1,1,1,0,1,1,0,0,1,1,0,0,1,1,1,1,1,1,1,1,1,0,1,1,1,0,1,20,-17.027717791014663,240.001,5.2716763282037555e-08,5.2716763282037555e-08,25.752794834230336,25.752794834230336,21.971108893430795,21.971108893430795
1,1,0,1,1,1,1,1,0,1,1,1,1,1,1,1,0,1,0,1,1,1,1,1,0,1,1,1,1,1,1,1,1,1,1,1,1,1,1,1,0,1,1,1,1,1,1,0,1,1,1,1,0,1,1,1,0,1,1,0,0,1,1,0,0,1,1,1,1,1,1,1,1,1,0,1,1,1,0,1,21,-17.02880704944186,240.001,5.272168505698691e-08,5.272168505698691e-08,25.751300126038483,25.751300126038483,21.801848419907675,21.801848419907675
1,1,0,1,1,1,1,1,0,1,1,1,1,1,1,1,0,1,0,1,1,1,1,1,0,1,1,1,1,1,1,1,1,1,1,1,1,1,1,1,0,1,1,1,1,1,1,0,1,1,1,1,0,1,1,1,0,1,1,0,0,1,1,0,0,1,1,1,1,1,1,1,1,1,0,1,1,1,0,1,22,-17.029115955019943,240.001,5.2732898662568653e-08,5.2732898662568653e-08,25.750067598769817,25.750067598769817,21.755016598629634,21.755016598629634
1,1,0,1,1,1,1,1,0,1,1,1,1,1,1,1,0,1,0,1,1,1,1,1,0,1,1,1,1,1,1,1,1,1,1,1,1,1,1,1,0,1,1,1,1,1,1,0,1,1,1,1,0,1,1,1,0,1,1,0,0,1,1,0,0,1,1,1,1,1,1,1,1,1,0,1,1,1,0,1,23,-17.029073364468427,240.001,5.274694649260057e-08,5.274694649260057e-08,25.748953400535257,25.748953400535257,21.761443826705673,21.761443826705673
1,1,0,1,1,1,1,1,0,1,1,1,1,1,1,1,0,1,0,1,1,1,1,1,0,1,1,1,1,1,1,1,1,1,1,1,1,1,1,1,0,1,1,1,1,1,1,0,1,1,1,1,0,1,1,1,0,1,1,0,0,1,1,0,0,1,1,1,1,1,1,1,1,1,0,1,1,1,0,1,24,-17.028296391037063,240.001,5.276692198185788e-08,5.276692198185788e-08,25.7480859939459,25.7480859939459,21.880384529942415,21.880384529942415
1,1,0,1,1,1,1,1,0,1,1,1,1,1,1,1,0,1,0,1,1,1,1,1,0,1,1,1,1,1,1,1,1,1,1,1,1,1,1,1,0,1,1,1,1,1,1,0,1,1,1,1,0,1,1,1,0,1,1,0,0,1,1,0,0,1,1,1,1,1,1,1,1,1,0,1,1,1,0,1,26,-17.028529189416663,240.001,5.27924544333984e-08,5.27924544333984e-08,25.745752273145893,25.745752273145893,21.844406486563273,21.844406486563273
1,1,0,1,1,1,1,1,0,1,1,1,1,1,1,1,0,1,0,1,1,1,1,1,0,1,1,1,1,1,1,1,1,1,1,1,1,1,1,1,0,1,1,1,1,1,1,0,1,1,1,1,0,1,1,1,0,1,1,0,0,1,1,0,0,1,1,1,1,1,1,1,1,1,0,1,1,1,0,1,27,-17.02956497642379,240.001,5.2797794646031256e-08,5.2797794646031256e-08,25.74427719843922,25.74427719843922,21.687824713740348,21.687824713740348
1,1,0,1,1,1,1,1,0,1,1,1,1,1,1,1,0,1,0,1,1,1,1,1,0,1,1,1,1,1,1,1,1,1,1,1,1,1,1,1,0,1,1,1,1,1,1,0,1,1,1,1,0,1,1,1,0,1,1,0,0,1,1,0,0,1,1,1,1,1,1,1,1,1,0,1,1,1,0,1,28,-17.029935660852423,240.001,5.2808504550398536e-08,5.2808504550398536e-08,25.743025647543387,25.743025647543387,21.63312288017186,21.63312288017186
1,1,0,1,1,1,1,1,0,1,1,1,1,1,1,1,0,1,0,1,1,1,1,1,0,1,1,1,1,1,1,1,1,1,1,1,1,1,1,1,0,1,1,1,1,1,1,0,1,1,1,1,0,1,1,1,0,1,1,0,0,1,1,0,0,1,1,1,1,1,1,1,1,1,0,1,1,1,0,1,29,-17.03013529922814,240.001,5.2820594683031225e-08,5.2820594683031225e-08,25.741831836548783,25.741831836548783,21.603943365033913,21.603943365033913
1,1,0,1,1,1,1,1,0,1,1,1,1,1,1,1,0,1,0,1,1,1,1,1,0,1,1,1,1,1,1,1,1,1,1,1,1,1,1,1,0,1,1,1,1,1,1,0,1,1,1,1,0,1,1,1,0,1,1,0,0,1,1,0,0,1,1,1,1,1,1,1,1,1,0,1,1,1,0,1,30,-17.03025990517933,240.001,5.283329013184058e-08,5.283329013184058e-08,25.740663527680393,25.740663527680393,21.585828927857968,21.585828927857968
1,1,0,1,1,1,1,1,0,1,1,1,1,1,1,1,0,1,0,1,1,1,1,1,0,1,1,1,1,1,1,1,1,1,1,1,1,1,1,1,0,1,1,1,1,1,1,0,1,1,1,1,0,1,1,1,0,1,1,0,0,1,1,0,0,1,1,1,1,1,1,1,1,1,0,1,1,1,0,1,31,-17.030341338854097,240.001,5.2846333856649265e-08,5.2846333856649265e-08,25.739510020218297,25.739510020218297,21.57403102110688,21.57403102110688
1,1,0,1,1,1,1,1,0,1,1,1,1,1,1,1,0,1,0,1,1,1,1,1,0,1,1,1,1,1,1,1,1,1,1,1,1,1,1,1,0,1,1,1,1,1,1,0,1,1,1,1,0,1,1,1,0,1,1,0,0,1,1,0,0,1,1,1,1,1,1,1,1,1,0,1,1,1,0,1,32,-17.030392857417993,240.001,5.285961896137343e-08,5.285961896137343e-08,25.738366860635182,25.738366860635182,21.5665835447476,21.5665835447476
1,1,0,1,1,1,1,1,0,1,1,1,1,1,1,1,0,1,0,1,1,1,1,1,0,1,1,1,1,1,1,1,1,1,1,1,1,1,1,1,0,1,1,1,1,1,1,0,1,1,1,1,0,1,1,1,0,1,1,0,0,1,1,0,0,1,1,1,1,1,1,1,1,1,0,1,1,1,0,1,33,-17.03042025770914,240.001,5.2873098764388986e-08,5.2873098764388986e-08,25.737232101292946,25.737232101292946,21.56262774423334,21.56262774423334
1,1,0,1,1,1,1,1,0,1,1,1,1,1,1,1,0,1,0,1,1,1,1,1,0,1,1,1,1,1,1,1,1,1,1,1,1,1,1,1,0,1,1,1,1,1,1,0,1,1,1,1,0,1,1,1,0,1,1,0,0,1,1,0,0,1,1,1,1,1,1,1,1,1,0,1,1,1,0,1,34,-17.030425320276922,240.001,5.2886759016281914e-08,5.2886759016281914e-08,25.736105143863348,25.736105143863348,21.561897249011434,21.561897249011434
1,1,0,1,1,1,1,1,0,1,1,1,1,1,1,1,0,1,0,1,1,1,1,1,0,1,1,1,1,1,1,1,1,1,1,1,1,1,1,1,0,1,1,1,1,1,1,0,1,1,1,1,0,1,1,1,0,1,1,0,0,1,1,0,0,1,1,1,1,1,1,1,1,1,0,1,1,1,0,1,35,-17.030406651780268,240.001,5.2900611125615294e-08,5.2900611125615294e-08,25.734986456421858,25.734986456421858,21.56459159510048,21.56459159510048
1,1,0,1,1,1,1,1,0,1,1,1,1,1,1,1,0,1,0,1,1,1,1,1,0,1,1,1,1,1,1,1,1,1,1,1,1,1,1,1,0,1,1,1,1,1,1,0,1,1,1,1,0,1,1,1,0,1,1,0,0,1,1,0,0,1,1,1,1,1,1,1,1,1,0,1,1,1,0,1,36,-17.030358884982647,240.001,5.2914698665727666e-08,5.2914698665727666e-08,25.733877842166,25.733877842166,21.57149314439802,21.57149314439802
1,1,0,1,1,1,1,1,0,1,1,1,1,1,1,1,0,1,0,1,1,1,1,1,0,1,1,1,1,1,1,1,1,1,1,1,1,1,1,1,0,1,1,1,1,1,1,0,1,1,1,1,0,1,1,1,0,1,1,0,0,1,1,0,0,1,1,1,1,1,1,1,1,1,0,1,1,1,0,1,37,-17.03026928781885,240.001,5.292912486579682e-08,5.292912486579682e-08,25.732783578257017,25.732783578257017,21.58446797107741,21.58446797107741
1,1,0,1,1,1,1,1,0,1,1,1,1,1,1,1,0,1,0,1,1,1,1,1,0,1,1,1,1,1,1,1,1,1,1,1,1,1,1,1,0,1,1,1,1,1,1,0,1,1,1,1,0,1,1,1,0,1,1,0,0,1,1,0,0,1,1,1,1,1,1,1,1,1,0,1,1,1,0,1,38,-17.03010670028142,240.001,5.2944142277484486e-08,5.2944142277484486e-08,25.73171413069283,25.73171413069283,21.60811151048536,21.60811151048536
1,1,0,1,1,1,1,1,0,1,1,1,1,1,1,1,0,1,0,1,1,1,1,1,0,1,1,1,1,1,1,1,1,1,1,1,1,1,1,1,0,1,1,1,1,1,1,0,1,1,1,1,0,1,1,1,0,1,1,0,0,1,1,0,0,1,1,1,1,1,1,1,1,1,0,1,1,1,0,1,39,-17.029776120548963,240.001,5.296052089873655e-08,5.296052089873655e-08,25.73070139943702,25.73070139943702,21.65658237942758,21.65658237942758
1,1,0,1,1,1,1,1,0,1,1,1,1,1,1,1,0,1,0,1,1,1,1,1,0,1,1,1,1,1,1,1,1,1,1,1,1,1,1,1,0,1,1,1,1,1,1,0,1,1,1,1,0,1,1,1,0,1,1,0,0,1,1,0,0,1,1,1,1,1,1,1,1,1,0,1,1,1,0,1,40,-17.028785096298293,240.001,5.2982253494072686e-08,5.2982253494072686e-08,25.72991064169861,25.72991064169861,21.805195811536876,21.805195811536876
1,1,0,1,1,1,1,1,0,1,1,1,1,1,1,1,0,1,0,1,1,1,1,1,0,1,1,1,1,1,1,1,1,1,1,1,1,1,1,1,0,1,1,1,1,1,1,0,1,1,1,1,0,1,1,1,0,1,1,0,0,1,1,0,0,1,1,1,1,1,1,1,1,1,0,1,1,1,0,1,42,-17.02866789572918,240.001,5.301061233607248e-08,5.301061233607248e-08,25.727703895501858,25.727703895501858,21.82310992617954,21.82310992617954
1,1,0,1,1,1,1,1,0,1,1,1,1,1,1,1,0,1,0,1,1,1,1,1,0,1,1,1,1,1,1,1,1,1,1,1,1,1,1,1,0,1,1,1,1,1,1,0,1,1,1,1,0,1,1,1,0,1,1,0,0,1,1,0,0,1,1,1,1,1,1,1,1,1,0,1,1,1,0,1,43,-17.029530084959802,240.001,5.301732466409758e-08,5.301732466409758e-08,25.726291827228334,25.726291827228334,21.69300905531664,21.69300905531664
1,1,0,1,1,1,1,1,0,1,1,1,1,1,1,1,0,1,0,1,1,1,1,1,0,1,1,1,1,1,1,1,1,1,1,1,1,1,1,1,0,1,1,1,1,1,1,0,1,1,1,1,0,1,1,1,0,1,1,0,0,1,1,0,0,1,1,1,1,1,1,1,1,1,0,1,1,1,0,1,44,-17.029703098216217,240.001,5.302962447824331e-08,5.302962447824331e-08,25.725111384436403,25.725111384436403,21.667362032221682,21.667362032221682
1,1,0,1,1,1,1,1,0,1,1,1,1,1,1,1,0,1,0,1,1,1,1,1,0,1,1,1,1,1,1,1,1,1,1,1,1,1,1,1,0,1,1,1,1,1,1,0,1,1,1,1,0,1,1,1,0,1,1,0,0,1,1,0,0,1,1,1,1,1,1,1,1,1,0,1,1,1,0,1,45,-17.029644890421217,240.001,5.304379907529052e-08,5.304379907529052e-08,25.724008896345246,25.724008896345246,21.675973819004533,21.675973819004533
1,1,0,1,1,1,1,1,0,1,1,1,1,1,1,1,0,1,0,1,1,1,1,1,0,1,1,1,1,1,1,1,1,1,1,1,1,1,1,1,0,1,1,1,1,1,1,0,1,1,1,1,0,1,1,1,0,1,1,0,0,1,1,0,0,1,1,1,1,1,1,1,1,1,0,1,1,1,0,1,46,-17.029352379924198,240.001,5.305987500127658e-08,5.305987500127658e-08,25.72298539473214,25.72298539473214,21.719509129720393,21.719509129720393
1,1,0,1,1,1,1,1,0,1,1,1,1,1,1,1,0,1,0,1,1,1,1,1,0,1,1,1,1,1,1,1,1,1,1,1,1,1,1,1,0,1,1,1,1,1,1,0,1,1,1,1,0,1,1,1,0,1,1,0,0,1,1,0,0,1,1,1,1,1,1,1,1,1,0,1,1,1,0,1,47,-17.028360629141122,240.001,5.3081629879312734e-08,5.3081629879312734e-08,25.722196876123242,25.722196876123242,21.87042717345814,21.87042717345814
1,1,0,1,1,1,1,1,0,1,1,1,1,1,1,1,0,1,0,1,1,1,1,1,0,1,1,1,1,1,1,1,1,1,1,1,1,1,1,1,0,1,1,1,1,1,1,0,1,1,1,1,0,1,1,1,0,1,1,0,0,1,1,0,0,1,1,1,1,1,1,1,1,1,0,1,1,1,0,1,49,-17.028143398038743,240.001,5.311080463412604e-08,5.311080463412604e-08,25.720027791212967,25.720027791212967,21.904191262395866,21.904191262395866
1,1,0,1,1,1,1,1,0,1,1,1,1,1,1,1,0,1,0,1,1,1,1,1,0,1,1,1,1,1,1,1,1,1,1,1,1,1,1,1,0,1,1,1,1,1,1,0,1,1,1,1,0,1,1,1,0,1,1,0,0,1,1,0,0,1,1,1,1,1,1,1,1,1,0,1,1,1,0,1,50,-17.028877742471085,240.001,5.311854275583433e-08,5.311854275583433e-08,25.71866073583083,25.71866073583083,21.791086606160306,21.791086606160306
1,1,0,1,1,1,1,1,0,1,1,1,1,1,1,1,0,1,0,1,1,1,1,1,0,1,1,1,1,1,1,1,1,1,1,1,1,1,1,1,0,1,1,1,1,1,1,0,1,1,1,1,0,1,1,1,0,1,1,0,0,1,1,0,0,1,1,1,1,1,1,1,1,1,0,1,1,1,0,1,51,-17.02877955730328,240.001,5.3133044708367285e-08,5.3133044708367285e-08,25.71757341061685,25.71757341061685,21.806040796608563,21.806040796608563
1,1,0,1,1,1,1,1,0,1,1,1,1,1,1,1,0,1,0,1,1,1,1,1,0,1,1,1,1,1,1,1,1,1,1,1,1,1,1,1,0,1,1,1,1,1,1,0,1,1,1,1,0,1,1,1,0,1,1,0,0,1,1,0,0,1,1,1,1,1,1,1,1,1,0,1,1,1,0,1,52,-17.027840502114753,240.001,5.3154384097777484e-08,5.3154384097777484e-08,25.71676859462576,25.71676859462576,21.95170984888656,21.95170984888656
1,1,0,1,1,1,1,1,0,1,1,1,1,1,1,1,0,1,0,1,1,1,1,1,0,1,1,1,1,1,1,1,1,1,1,1,1,1,1,1,0,1,1,1,1,1,1,0,1,1,1,1,0,1,1,1,0,1,1,0,0,1,1,0,0,1,1,1,1,1,1,1,1,1,0,1,1,1,0,1,54,-17.027524836635816,240.001,5.318436423497939e-08,5.318436423497939e-08,25.714635442772803,25.714635442772803,22.001787716707327,22.001787716707327
1,1,0,1,1,1,1,1,0,1,1,1,1,1,1,1,0,1,0,1,1,1,1,1,0,1,1,1,1,1,1,1,1,1,1,1,1,1,1,1,0,1,1,1,1,1,1,0,1,1,1,1,0,1,1,1,0,1,1,0,0,1,1,0,0,1,1,1,1,1,1,1,1,1,0,1,1,1,0,1,55,-17.028049098580283,240.001,5.31938041241738e-08,5.31938041241738e-08,25.713340403917826,25.713340403917826,21.91892974133936,21.91892974133936
1,1,0,1,1,1,1,1,0,1,1,1,1,1,1,1,0,1,0,1,1,1,1,1,0,1,1,1,1,1,1,1,1,1,1,1,1,1,1,1,0,1,1,1,1,1,1,0,1,1,1,1,0,1,1,1,0,1,1,0,0,1,1,0,0,1,1,1,1,1,1,1,1,1,0,1,1,1,0,1,56,-17.027203824559866,240.001,5.321439108521839e-08,5.321439108521839e-08,25.71250520517488,25.71250520517488,22.053309169528138,22.053309169528138
1,1,0,1,1,1,1,1,0,1,1,1,1,1,1,1,0,1,0,1,1,1,1,1,0,1,1,1,1,1,1,1,1,1,1,1,1,1,1,1,0,1,1,1,1,1,1,0,1,1,1,1,0,1,1,1,0,1,1,0,0,1,1,0,0,1,1,1,1,1,1,1,1,1,0,1,1,1,0,1,58,-17.026570227464582,240.001,5.324696674989735e-08,5.324696674989735e-08,25.710481043221513,25.710481043221513,22.156817652257867,22.156817652257867
1,1,0,1,1,1,1,1,0,1,1,1,1,1,1,1,0,1,0,1,1,1,1,1,0,1,1,1,1,1,1,1,1,1,1,1,1,1,1,1,0,1,1,1,1,1,1,0,1,1,1,1,0,1,1,1,0,1,1,0,0,1,1,0,0,1,1,1,1,1,1,1,1,1,0,1,1,1,0,1,59,-17.02618298199099,240.001,5.326383158452793e-08,5.326383158452793e-08,25.709492971864506,25.709492971864506,22.22130943387093,22.22130943387093
1,1,0,1,1,1,1,1,0,1,1,1,1,1,1,1,0,1,0,1,1,1,1,1,0,1,1,1,1,1,1,1,1,1,1,1,1,1,1,1,0,1,1,1,1,1,1,0,1,1,1,1,0,1,1,1,0,1,1,0,0,1,1,0,0,1,1,1,1,1,1,1,1,1,0,1,1,1,0,1,62,-17.025823115013687,240.001,5.330789609740352e-08,5.330789609740352e-08,25.706261459346248,25.706261459346248,22.2821071949167,22.2821071949167
1,1,0,1,1,1,1,1,0,1,1,1,1,1,1,1,0,1,0,1,1,1,1,1,0,1,1,1,1,1,1,1,1,1,1,1,1,1,1,1,0,1,1,1,1,1,1,0,1,1,1,1,0,1,1,1,0,1,1,0,0,1,1,0,0,1,1,1,1,1,1,1,1,1,0,1,1,1,0,1,63,-17.025834015646133,240.001,5.332151800062079e-08,5.332151800062079e-08,25.705140936667668,25.705140936667668,22.280253105972044,22.280253105972044
1,1,0,1,1,1,1,1,0,1,1,1,1,1,1,1,0,1,0,1,1,1,1,1,0,1,1,1,1,1,1,1,1,1,1,1,1,1,1,1,0,1,1,1,1,1,1,0,1,1,1,1,0,1,1,1,0,1,1,0,0,1,1,0,0,1,1,1,1,1,1,1,1,1,0,1,1,1,0,1,66,-17.02655905242486,240.001,5.335673261346244e-08,5.335673261346244e-08,25.7015486776563,25.7015486776563,22.158665463869767,22.158665463869767
1,1,0,1,1,1,1,1,0,1,1,1,1,1,1,1,0,1,0,1,1,1,1,1,0,1,1,1,1,1,1,1,1,1,1,1,1,1,1,1,0,1,1,1,1,1,1,0,1,1,1,1,0,1,1,1,0,1,1,0,0,1,1,0,0,1,1,1,1,1,1,1,1,1,0,1,1,1,0,1,67,-17.02783859106333,240.001,5.335999528425354e-08,5.335999528425354e-08,25.700003583664106,25.700003583664106,21.95201130242577,21.95201130242577
1,1,0,1,1,1,1,1,0,1,1,1,1,1,1,1,0,1,0,1,1,1,1,1,0,1,1,1,1,1,1,1,1,1,1,1,1,1,1,1,0,1,1,1,1,1,1,0,1,1,1,1,0,1,1,1,0,1,1,0,0,1,1,0,0,1,1,1,1,1,1,1,1,1,0,1,1,1,0,1,68,-17.02825908136176,240.001,5.337026937441877e-08,5.337026937441877e-08,25.698746970510854,25.698746970510854,21.886178221203323,21.886178221203323
1,1,0,1,1,1,1,1,0,1,1,1,1,1,1,1,0,1,0,1,1,1,1,1,0,1,1,1,1,1,1,1,1,1,1,1,1,1,1,1,0,1,1,1,1,1,1,0,1,1,1,1,0,1,1,1,0,1,1,0,0,1,1,0,0,1,1,1,1,1,1,1,1,1,0,1,1,1,0,1,69,-17.028412149227435,240.001,5.338272543604049e-08,5.338272543604049e-08,25.697580423095925,25.697580423095925,21.862457557455,21.862457557455
1,1,0,1,1,1,1,1,0,1,1,1,1,1,1,1,0,1,0,1,1,1,1,1,0,1,1,1,1,1,1,1,1,1,1,1,1,1,1,1,0,1,1,1,1,1,1,0,1,1,1,1,0,1,1,1,0,1,1,0,0,1,1,0,0,1,1,1,1,1,1,1,1,1,0,1,1,1,0,1,70,-17.028420465495465,240.001,5.339636288782681e-08,5.339636288782681e-08,25.696462775369234,25.696462775369234,21.861172479098506,21.861172479098506
1,1,0,1,1,1,1,1,0,1,1,1,1,1,1,1,0,1,0,1,1,1,1,1,0,1,1,1,1,1,1,1,1,1,1,1,1,1,1,1,0,1,1,1,1,1,1,0,1,1,1,1,0,1,1,1,0,1,1,0,0,1,1,0,0,1,1,1,1,1,1,1,1,1,0,1,1,1,0,1,71,-17.028315256322216,240.001,5.341092752047241e-08,5.341092752047241e-08,25.695383544865386,25.695383544865386,21.877457925206656,21.877457925206656
1,1,0,1,1,1,1,1,0,1,1,1,1,1,1,1,0,1,0,1,1,1,1,1,0,1,1,1,1,1,1,1,1,1,1,1,1,1,1,1,0,1,1,1,1,1,1,0,1,1,1,1,0,1,1,1,0,1,1,0,0,1,1,0,0,1,1,1,1,1,1,1,1,1,0,1,1,1,0,1,72,-17.02808221949758,240.001,5.342653700782036e-08,5.342653700782036e-08,25.694347529808507,25.694347529808507,21.91374746274397,21.91374746274397
1,1,0,1,1,1,1,1,0,1,1,1,1,1,1,1,0,1,0,1,1,1,1,1,0,1,1,1,1,1,1,1,1,1,1,1,1,1,1,1,0,1,1,1,1,1,1,0,1,1,1,1,0,1,1,1,0,1,1,0,0,1,1,0,0,1,1,1,1,1,1,1,1,1,0,1,1,1,0,1,73,-17.0276304003706,240.001,5.3443935980820744e-08,5.3443935980820744e-08,25.693385248703628,25.693385248703628,21.98497691330802,21.98497691330802
1,1,0,1,1,1,1,1,0,1,1,1,1,1,1,1,0,1,0,1,1,1,1,1,0,1,1,1,1,1,1,1,1,1,1,1,1,1,1,1,0,1,1,1,1,1,1,0,1,1,1,1,0,1,1,1,0,1,1,0,0,1,1,0,0,1,1,1,1,1,1,1,1,1,0,1,1,1,0,1,74,-17.02646160386729,240.001,5.3467202554623605e-08,5.3467202554623605e-08,25.692663775415912,25.692663775415912,22.17481195166197,22.17481195166197
1,1,0,1,1,1,1,1,0,1,1,1,1,1,1,1,0,1,0,1,1,1,1,1,0,1,1,1,1,1,1,1,1,1,1,1,1,1,1,1,0,1,1,1,1,1,1,0,1,1,1,1,0,1,1,1,0,1,1,0,0,1,1,0,0,1,1,1,1,1,1,1,1,1,0,1,1,1,0,1,76,-17.025729822170483,240.001,5.3500609369819576e-08,5.3500609369819576e-08,25.69068289136622,25.69068289136622,22.29800764710668,22.29800764710668
1,1,0,1,1,1,1,1,0,1,1,1,1,1,1,1,0,1,0,1,1,1,1,1,0,1,1,1,1,1,1,1,1,1,1,1,1,1,1,1,0,1,1,1,1,1,1,0,1,1,1,1,0,1,1,1,0,1,1,0,0,1,1,0,0,1,1,1,1,1,1,1,1,1,0,1,1,1,0,1,77,-17.02599827103185,240.001,5.351212085692252e-08,5.351212085692252e-08,25.689480090986862,25.689480090986862,22.252409746679078,22.252409746679078
1,1,0,1,1,1,1,1,0,1,1,1,1,1,1,1,0,1,0,1,1,1,1,1,0,1,1,1,1,1,1,1,1,1,1,1,1,1,1,1,0,1,1,1,1,1,1,0,1,1,1,1,0,1,1,1,0,1,1,0,0,1,1,0,0,1,1,1,1,1,1,1,1,1,0,1,1,1,0,1,78,-17.024808816043567,240.001,5.353557452852277e-08,5.353557452852277e-08,25.688766506347307,25.688766506347307,22.458166725538472,22.458166725538472
1,1,0,1,1,1,1,1,0,1,1,1,1,1,1,1,0,1,0,1,1,1,1,1,0,1,1,1,1,1,1,1,1,1,1,1,1,1,1,1,0,1,1,1,1,1,1,0,1,1,1,1,0,1,1,1,0,1,1,0,0,1,1,0,0,1,1,1,1,1,1,1,1,1,0,1,1,1,0,1,80,-17.022374235850563,240.001,5.358296147311254e-08,5.358296147311254e-08,25.68735863486757,25.68735863486757,22.91219353787486,22.91219353787486
1,1,0,1,1,1,1,1,0,1,1,1,1,1,1,1,0,1,0,1,1,1,1,1,0,1,1,1,1,1,1,1,1,1,1,1,1,1,1,1,0,1,1,1,1,1,1,0,1,1,1,1,0,1,1,1,0,1,1,0,0,1,1,0,0,1,1,1,1,1,1,1,1,1,0,1,1,1,1,1,1,-17.0234674755365,240.001,5.2490450803147145e-08,5.2490450803147145e-08,25.77572949815788,25.77572949815788,22.702456196426176,22.702456196426176
1,1,0,1,1,1,1,1,0,1,1,1,1,1,1,1,0,1,0,1,1,1,1,1,0,1,1,1,1,1,1,1,1,1,1,1,1,1,1,1,0,1,1,1,1,1,1,0,1,1,1,1,0,1,1,1,0,1,1,0,0,1,1,0,0,1,1,1,1,1,1,1,1,1,0,1,1,1,1,1,2,-17.02431966015508,240.001,5.249731941587459e-08,5.249731941587459e-08,25.774309056759694,25.774309056759694,22.54567852723205,22.54567852723205
1,1,0,1,1,1,1,1,0,1,1,1,1,1,1,1,0,1,0,1,1,1,1,1,0,1,1,1,1,1,1,1,1,1,1,1,1,1,1,1,0,1,1,1,1,1,1,0,1,1,1,1,0,1,1,1,0,1,1,0,0,1,1,0,0,1,1,1,1,1,1,1,1,1,0,1,1,1,1,1,4,-17.025663044782206,240.001,5.25139534234957e-08,5.25139534234957e-08,25.771589808839636,25.771589808839636,22.30942455659129,22.30942455659129
1,1,0,1,1,1,1,1,0,1,1,1,1,1,1,1,0,1,0,1,1,1,1,1,0,1,1,1,1,1,1,1,1,1,1,1,1,1,1,1,0,1,1,1,1,1,1,0,1,1,1,1,0,1,1,1,0,1,1,0,0,1,1,0,0,1,1,1,1,1,1,1,1,1,0,1,1,1,1,1,5,-17.02693839061572,240.001,5.2517416067106437e-08,5.2517416067106437e-08,25.770028109125217,25.770028109125217,22.096374120429083,22.096374120429083
1,1,0,1,1,1,1,1,0,1,1,1,1,1,1,1,0,1,0,1,1,1,1,1,0,1,1,1,1,1,1,1,1,1,1,1,1,1,1,1,0,1,1,1,1,1,1,0,1,1,1,1,0,1,1,1,0,1,1,0,0,1,1,0,0,1,1,1,1,1,1,1,1,1,0,1,1,1,1,1,6,-17.027406482760668,240.001,5.252736366986751e-08,5.252736366986751e-08,25.768737474630043,25.768737474630043,22.020712534949624,22.020712534949624
1,1,0,1,1,1,1,1,0,1,1,1,1,1,1,1,0,1,0,1,1,1,1,1,0,1,1,1,1,1,1,1,1,1,1,1,1,1,1,1,0,1,1,1,1,1,1,0,1,1,1,1,0,1,1,1,0,1,1,0,0,1,1,0,0,1,1,1,1,1,1,1,1,1,0,1,1,1,1,1,7,-17.02749448155508,240.001,5.254036436779287e-08,5.254036436779287e-08,25.76757471548739,25.76757471548739,22.00663369435075,22.00663369435075
1,1,0,1,1,1,1,1,0,1,1,1,1,1,1,1,0,1,0,1,1,1,1,1,0,1,1,1,1,1,1,1,1,1,1,1,1,1,1,1,0,1,1,1,1,1,1,0,1,1,1,1,0,1,1,1,0,1,1,0,0,1,1,0,0,1,1,1,1,1,1,1,1,1,0,1,1,1,1,1,8,-17.02682159246827,240.001,5.255948305077164e-08,5.255948305077164e-08,25.76666755687395,25.76666755687395,22.11545916895899,22.11545916895899
1,1,0,1,1,1,1,1,0,1,1,1,1,1,1,1,0,1,0,1,1,1,1,1,0,1,1,1,1,1,1,1,1,1,1,1,1,1,1,1,0,1,1,1,1,1,1,0,1,1,1,1,0,1,1,1,0,1,1,0,0,1,1,0,0,1,1,1,1,1,1,1,1,1,0,1,1,1,1,1,10,-17.02719072037228,240.001,5.258393223334486e-08,5.258393223334486e-08,25.764278683797833,25.764278683797833,22.05542531026829,22.05542531026829
1,1,0,1,1,1,1,1,0,1,1,1,1,1,1,1,0,1,0,1,1,1,1,1,0,1,1,1,1,1,1,1,1,1,1,1,1,1,1,1,0,1,1,1,1,1,1,0,1,1,1,1,0,1,1,1,0,1,1,0,0,1,1,0,0,1,1,1,1,1,1,1,1,1,0,1,1,1,1,1,11,-17.028256322945108,240.001,5.258906698370246e-08,5.258906698370246e-08,25.762789019200603,25.762789019200603,21.88660687126555,21.88660687126555
1,1,0,1,1,1,1,1,0,1,1,1,1,1,1,1,0,1,0,1,1,1,1,1,0,1,1,1,1,1,1,1,1,1,1,1,1,1,1,1,0,1,1,1,1,1,1,0,1,1,1,1,0,1,1,1,0,1,1,0,0,1,1,0,0,1,1,1,1,1,1,1,1,1,0,1,1,1,1,1,12,-17.028623026041892,240.001,5.259982288747405e-08,5.259982288747405e-08,25.76153415582798,25.76153415582798,21.829987740179583,21.829987740179583
1,1,0,1,1,1,1,1,0,1,1,1,1,1,1,1,0,1,0,1,1,1,1,1,0,1,1,1,1,1,1,1,1,1,1,1,1,1,1,1,0,1,1,1,1,1,1,0,1,1,1,1,0,1,1,1,0,1,1,0,0,1,1,0,0,1,1,1,1,1,1,1,1,1,0,1,1,1,1,1,13,-17.028769882349835,240.001,5.2612346409710154e-08,5.2612346409710154e-08,25.760353408352668,25.760353408352668,21.807517122546052,21.807517122546052
1,1,0,1,1,1,1,1,0,1,1,1,1,1,1,1,0,1,0,1,1,1,1,1,0,1,1,1,1,1,1,1,1,1,1,1,1,1,1,1,0,1,1,1,1,1,1,0,1,1,1,1,0,1,1,1,0,1,1,0,0,1,1,0,0,1,1,1,1,1,1,1,1,1,0,1,1,1,1,1,14,-17.02875660555133,240.001,5.262615801746822e-08,5.262615801746822e-08,25.759226740203715,25.759226740203715,21.809543875126018,21.809543875126018
1,1,0,1,1,1,1,1,0,1,1,1,1,1,1,1,0,1,0,1,1,1,1,1,0,1,1,1,1,1,1,1,1,1,1,1,1,1,1,1,0,1,1,1,1,1,1,0,1,1,1,1,0,1,1,1,0,1,1,0,0,1,1,0,0,1,1,1,1,1,1,1,1,1,0,1,1,1,1,1,15,-17.02850858006429,240.001,5.2641859559834304e-08,5.2641859559834304e-08,25.758179197784283,25.758179197784283,21.847579657959027,21.847579657959027
1,1,0,1,1,1,1,1,0,1,1,1,1,1,1,1,0,1,0,1,1,1,1,1,0,1,1,1,1,1,1,1,1,1,1,1,1,1,1,1,0,1,1,1,1,1,1,0,1,1,1,1,0,1,1,1,0,1,1,0,0,1,1,0,0,1,1,1,1,1,1,1,1,1,0,1,1,1,1,1,16,-17.027517655369028,240.001,5.266354734844893e-08,5.266354734844893e-08,25.757381251930592,25.757381251930592,22.002933670889142,22.002933670889142
1,1,0,1,1,1,1,1,0,1,1,1,1,1,1,1,0,1,0,1,1,1,1,1,0,1,1,1,1,1,1,1,1,1,1,1,1,1,1,1,0,1,1,1,1,1,1,0,1,1,1,1,0,1,1,1,0,1,1,0,0,1,1,0,0,1,1,1,1,1,1,1,1,1,0,1,1,1,1,1,18,-17.026414861929755,240.001,5.2699852457480246e-08,5.2699852457480246e-08,25.755491144766765,25.755491144766765,22.182577962134467,22.182577962134467
1,1,0,1,1,1,1,1,0,1,1,1,1,1,1,1,0,1,0,1,1,1,1,1,0,1,1,1,1,1,1,1,1,1,1,1,1,1,1,1,0,1,1,1,1,1,1,0,1,1,1,1,0,1,1,1,0,1,1,0,0,1,1,0,0,1,1,1,1,1,1,1,1,1,0,1,1,1,1,1,20,-17.0277489506783,240.001,5.2716512243303496e-08,5.2716512243303496e-08,25.752784355843346,25.752784355843346,21.966174789889912,21.966174789889912
1,1,0,1,1,1,1,1,0,1,1,1,1,1,1,1,0,1,0,1,1,1,1,1,0,1,1,1,1,1,1,1,1,1,1,1,1,1,1,1,0,1,1,1,1,1,1,0,1,1,1,1,0,1,1,1,0,1,1,0,0,1,1,0,0,1,1,1,1,1,1,1,1,1,0,1,1,1,1,1,21,-17.028838733422077,240.001,5.272142980534204e-08,5.272142980534204e-08,25.751289468444114,25.751289468444114,21.797021795430496,21.797021795430496
1,1,0,1,1,1,1,1,0,1,1,1,1,1,1,1,0,1,0,1,1,1,1,1,0,1,1,1,1,1,1,1,1,1,1,1,1,1,1,1,0,1,1,1,1,1,1,0,1,1,1,1,0,1,1,1,0,1,1,0,0,1,1,0,0,1,1,1,1,1,1,1,1,1,0,1,1,1,1,1,22,-17.02914819138789,240.001,5.2732638915009224e-08,5.2732638915009224e-08,25.750056754590133,25.750056754590133,21.750158167764152,21.750158167764152
1,1,0,1,1,1,1,1,0,1,1,1,1,1,1,1,0,1,0,1,1,1,1,1,0,1,1,1,1,1,1,1,1,1,1,1,1,1,1,1,0,1,1,1,1,1,1,0,1,1,1,1,0,1,1,1,0,1,1,0,0,1,1,0,0,1,1,1,1,1,1,1,1,1,0,1,1,1,1,1,23,-17.029106177388872,240.001,5.274668202655998e-08,5.274668202655998e-08,25.748942362606094,25.748942362606094,21.756491279833927,21.756491279833927
1,1,0,1,1,1,1,1,0,1,1,1,1,1,1,1,0,1,0,1,1,1,1,1,0,1,1,1,1,1,1,1,1,1,1,1,1,1,1,1,0,1,1,1,1,1,1,0,1,1,1,1,0,1,1,1,0,1,1,0,0,1,1,0,0,1,1,1,1,1,1,1,1,1,0,1,1,1,1,1,24,-17.02832981091451,240.001,5.276665249372944e-08,5.276665249372944e-08,25.7480747541581,25.7480747541581,21.87520138405377,21.87520138405377
1,1,0,1,1,1,1,1,0,1,1,1,1,1,1,1,0,1,0,1,1,1,1,1,0,1,1,1,1,1,1,1,1,1,1,1,1,1,1,1,0,1,1,1,1,1,1,0,1,1,1,1,0,1,1,1,0,1,1,0,0,1,1,0,0,1,1,1,1,1,1,1,1,1,0,1,1,1,1,1,26,-17.028563867756414,240.001,5.279217466940739e-08,5.279217466940739e-08,25.7457406095117,25.7457406095117,21.83907234098582,21.83907234098582
1,1,0,1,1,1,1,1,0,1,1,1,1,1,1,1,0,1,0,1,1,1,1,1,0,1,1,1,1,1,1,1,1,1,1,1,1,1,1,1,0,1,1,1,1,1,1,0,1,1,1,1,0,1,1,1,0,1,1,0,0,1,1,0,0,1,1,1,1,1,1,1,1,1,0,1,1,1,1,1,27,-17.0296003080176,240.001,5.2797509620259496e-08,5.2797509620259496e-08,25.744265312039442,25.744265312039442,21.682581231950127,21.682581231950127
1,1,0,1,1,1,1,1,0,1,1,1,1,1,1,1,0,1,0,1,1,1,1,1,0,1,1,1,1,1,1,1,1,1,1,1,1,1,1,1,0,1,1,1,1,1,1,0,1,1,1,1,0,1,1,1,0,1,1,0,0,1,1,0,0,1,1,1,1,1,1,1,1,1,0,1,1,1,1,1,28,-17.029971680534505,240.001,5.2808213927553524e-08,5.2808213927553524e-08,25.743013528603484,25.743013528603484,21.627843760006492,21.627843760006492
1,1,0,1,1,1,1,1,0,1,1,1,1,1,1,1,0,1,0,1,1,1,1,1,0,1,1,1,1,1,1,1,1,1,1,1,1,1,1,1,0,1,1,1,1,1,1,0,1,1,1,1,0,1,1,1,0,1,1,0,0,1,1,0,0,1,1,1,1,1,1,1,1,1,0,1,1,1,1,1,29,-17.030172036944727,240.001,5.2820298205365065e-08,5.2820298205365065e-08,25.741819475493713,25.741819475493713,21.59859485998515,21.59859485998515
1,1,0,1,1,1,1,1,0,1,1,1,1,1,1,1,0,1,0,1,1,1,1,1,0,1,1,1,1,1,1,1,1,1,1,1,1,1,1,1,0,1,1,1,1,1,1,0,1,1,1,1,0,1,1,1,0,1,1,0,0,1,1,0,0,1,1,1,1,1,1,1,1,1,0,1,1,1,1,1,30,-17.030297391327515,240.001,5.283298754517026e-08,5.283298754517026e-08,25.740650914504766,25.740650914504766,21.580394074829655,21.580394074829655
1,1,0,1,1,1,1,1,0,1,1,1,1,1,1,1,0,1,0,1,1,1,1,1,0,1,1,1,1,1,1,1,1,1,1,1,1,1,1,1,0,1,1,1,1,1,1,0,1,1,1,1,0,1,1,1,0,1,1,0,0,1,1,0,0,1,1,1,1,1,1,1,1,1,0,1,1,1,1,1,31,-17.030379605262883,240.001,5.2846024897451475e-08,5.2846024897451475e-08,25.739497144344142,25.739497144344142,21.568498052856583,21.568498052856583
1,1,0,1,1,1,1,1,0,1,1,1,1,1,1,1,0,1,0,1,1,1,1,1,0,1,1,1,1,1,1,1,1,1,1,1,1,1,1,1,0,1,1,1,1,1,1,0,1,1,1,1,0,1,1,1,0,1,1,0,0,1,1,0,0,1,1,1,1,1,1,1,1,1,0,1,1,1,1,1,32,-17.030431937749544,240.001,5.285930335208099e-08,5.285930335208099e-08,25.738353710831706,25.738353710831706,21.560942575206447,21.560942575206447
1,1,0,1,1,1,1,1,0,1,1,1,1,1,1,1,0,1,0,1,1,1,1,1,0,1,1,1,1,1,1,1,1,1,1,1,1,1,1,1,0,1,1,1,1,1,1,0,1,1,1,1,0,1,1,1,0,1,1,0,0,1,1,0,0,1,1,1,1,1,1,1,1,1,0,1,1,1,1,1,33,-17.03046018773261,240.001,5.287277621056803e-08,5.287277621056803e-08,25.737218665606882,25.737218665606882,21.55686941603577,21.55686941603577
1,1,0,1,1,1,1,1,0,1,1,1,1,1,1,1,0,1,0,1,1,1,1,1,0,1,1,1,1,1,1,1,1,1,1,1,1,1,1,1,0,1,1,1,1,1,1,0,1,1,1,1,0,1,1,1,0,1,1,0,0,1,1,0,0,1,1,1,1,1,1,1,1,1,0,1,1,1,1,1,34,-17.030466138118793,240.001,5.288642920425069e-08,5.288642920425069e-08,25.736091409547587,25.736091409547587,21.556011956693112,21.556011956693112
1,1,0,1,1,1,1,1,0,1,1,1,1,1,1,1,0,1,0,1,1,1,1,1,0,1,1,1,1,1,1,1,1,1,1,1,1,1,1,1,0,1,1,1,1,1,1,0,1,1,1,1,0,1,1,1,0,1,1,0,0,1,1,0,0,1,1,1,1,1,1,1,1,1,0,1,1,1,1,1,35,-17.030448398189527,240.001,5.290027371998051e-08,5.290027371998051e-08,25.73497240985756,25.73497240985756,21.558568803112813,21.558568803112813
1,1,0,1,1,1,1,1,0,1,1,1,1,1,1,1,0,1,0,1,1,1,1,1,0,1,1,1,1,1,1,1,1,1,1,1,1,1,1,1,0,1,1,1,1,1,1,0,1,1,1,1,0,1,1,1,0,1,1,0,0,1,1,0,0,1,1,1,1,1,1,1,1,1,0,1,1,1,1,1,36,-17.03040160364004,240.001,5.291435330644932e-08,5.291435330644932e-08,25.733863468774118,25.733863468774118,21.565320457296693,21.565320457296693
1,1,0,1,1,1,1,1,0,1,1,1,1,1,1,1,0,1,0,1,1,1,1,1,0,1,1,1,1,1,1,1,1,1,1,1,1,1,1,1,0,1,1,1,1,1,1,0,1,1,1,1,0,1,1,1,0,1,1,0,0,1,1,0,0,1,1,1,1,1,1,1,1,1,0,1,1,1,1,1,37,-17.03031302573993,240.001,5.2928771164101894e-08,5.2928771164101894e-08,25.732768862392884,25.732768862392884,21.578129345779864,21.578129345779864
1,1,0,1,1,1,1,1,0,1,1,1,1,1,1,1,0,1,0,1,1,1,1,1,0,1,1,1,1,1,1,1,1,1,1,1,1,1,1,1,0,1,1,1,1,1,1,0,1,1,1,1,0,1,1,1,0,1,1,0,0,1,1,0,0,1,1,1,1,1,1,1,1,1,0,1,1,1,1,1,38,-17.03015150845928,240.001,5.294377980860556e-08,5.294377980860556e-08,25.731699055506397,25.731699055506397,21.601582718007567,21.601582718007567
1,1,0,1,1,1,1,1,0,1,1,1,1,1,1,1,0,1,0,1,1,1,1,1,0,1,1,1,1,1,1,1,1,1,1,1,1,1,1,1,0,1,1,1,1,1,1,0,1,1,1,1,0,1,1,1,0,1,1,0,0,1,1,0,0,1,1,1,1,1,1,1,1,1,0,1,1,1,1,1,39,-17.029822055479485,240.001,5.296014918247314e-08,5.296014918247314e-08,25.730685946625222,25.730685946625222,21.649814995782734,21.649814995782734
1,1,0,1,1,1,1,1,0,1,1,1,1,1,1,1,0,1,0,1,1,1,1,1,0,1,1,1,1,1,1,1,1,1,1,1,1,1,1,1,0,1,1,1,1,1,1,0,1,1,1,1,0,1,1,1,0,1,1,0,0,1,1,0,0,1,1,1,1,1,1,1,1,1,0,1,1,1,1,1,40,-17.028832227749714,240.001,5.298187188786665e-08,5.298187188786665e-08,25.729894790544922,25.729894790544922,21.798012411674996,21.798012411674996
1,1,0,1,1,1,1,1,0,1,1,1,1,1,1,1,0,1,0,1,1,1,1,1,0,1,1,1,1,1,1,1,1,1,1,1,1,1,1,1,0,1,1,1,1,1,1,0,1,1,1,1,0,1,1,1,0,1,1,0,0,1,1,0,0,1,1,1,1,1,1,1,1,1,0,1,1,1,1,1,42,-17.02871757795972,240.001,5.301020985358264e-08,5.301020985358264e-08,25.72768718715716,25.72768718715716,21.815507028395928,21.815507028395928
1,1,0,1,1,1,1,1,0,1,1,1,1,1,1,1,0,1,0,1,1,1,1,1,0,1,1,1,1,1,1,1,1,1,1,1,1,1,1,1,0,1,1,1,1,1,1,0,1,1,1,1,0,1,1,1,0,1,1,0,0,1,1,0,0,1,1,1,1,1,1,1,1,1,0,1,1,1,1,1,43,-17.02958113123476,240.001,5.301691112283043e-08,5.301691112283043e-08,25.726274656557614,25.726274656557614,21.68542643455642,21.68542643455642
1,1,0,1,1,1,1,1,0,1,1,1,1,1,1,1,0,1,0,1,1,1,1,1,0,1,1,1,1,1,1,1,1,1,1,1,1,1,1,1,0,1,1,1,1,1,1,0,1,1,1,1,0,1,1,1,0,1,1,0,0,1,1,0,0,1,1,1,1,1,1,1,1,1,0,1,1,1,1,1,44,-17.02975560041091,240.001,5.302919905059513e-08,5.302919905059513e-08,25.725093723450367,25.725093723450367,21.6596089055019,21.6596089055019
1,1,0,1,1,1,1,1,0,1,1,1,1,1,1,1,0,1,0,1,1,1,1,1,0,1,1,1,1,1,1,1,1,1,1,1,1,1,1,1,0,1,1,1,1,1,1,0,1,1,1,1,0,1,1,1,0,1,1,0,0,1,1,0,0,1,1,1,1,1,1,1,1,1,0,1,1,1,1,1,45,-17.029698939007897,240.001,5.3043360994273e-08,5.3043360994273e-08,25.723990715655944,25.723990715655944,21.667976820696065,21.667976820696065
1,1,0,1,1,1,1,1,0,1,1,1,1,1,1,1,0,1,0,1,1,1,1,1,0,1,1,1,1,1,1,1,1,1,1,1,1,1,1,1,0,1,1,1,1,1,1,0,1,1,1,1,0,1,1,1,0,1,1,0,0,1,1,0,0,1,1,1,1,1,1,1,1,1,0,1,1,1,1,1,46,-17.02940807366996,240.001,5.3059423429145e-08,5.3059423429145e-08,25.722966662271997,25.722966662271997,21.711186565234502,21.711186565234502
1,1,0,1,1,1,1,1,0,1,1,1,1,1,1,1,0,1,0,1,1,1,1,1,0,1,1,1,1,1,1,1,1,1,1,1,1,1,1,1,0,1,1,1,1,1,1,0,1,1,1,1,0,1,1,1,0,1,1,0,0,1,1,0,0,1,1,1,1,1,1,1,1,1,0,1,1,1,1,1,47,-17.02841808635001,240.001,5.308116375508977e-08,5.308116375508977e-08,25.72217755566094,25.72217755566094,21.8615400799851,21.8615400799851
1,1,0,1,1,1,1,1,0,1,1,1,1,1,1,1,0,1,0,1,1,1,1,1,0,1,1,1,1,1,1,1,1,1,1,1,1,1,1,1,0,1,1,1,1,1,1,0,1,1,1,1,0,1,1,1,0,1,1,0,0,1,1,0,0,1,1,1,1,1,1,1,1,1,0,1,1,1,1,1,49,-17.028204692248703,240.001,5.311030709159609e-08,5.311030709159609e-08,25.720007181942517,25.720007181942517,21.894637900566337,21.894637900566337
1,1,0,1,1,1,1,1,0,1,1,1,1,1,1,1,0,1,0,1,1,1,1,1,0,1,1,1,1,1,1,1,1,1,1,1,1,1,1,1,0,1,1,1,1,1,1,0,1,1,1,1,0,1,1,1,0,1,1,0,0,1,1,0,0,1,1,1,1,1,1,1,1,1,0,1,1,1,1,1,50,-17.028941133794604,240.001,5.311802816092113e-08,5.311802816092113e-08,25.718639417727353,25.718639417727353,21.781458830855964,21.781458830855964
1,1,0,1,1,1,1,1,0,1,1,1,1,1,1,1,0,1,0,1,1,1,1,1,0,1,1,1,1,1,1,1,1,1,1,1,1,1,1,1,0,1,1,1,1,1,1,0,1,1,1,1,0,1,1,1,0,1,1,0,0,1,1,0,0,1,1,1,1,1,1,1,1,1,0,1,1,1,1,1,51,-17.028845216589918,240.001,5.313251154671854e-08,5.313251154671854e-08,25.717551330674297,25.717551330674297,21.79603482920122,21.79603482920122
1,1,0,1,1,1,1,1,0,1,1,1,1,1,1,1,0,1,0,1,1,1,1,1,0,1,1,1,1,1,1,1,1,1,1,1,1,1,1,1,0,1,1,1,1,1,1,0,1,1,1,1,0,1,1,1,0,1,1,0,0,1,1,0,0,1,1,1,1,1,1,1,1,1,0,1,1,1,1,1,52,-17.027908619441018,240.001,5.3153830683157006e-08,5.3153830683157006e-08,25.716745693921066,25.716745693921066,21.940978424942095,21.940978424942095
1,1,0,1,1,1,1,1,0,1,1,1,1,1,1,1,0,1,0,1,1,1,1,1,0,1,1,1,1,1,1,1,1,1,1,1,1,1,1,1,0,1,1,1,1,1,1,0,1,1,1,1,0,1,1,1,0,1,1,0,0,1,1,0,0,1,1,1,1,1,1,1,1,1,0,1,1,1,1,1,54,-17.027598414387718,240.001,5.318376609142653e-08,5.318376609142653e-08,25.714610708681796,25.714610708681796,21.99006378931198,21.99006378931198
1,1,0,1,1,1,1,1,0,1,1,1,1,1,1,1,0,1,0,1,1,1,1,1,0,1,1,1,1,1,1,1,1,1,1,1,1,1,1,1,0,1,1,1,1,1,1,0,1,1,1,1,0,1,1,1,0,1,1,0,0,1,1,0,0,1,1,1,1,1,1,1,1,1,0,1,1,1,1,1,55,-17.02812572875543,240.001,5.3193181092916325e-08,5.3193181092916325e-08,25.713314640685965,25.713314640685965,21.90694909182088,21.90694909182088
1,1,0,1,1,1,1,1,0,1,1,1,1,1,1,1,0,1,0,1,1,1,1,1,0,1,1,1,1,1,1,1,1,1,1,1,1,1,1,1,0,1,1,1,1,1,1,0,1,1,1,1,0,1,1,1,0,1,1,0,0,1,1,0,0,1,1,1,1,1,1,1,1,1,0,1,1,1,1,1,56,-17.027283814788003,240.001,5.3213740407194234e-08,5.3213740407194234e-08,25.712478318552236,25.712478318552236,22.04041405157777,22.04041405157777
1,1,0,1,1,1,1,1,0,1,1,1,1,1,1,1,0,1,0,1,1,1,1,1,0,1,1,1,1,1,1,1,1,1,1,1,1,1,1,1,0,1,1,1,1,1,1,0,1,1,1,1,0,1,1,1,0,1,1,0,0,1,1,0,0,1,1,1,1,1,1,1,1,1,0,1,1,1,1,1,58,-17.02665786033109,240.001,5.3246253401987534e-08,5.3246253401987534e-08,25.710451593037522,25.710451593037522,22.142354437793696,22.142354437793696
1,1,0,1,1,1,1,1,0,1,1,1,1,1,1,1,0,1,0,1,1,1,1,1,0,1,1,1,1,1,1,1,1,1,1,1,1,1,1,1,0,1,1,1,1,1,1,0,1,1,1,1,0,1,1,1,0,1,1,0,0,1,1,0,0,1,1,1,1,1,1,1,1,1,0,1,1,1,1,1,59,-17.02627501340568,240.001,5.326308214958005e-08,5.326308214958005e-08,25.709462047160038,25.709462047160038,22.205896083678628,22.205896083678628
1,1,0,1,1,1,1,1,0,1,1,1,1,1,1,1,0,1,0,1,1,1,1,1,0,1,1,1,1,1,1,1,1,1,1,1,1,1,1,1,0,1,1,1,1,1,1,0,1,1,1,1,0,1,1,1,0,1,1,0,0,1,1,0,0,1,1,1,1,1,1,1,1,1,0,1,1,1,1,1,62,-17.025931408370322,240.001,5.3307013457535384e-08,5.3307013457535384e-08,25.706225074435785,25.706225074435785,22.263722403920344,22.263722403920344
1,1,0,1,1,1,1,1,0,1,1,1,1,1,1,1,0,1,0,1,1,1,1,1,0,1,1,1,1,1,1,1,1,1,1,1,1,1,1,1,0,1,1,1,1,1,1,0,1,1,1,1,0,1,1,1,0,1,1,0,0,1,1,0,0,1,1,1,1,1,1,1,1,1,0,1,1,1,1,1,63,-17.025949082275925,240.001,5.332057990599033e-08,5.332057990599033e-08,25.705102276884617,25.705102276884617,22.260729263234772,22.260729263234772
1,1,0,1,1,1,1,1,0,1,1,1,1,1,1,1,0,1,0,1,1,1,1,1,0,1,1,1,1,1,1,1,1,1,1,1,1,1,1,1,0,1,1,1,1,1,1,0,1,1,1,1,0,1,1,1,0,1,1,0,0,1,1,0,0,1,1,1,1,1,1,1,1,1,0,1,1,1,1,1,66,-17.026700646296863,240.001,5.335557758300813e-08,5.335557758300813e-08,25.70150109793353,25.70150109793353,22.135310257681024,22.135310257681024
1,1,0,1,1,1,1,1,0,1,1,1,1,1,1,1,0,1,0,1,1,1,1,1,0,1,1,1,1,1,1,1,1,1,1,1,1,1,1,1,0,1,1,1,1,1,1,0,1,1,1,1,0,1,1,1,0,1,1,0,0,1,1,0,0,1,1,1,1,1,1,1,1,1,0,1,1,1,1,1,67,-17.02799192005507,240.001,5.3358744637520465e-08,5.3358744637520465e-08,25.69995204541229,25.69995204541229,21.927890689088084,21.927890689088084
1,1,0,1,1,1,1,1,0,1,1,1,1,1,1,1,0,1,0,1,1,1,1,1,0,1,1,1,1,1,1,1,1,1,1,1,1,1,1,1,0,1,1,1,1,1,1,0,1,1,1,1,0,1,1,1,0,1,1,0,0,1,1,0,0,1,1,1,1,1,1,1,1,1,0,1,1,1,1,1,68,-17.028426336118947,240.001,5.336890492936034e-08,5.336890492936034e-08,25.698690747333895,25.698690747333895,21.860265543460326,21.860265543460326
1,1,0,1,1,1,1,1,0,1,1,1,1,1,1,1,0,1,0,1,1,1,1,1,0,1,1,1,1,1,1,1,1,1,1,1,1,1,1,1,0,1,1,1,1,1,1,0,1,1,1,1,0,1,1,1,0,1,1,0,0,1,1,0,0,1,1,1,1,1,1,1,1,1,0,1,1,1,1,1,69,-17.028596136460088,240.001,5.33812241416932e-08,5.33812241416932e-08,25.69751857519089,25.69751857519089,21.83411467976024,21.83411467976024
1,1,0,1,1,1,1,1,0,1,1,1,1,1,1,1,0,1,0,1,1,1,1,1,0,1,1,1,1,1,1,1,1,1,1,1,1,1,1,1,0,1,1,1,1,1,1,0,1,1,1,1,0,1,1,1,0,1,1,0,0,1,1,0,0,1,1,1,1,1,1,1,1,1,0,1,1,1,1,1,70,-17.028624918990353,240.001,5.339469413593091e-08,5.339469413593091e-08,25.69639405041947,25.69639405041947,21.829697362358758,21.829697362358758
1,1,0,1,1,1,1,1,0,1,1,1,1,1,1,1,0,1,0,1,1,1,1,1,0,1,1,1,1,1,1,1,1,1,1,1,1,1,1,1,0,1,1,1,1,1,1,0,1,1,1,1,0,1,1,1,0,1,1,0,0,1,1,0,0,1,1,1,1,1,1,1,1,1,0,1,1,1,1,1,71,-17.028545309323576,240.001,5.340904924608944e-08,5.340904924608944e-08,25.6953062206372,25.6953062206372,21.8419261484857,21.8419261484857
1,1,0,1,1,1,1,1,0,1,1,1,1,1,1,1,0,1,0,1,1,1,1,1,0,1,1,1,1,1,1,1,1,1,1,1,1,1,1,1,0,1,1,1,1,1,1,0,1,1,1,1,0,1,1,1,0,1,1,0,0,1,1,0,0,1,1,1,1,1,1,1,1,1,0,1,1,1,1,1,72,-17.028345210637337,240.001,5.34243890637853e-08,5.34243890637853e-08,25.694259144594277,25.694259144594277,21.87281508167997,21.87281508167997
1,1,0,1,1,1,1,1,0,1,1,1,1,1,1,1,0,1,0,1,1,1,1,1,0,1,1,1,1,1,1,1,1,1,1,1,1,1,1,1,0,1,1,1,1,1,1,0,1,1,1,1,0,1,1,1,0,1,1,0,0,1,1,0,0,1,1,1,1,1,1,1,1,1,0,1,1,1,1,1,73,-17.027937356879935,240.001,5.3441427922076826e-08,5.3441427922076826e-08,25.693282106081096,25.693282106081096,21.936458926843535,21.936458926843535
1,1,0,1,1,1,1,1,0,1,1,1,1,1,1,1,0,1,0,1,1,1,1,1,0,1,1,1,1,1,1,1,1,1,1,1,1,1,1,1,0,1,1,1,1,1,1,0,1,1,1,1,0,1,1,1,0,1,1,0,0,1,1,0,0,1,1,1,1,1,1,1,1,1,0,1,1,1,1,1,74,-17.02683026101382,240.001,5.346418849047224e-08,5.346418849047224e-08,25.692539946549754,25.692539946549754,22.11403984420558,22.11403984420558
1,1,0,1,1,1,1,1,0,1,1,1,1,1,1,1,0,1,0,1,1,1,1,1,0,1,1,1,1,1,1,1,1,1,1,1,1,1,1,1,0,1,1,1,1,1,1,0,1,1,1,1,0,1,1,1,0,1,1,0,0,1,1,0,0,1,1,1,1,1,1,1,1,1,0,1,1,1,1,1,76,-17.026345521505434,240.001,5.3495571730091344e-08,5.3495571730091344e-08,25.690476144783588,25.690476144783588,22.194124119978692,22.194124119978692
1,1,0,1,1,1,1,1,0,1,1,1,1,1,1,1,0,1,0,1,1,1,1,1,0,1,1,1,1,1,1,1,1,1,1,1,1,1,1,1,0,1,1,1,1,1,1,0,1,1,1,1,0,1,1,1,0,1,1,0,0,1,1,0,0,1,1,1,1,1,1,1,1,1,0,1,1,1,1,1,77,-17.02692487054997,240.001,5.3504537608551625e-08,5.3504537608551625e-08,25.689168977501495,25.689168977501495,22.098579064720116,22.098579064720116
1,1,0,1,1,1,1,1,0,1,1,1,1,1,1,1,0,1,0,1,1,1,1,1,0,1,1,1,1,1,1,1,1,1,1,1,1,1,1,1,0,1,1,1,1,1,1,0,1,1,1,1,0,1,1,1,0,1,1,0,0,1,1,0,0,1,1,1,1,1,1,1,1,1,0,1,1,1,1,1,78,-17.026694922337004,240.001,5.352012845462445e-08,5.352012845462445e-08,25.688133606472725,25.688133606472725,22.13625197914396,22.13625197914396
1,1,0,1,1,1,1,1,0,1,1,1,1,1,1,1,0,1,0,1,1,1,1,1,0,1,1,1,1,1,1,1,1,1,1,1,1,1,1,1,0,1,1,1,1,1,1,0,1,1,1,1,0,1,1,1,0,1,1,0,0,1,1,0,0,1,1,1,1,1,1,1,1,1,0,1,1,1,1,1,79,-17.025991689228636,240.001,5.35395970842726e-08,5.35395970842726e-08,25.687257325253544,25.687257325253544,22.253522039103366,22.253522039103366
1,1,0,1,1,1,1,1,0,1,1,1,1,1,1,1,0,1,0,1,1,1,1,1,0,1,1,1,1,1,1,1,1,1,1,1,1,1,1,1,0,1,1,1,1,1,1,0,1,1,1,1,0,1,1,1,0,1,1,0,0,1,1,0,0,1,1,1,1,1,1,1,1,1,0,1,1,1,1,1,80,-17.024261649836628,240.001,5.356748741186425e-08,5.356748741186425e-08,25.686725587900845,25.686725587900845,22.55617406846553,22.55617406846553
1,1,0,1,1,1,1,1,0,1,1,1,1,1,1,1,0,1,0,1,1,1,1,1,0,1,1,1,1,1,1,1,1,1,1,1,1,1,1,1,0,1,1,1,1,1,1,0,1,1,1,1,0,1,1,1,1,1,1,0,0,1,1,0,0,1,1,1,1,1,1,1,1,1,0,1,1,1,1,1,1,-17.023500327320043,240.001,5.249018720648936e-08,5.249018720648936e-08,25.775718455838646,25.775718455838646,22.696306927835703,22.696306927835703
1,1,0,1,1,1,1,1,0,1,1,1,1,1,1,1,0,1,0,1,1,1,1,1,0,1,1,1,1,1,1,1,1,1,1,1,1,1,1,1,0,1,1,1,1,1,1,0,1,1,1,1,0,1,1,1,1,1,1,0,0,1,1,0,0,1,1,1,1,1,1,1,1,1,0,1,1,1,1,1,2,-17.024353098749117,240.001,5.249705110404523e-08,5.249705110404523e-08,25.774297814850364,25.774297814850364,22.539640076295512,22.539640076295512
1,1,0,1,1,1,1,1,0,1,1,1,1,1,1,1,0,1,0,1,1,1,1,1,0,1,1,1,1,1,1,1,1,1,1,1,1,1,1,1,0,1,1,1,1,1,1,0,1,1,1,1,0,1,1,1,1,1,1,0,0,1,1,0,0,1,1,1,1,1,1,1,1,1,0,1,1,1,1,1,4,-17.025697727897363,240.001,5.251367508429975e-08,5.251367508429975e-08,25.77157814465361,25.77157814465361,22.303491071107644,22.303491071107644
1,1,0,1,1,1,1,1,0,1,1,1,1,1,1,1,0,1,0,1,1,1,1,1,0,1,1,1,1,1,1,1,1,1,1,1,1,1,1,1,0,1,1,1,1,1,1,0,1,1,1,1,0,1,1,1,1,1,1,0,0,1,1,0,0,1,1,1,1,1,1,1,1,1,0,1,1,1,1,1,5,-17.026973723901612,240.001,5.25171325369679e-08,5.25171325369679e-08,25.770016222519732,25.770016222519732,22.090616975583348,22.090616975583348
1,1,0,1,1,1,1,1,0,1,1,1,1,1,1,1,0,1,0,1,1,1,1,1,0,1,1,1,1,1,1,1,1,1,1,1,1,1,1,1,0,1,1,1,1,1,1,0,1,1,1,1,0,1,1,1,1,1,1,0,0,1,1,0,0,1,1,1,1,1,1,1,1,1,0,1,1,1,1,1,6,-17.02744250290376,240.001,5.252707458947591e-08,5.252707458947591e-08,25.76872535562259,25.76872535562259,22.01494422366302,22.01494422366302
1,1,0,1,1,1,1,1,0,1,1,1,1,1,1,1,0,1,0,1,1,1,1,1,0,1,1,1,1,1,1,1,1,1,1,1,1,1,1,1,0,1,1,1,1,1,1,0,1,1,1,1,0,1,1,1,1,1,1,0,0,1,1,0,0,1,1,1,1,1,1,1,1,1,0,1,1,1,1,1,7,-17.027531221406857,240.001,5.254006944031155e-08,5.254006944031155e-08,25.767562354175574,25.767562354175574,22.000769116004257,22.000769116004257
1,1,0,1,1,1,1,1,0,1,1,1,1,1,1,1,0,1,0,1,1,1,1,1,0,1,1,1,1,1,1,1,1,1,1,1,1,1,1,1,0,1,1,1,1,1,1,0,1,1,1,1,0,1,1,1,1,1,1,0,0,1,1,0,0,1,1,1,1,1,1,1,1,1,0,1,1,1,1,1,8,-17.026859092384818,240.001,5.2559181884595354e-08,5.2559181884595354e-08,25.766654942130486,25.766654942130486,22.109322518543046,22.109322518543046
1,1,0,1,1,1,1,1,0,1,1,1,1,1,1,1,0,1,0,1,1,1,1,1,0,1,1,1,1,1,1,1,1,1,1,1,1,1,1,1,0,1,1,1,1,1,1,0,1,1,1,1,0,1,1,1,1,1,1,0,0,1,1,0,0,1,1,1,1,1,1,1,1,1,0,1,1,1,1,1,10,-17.027229811244812,240.001,5.2583618157053666e-08,5.2583618157053666e-08,25.764265532789764,25.764265532789764,22.04911571642493,22.04911571642493
1,1,0,1,1,1,1,1,0,1,1,1,1,1,1,1,0,1,0,1,1,1,1,1,0,1,1,1,1,1,1,1,1,1,1,1,1,1,1,1,0,1,1,1,1,1,1,0,1,1,1,1,0,1,1,1,1,1,1,0,0,1,1,0,0,1,1,1,1,1,1,1,1,1,0,1,1,1,1,1,11,-17.02829624792178,240.001,5.258874621705095e-08,5.258874621705095e-08,25.7627755840667,25.7627755840667,21.88040673915697,21.88040673915697
1,1,0,1,1,1,1,1,0,1,1,1,1,1,1,1,0,1,0,1,1,1,1,1,0,1,1,1,1,1,1,1,1,1,1,1,1,1,1,1,0,1,1,1,1,1,1,0,1,1,1,1,0,1,1,1,1,1,1,0,0,1,1,0,0,1,1,1,1,1,1,1,1,1,0,1,1,1,1,1,12,-17.028663833173546,240.001,5.259949498012553e-08,5.259949498012553e-08,25.761520422703065,25.761520422703065,21.82373220642441,21.82373220642441
1,1,0,1,1,1,1,1,0,1,1,1,1,1,1,1,0,1,0,1,1,1,1,1,0,1,1,1,1,1,1,1,1,1,1,1,1,1,1,1,0,1,1,1,1,1,1,0,1,1,1,1,0,1,1,1,1,1,1,0,0,1,1,0,0,1,1,1,1,1,1,1,1,1,0,1,1,1,1,1,13,-17.0288116152766,240.001,5.2612010987776244e-08,5.2612010987776244e-08,25.760339363291827,25.760339363291827,21.801152548216756,21.801152548216756
1,1,0,1,1,1,1,1,0,1,1,1,1,1,1,1,0,1,0,1,1,1,1,1,0,1,1,1,1,1,1,1,1,1,1,1,1,1,1,1,0,1,1,1,1,1,1,0,1,1,1,1,0,1,1,1,1,1,1,0,0,1,1,0,0,1,1,1,1,1,1,1,1,1,0,1,1,1,1,1,14,-17.028799309979007,240.001,5.262581469460436e-08,5.262581469460436e-08,25.759212368399442,25.759212368399442,21.803028232343426,21.803028232343426
1,1,0,1,1,1,1,1,0,1,1,1,1,1,1,1,0,1,0,1,1,1,1,1,0,1,1,1,1,1,1,1,1,1,1,1,1,1,1,1,0,1,1,1,1,1,1,0,1,1,1,1,0,1,1,1,1,1,1,0,0,1,1,0,0,1,1,1,1,1,1,1,1,1,0,1,1,1,1,1,15,-17.02855230621904,240.001,5.264150790455224e-08,5.264150790455224e-08,25.758164483229788,25.758164483229788,21.840849987925168,21.840849987925168
1,1,0,1,1,1,1,1,0,1,1,1,1,1,1,1,0,1,0,1,1,1,1,1,0,1,1,1,1,1,1,1,1,1,1,1,1,1,1,1,0,1,1,1,1,1,1,0,1,1,1,1,0,1,1,1,1,1,1,0,0,1,1,0,0,1,1,1,1,1,1,1,1,1,0,1,1,1,1,1,16,-17.027562465911416,240.001,5.266318677535149e-08,5.266318677535149e-08,25.757366176461232,25.757366176461232,21.99578791399579,21.99578791399579
1,1,0,1,1,1,1,1,0,1,1,1,1,1,1,1,0,1,0,1,1,1,1,1,0,1,1,1,1,1,1,1,1,1,1,1,1,1,1,1,0,1,1,1,1,1,1,0,1,1,1,1,0,1,1,1,1,1,1,0,0,1,1,0,0,1,1,1,1,1,1,1,1,1,0,1,1,1,1,1,18,-17.026461991556047,240.001,5.269947290511381e-08,5.269947290511381e-08,25.755475293803364,25.755475293803364,22.17474759620806,22.17474759620806
1,1,0,1,1,1,1,1,0,1,1,1,1,1,1,1,0,1,0,1,1,1,1,1,0,1,1,1,1,1,1,1,1,1,1,1,1,1,1,1,0,1,1,1,1,1,1,0,1,1,1,1,0,1,1,1,1,1,1,0,0,1,1,0,0,1,1,1,1,1,1,1,1,1,0,1,1,1,1,1,20,-17.02779860367971,240.001,5.271611230875764e-08,5.271611230875764e-08,25.75276765077757,25.75276765077757,21.958323775875634,21.958323775875634
1,1,0,1,1,1,1,1,0,1,1,1,1,1,1,1,0,1,0,1,1,1,1,1,0,1,1,1,1,1,1,1,1,1,1,1,1,1,1,1,0,1,1,1,1,1,1,0,1,1,1,1,0,1,1,1,1,1,1,0,0,1,1,0,0,1,1,1,1,1,1,1,1,1,0,1,1,1,1,1,21,-17.028889745409113,240.001,5.2721018941593024e-08,5.2721018941593024e-08,25.75127230162306,25.75127230162306,21.78926199063872,21.78926199063872
1,1,0,1,1,1,1,1,0,1,1,1,1,1,1,1,0,1,0,1,1,1,1,1,0,1,1,1,1,1,1,1,1,1,1,1,1,1,1,1,0,1,1,1,1,1,1,0,1,1,1,1,0,1,1,1,1,1,1,0,0,1,1,0,0,1,1,1,1,1,1,1,1,1,0,1,1,1,1,1,22,-17.029200655788497,240.001,5.2732216277265106e-08,5.2732216277265106e-08,25.750039097849346,25.750039097849346,21.742262640483236,21.742262640483236
1,1,0,1,1,1,1,1,0,1,1,1,1,1,1,1,0,1,0,1,1,1,1,1,0,1,1,1,1,1,1,1,1,1,1,1,1,1,1,1,0,1,1,1,1,1,1,0,1,1,1,1,0,1,1,1,1,1,1,0,0,1,1,0,0,1,1,1,1,1,1,1,1,1,0,1,1,1,1,1,23,-17.029160186972824,240.001,5.274624681987214e-08,5.274624681987214e-08,25.74892418629838,25.74892418629838,21.748351657901487,21.748351657901487
1,1,0,1,1,1,1,1,0,1,1,1,1,1,1,1,0,1,0,1,1,1,1,1,0,1,1,1,1,1,1,1,1,1,1,1,1,1,1,1,0,1,1,1,1,1,1,0,1,1,1,1,0,1,1,1,1,1,1,0,0,1,1,0,0,1,1,1,1,1,1,1,1,1,0,1,1,1,1,1,24,-17.028385475089372,240.001,5.276620373606161e-08,5.276620373606161e-08,25.74805602501671,25.74805602501671,21.86658195229728,21.86658195229728
1,1,0,1,1,1,1,1,0,1,1,1,1,1,1,1,0,1,0,1,1,1,1,1,0,1,1,1,1,1,1,1,1,1,1,1,1,1,1,1,0,1,1,1,1,1,1,0,1,1,1,1,0,1,1,1,1,1,1,0,0,1,1,0,0,1,1,1,1,1,1,1,1,1,0,1,1,1,1,1,26,-17.028623119736984,240.001,5.279169676614345e-08,5.279169676614345e-08,25.74572067239004,25.74572067239004,21.829973366922566,21.829973366922566
1,1,0,1,1,1,1,1,0,1,1,1,1,1,1,1,0,1,0,1,1,1,1,1,0,1,1,1,1,1,1,1,1,1,1,1,1,1,1,1,0,1,1,1,1,1,1,0,1,1,1,1,0,1,1,1,1,1,1,0,0,1,1,0,0,1,1,1,1,1,1,1,1,1,0,1,1,1,1,1,27,-17.02966151231678,240.001,5.279701598266924e-08,5.279701598266924e-08,25.744244712891017,25.744244712891017,21.673512895018035,21.673512895018035
1,1,0,1,1,1,1,1,0,1,1,1,1,1,1,1,0,1,0,1,1,1,1,1,0,1,1,1,1,1,1,1,1,1,1,1,1,1,1,1,0,1,1,1,1,1,1,0,1,1,1,1,0,1,1,1,1,1,1,0,0,1,1,0,0,1,1,1,1,1,1,1,1,1,0,1,1,1,1,1,28,-17.030034988045177,240.001,5.2807703243369023e-08,5.2807703243369023e-08,25.742992219937165,25.742992219937165,21.6185806950242,21.6185806950242
1,1,0,1,1,1,1,1,0,1,1,1,1,1,1,1,0,1,0,1,1,1,1,1,0,1,1,1,1,1,1,1,1,1,1,1,1,1,1,1,0,1,1,1,1,1,1,0,1,1,1,1,0,1,1,1,1,1,1,0,0,1,1,0,0,1,1,1,1,1,1,1,1,1,0,1,1,1,1,1,29,-17.030237602280298,240.001,5.281976919592334e-08,5.281976919592334e-08,25.741797406132175,25.741797406132175,21.589065676048918,21.589065676048918
1,1,0,1,1,1,1,1,0,1,1,1,1,1,1,1,0,1,0,1,1,1,1,1,0,1,1,1,1,1,1,1,1,1,1,1,1,1,1,1,0,1,1,1,1,1,1,0,1,1,1,1,0,1,1,1,1,1,1,0,0,1,1,0,0,1,1,1,1,1,1,1,1,1,0,1,1,1,1,1,30,-17.0303653837794,240.001,5.283243882475471e-08,5.283243882475471e-08,25.740628027865963,25.740628027865963,21.57055353034972,21.57055353034972
1,1,0,1,1,1,1,1,0,1,1,1,1,1,1,1,0,1,0,1,1,1,1,1,0,1,1,1,1,1,1,1,1,1,1,1,1,1,1,1,0,1,1,1,1,1,1,0,1,1,1,1,0,1,1,1,1,1,1,0,0,1,1,0,0,1,1,1,1,1,1,1,1,1,0,1,1,1,1,1,31,-17.03045021280033,240.001,5.284545493245757e-08,5.284545493245757e-08,25.739473377413358,25.739473377413358,21.558307195593752,21.558307195593752
1,1,0,1,1,1,1,1,0,1,1,1,1,1,1,1,0,1,0,1,1,1,1,1,0,1,1,1,1,1,1,1,1,1,1,1,1,1,1,1,0,1,1,1,1,1,1,0,1,1,1,1,0,1,1,1,1,1,1,0,0,1,1,0,0,1,1,1,1,1,1,1,1,1,0,1,1,1,1,1,32,-17.030505370534133,240.001,5.285871042999982e-08,5.285871042999982e-08,25.73832899307284,25.73832899307284,21.550362712803235,21.550362712803235
1,1,0,1,1,1,1,1,0,1,1,1,1,1,1,1,0,1,0,1,1,1,1,1,0,1,1,1,1,1,1,1,1,1,1,1,1,1,1,1,0,1,1,1,1,1,1,0,1,1,1,1,0,1,1,1,1,1,1,0,0,1,1,0,0,1,1,1,1,1,1,1,1,1,0,1,1,1,1,1,33,-17.030536682037724,240.001,5.287215840708703e-08,5.287215840708703e-08,25.73719291768384,25.73719291768384,21.54585926529338,21.54585926529338
1,1,0,1,1,1,1,1,0,1,1,1,1,1,1,1,0,1,0,1,1,1,1,1,0,1,1,1,1,1,1,1,1,1,1,1,1,1,1,1,0,1,1,1,1,1,1,0,1,1,1,1,0,1,1,1,1,1,1,0,0,1,1,0,0,1,1,1,1,1,1,1,1,1,0,1,1,1,1,1,34,-17.0305459609959,240.001,5.288578434467553e-08,5.288578434467553e-08,25.73606454177952,25.73606454177952,21.544525588512048,21.544525588512048
1,1,0,1,1,1,1,1,0,1,1,1,1,1,1,1,0,1,0,1,1,1,1,1,0,1,1,1,1,1,1,1,1,1,1,1,1,1,1,1,0,1,1,1,1,1,1,0,1,1,1,1,0,1,1,1,1,1,1,0,0,1,1,0,0,1,1,1,1,1,1,1,1,1,0,1,1,1,1,1,35,-17.030531853168483,240.001,5.289959933226151e-08,5.289959933226151e-08,25.734944320325948,25.734944320325948,21.54655348591352,21.54655348591352
1,1,0,1,1,1,1,1,0,1,1,1,1,1,1,1,0,1,0,1,1,1,1,1,0,1,1,1,1,1,1,1,1,1,1,1,1,1,1,1,0,1,1,1,1,1,1,0,1,1,1,1,0,1,1,1,1,1,1,0,0,1,1,0,0,1,1,1,1,1,1,1,1,1,0,1,1,1,1,1,36,-17.03048903781412,240.001,5.2913646562637856e-08,5.2913646562637856e-08,25.73383404097601,25.73383404097601,21.552713644708845,21.552713644708845
1,1,0,1,1,1,1,1,0,1,1,1,1,1,1,1,0,1,0,1,1,1,1,1,0,1,1,1,1,1,1,1,1,1,1,1,1,1,1,1,0,1,1,1,1,1,1,0,1,1,1,1,0,1,1,1,1,1,1,0,0,1,1,0,0,1,1,1,1,1,1,1,1,1,0,1,1,1,1,1,37,-17.030404838742758,240.001,5.292802880548099e-08,5.292802880548099e-08,25.73273796229367,25.73273796229367,21.564853351682576,21.564853351682576
1,1,0,1,1,1,1,1,0,1,1,1,1,1,1,1,0,1,0,1,1,1,1,1,0,1,1,1,1,1,1,1,1,1,1,1,1,1,1,1,0,1,1,1,1,1,1,0,1,1,1,1,0,1,1,1,1,1,1,0,0,1,1,0,0,1,1,1,1,1,1,1,1,1,0,1,1,1,1,1,38,-17.03024816421658,240.001,5.294299804532954e-08,5.294299804532954e-08,25.731666527770333,25.731666527770333,21.58753255748998,21.58753255748998
1,1,0,1,1,1,1,1,0,1,1,1,1,1,1,1,0,1,0,1,1,1,1,1,0,1,1,1,1,1,1,1,1,1,1,1,1,1,1,1,0,1,1,1,1,1,1,0,1,1,1,1,0,1,1,1,1,1,1,0,0,1,1,0,0,1,1,1,1,1,1,1,1,1,0,1,1,1,1,1,39,-17.02992409901004,240.001,5.2959323540267715e-08,5.2959323540267715e-08,25.730651609597473,25.730651609597473,21.634818760145713,21.634818760145713
1,1,0,1,1,1,1,1,0,1,1,1,1,1,1,1,0,1,0,1,1,1,1,1,0,1,1,1,1,1,1,1,1,1,1,1,1,1,1,1,0,1,1,1,1,1,1,0,1,1,1,1,0,1,1,1,1,1,1,0,0,1,1,0,0,1,1,1,1,1,1,1,1,1,0,1,1,1,1,1,40,-17.028940320794437,240.001,5.298099681457555e-08,5.298099681457555e-08,25.72985842819346,25.72985842819346,21.7815821739274,21.7815821739274
1,1,0,1,1,1,1,1,0,1,1,1,1,1,1,1,0,1,0,1,1,1,1,1,0,1,1,1,1,1,1,1,1,1,1,1,1,1,1,1,0,1,1,1,1,1,1,0,1,1,1,1,0,1,1,1,1,1,1,0,0,1,1,0,0,1,1,1,1,1,1,1,1,1,0,1,1,1,1,1,42,-17.02884009933657,240.001,5.3009217409502527e-08,5.3009217409502527e-08,25.72764597408365,25.72764597408365,21.796813836662558,21.796813836662558
1,1,0,1,1,1,1,1,0,1,1,1,1,1,1,1,0,1,0,1,1,1,1,1,0,1,1,1,1,1,1,1,1,1,1,1,1,1,1,1,0,1,1,1,1,1,1,0,1,1,1,1,0,1,1,1,1,1,1,0,0,1,1,0,0,1,1,1,1,1,1,1,1,1,0,1,1,1,1,1,43,-17.029712369864068,240.001,5.301584803275782e-08,5.301584803275782e-08,25.726230503118956,25.726230503118956,21.665991865564727,21.665991865564727
1,1,0,1,1,1,1,1,0,1,1,1,1,1,1,1,0,1,0,1,1,1,1,1,0,1,1,1,1,1,1,1,1,1,1,1,1,1,1,1,0,1,1,1,1,1,1,0,1,1,1,1,0,1,1,1,1,1,1,0,0,1,1,0,0,1,1,1,1,1,1,1,1,1,0,1,1,1,1,1,44,-17.029896935929326,240.001,5.30280539095873e-08,5.30280539095873e-08,25.725046172827717,25.725046172827717,21.638805604478396,21.638805604478396
1,1,0,1,1,1,1,1,0,1,1,1,1,1,1,1,0,1,0,1,1,1,1,1,0,1,1,1,1,1,1,1,1,1,1,1,1,1,1,1,0,1,1,1,1,1,1,0,1,1,1,1,0,1,1,1,1,1,1,0,0,1,1,0,0,1,1,1,1,1,1,1,1,1,0,1,1,1,1,1,45,-17.02985206933636,240.001,5.30421199218218e-08,5.30421199218218e-08,25.72393919978265,25.72393919978265,21.645398842017553,21.645398842017553
1,1,0,1,1,1,1,1,0,1,1,1,1,1,1,1,0,1,0,1,1,1,1,1,0,1,1,1,1,1,1,1,1,1,1,1,1,1,1,1,0,1,1,1,1,1,1,0,1,1,1,1,0,1,1,1,1,1,1,0,0,1,1,0,0,1,1,1,1,1,1,1,1,1,0,1,1,1,1,1,46,-17.029575160466933,240.001,5.305806875195131e-08,5.305806875195131e-08,25.72291045801058,25.72291045801058,21.686312677832614,21.686312677832614
1,1,0,1,1,1,1,1,0,1,1,1,1,1,1,1,0,1,0,1,1,1,1,1,0,1,1,1,1,1,1,1,1,1,1,1,1,1,1,1,0,1,1,1,1,1,1,0,1,1,1,1,0,1,1,1,1,1,1,0,0,1,1,0,0,1,1,1,1,1,1,1,1,1,0,1,1,1,1,1,47,-17.028601973430625,240.001,5.3079672027927475e-08,5.3079672027927475e-08,25.72211571902772,25.72211571902772,21.83321850632735,21.83321850632735
1,1,0,1,1,1,1,1,0,1,1,1,1,1,1,1,0,1,0,1,1,1,1,1,0,1,1,1,1,1,1,1,1,1,1,1,1,1,1,1,0,1,1,1,1,1,1,0,1,1,1,1,0,1,1,1,1,1,1,0,0,1,1,0,0,1,1,1,1,1,1,1,1,1,0,1,1,1,1,1,49,-17.02843462668939,240.001,5.310844067571059e-08,5.310844067571059e-08,25.71992987105222,25.71992987105222,21.85898507763708,21.85898507763708
1,1,0,1,1,1,1,1,0,1,1,1,1,1,1,1,0,1,0,1,1,1,1,1,0,1,1,1,1,1,1,1,1,1,1,1,1,1,1,1,0,1,1,1,1,1,1,0,1,1,1,1,0,1,1,1,1,1,1,0,0,1,1,0,0,1,1,1,1,1,1,1,1,1,0,1,1,1,1,1,50,-17.029203899401136,240.001,5.311589506792332e-08,5.311589506792332e-08,25.71855105790201,25.71855105790201,21.741774967056283,21.741774967056283
1,1,0,1,1,1,1,1,0,1,1,1,1,1,1,1,0,1,0,1,1,1,1,1,0,1,1,1,1,1,1,1,1,1,1,1,1,1,1,1,0,1,1,1,1,1,1,0,1,1,1,1,0,1,1,1,1,1,1,0,0,1,1,0,0,1,1,1,1,1,1,1,1,1,0,1,1,1,1,1,51,-17.02915187838645,240.001,5.313002130223775e-08,5.313002130223775e-08,25.717448221232075,25.717448221232075,21.749602834074587,21.749602834074587
1,1,0,1,1,1,1,1,0,1,1,1,1,1,1,1,0,1,0,1,1,1,1,1,0,1,1,1,1,1,1,1,1,1,1,1,1,1,1,1,0,1,1,1,1,1,1,0,1,1,1,1,0,1,1,1,1,1,1,0,0,1,1,0,0,1,1,1,1,1,1,1,1,1,0,1,1,1,1,1,52,-17.0282769044508,240.001,5.3150838326207375e-08,5.3150838326207375e-08,25.716621906942002,25.716621906942002,21.883409576935403,21.883409576935403
1,1,0,1,1,1,1,1,0,1,1,1,1,1,1,1,0,1,0,1,1,1,1,1,0,1,1,1,1,1,1,1,1,1,1,1,1,1,1,1,0,1,1,1,1,1,1,0,1,1,1,1,0,1,1,1,1,1,1,0,0,1,1,0,0,1,1,1,1,1,1,1,1,1,0,1,1,1,1,1,54,-17.028213457810015,240.001,5.317876541326902e-08,5.317876541326902e-08,25.71440403593298,25.71440403593298,21.893273398484524,21.893273398484524
1,1,0,1,1,1,1,1,0,1,1,1,1,1,1,1,0,1,0,1,1,1,1,1,0,1,1,1,1,1,1,1,1,1,1,1,1,1,1,1,0,1,1,1,1,1,1,0,1,1,1,1,0,1,1,1,1,1,1,0,0,1,1,0,0,1,1,1,1,1,1,1,1,1,0,1,1,1,1,1,55,-17.02905131879309,240.001,5.3185654012478906e-08,5.3185654012478906e-08,25.713003640853405,25.713003640853405,21.764774396523254,21.764774396523254
1,1,0,1,1,1,1,1,0,1,1,1,1,1,1,1,0,1,0,1,1,1,1,1,0,1,1,1,1,1,1,1,1,1,1,1,1,1,1,1,0,1,1,1,1,1,1,0,1,1,1,1,0,1,1,1,1,1,1,0,0,1,1,0,0,1,1,1,1,1,1,1,1,1,0,1,1,1,1,1,56,-17.029167812284477,240.001,5.3198410113480375e-08,5.3198410113480375e-08,25.711845655979335,25.711845655979335,21.74720368994801,21.74720368994801
1,1,0,1,1,1,1,1,0,1,1,1,1,1,1,1,0,1,0,1,1,1,1,1,0,1,1,1,1,1,1,1,1,1,1,1,1,1,1,1,0,1,1,1,1,1,1,0,1,1,1,1,0,1,1,1,1,1,1,0,0,1,1,0,0,1,1,1,1,1,1,1,1,1,0,1,1,1,1,1,57,-17.029009756227296,240.001,5.321339992940944e-08,5.321339992940944e-08,25.71078016469094,25.71078016469094,21.77106040708219,21.77106040708219
1,1,0,1,1,1,1,1,0,1,1,1,1,1,1,1,0,1,0,1,1,1,1,1,0,1,1,1,1,1,1,1,1,1,1,1,1,1,1,1,0,1,1,1,1,1,1,0,1,1,1,1,0,1,1,1,1,1,1,0,0,1,1,0,0,1,1,1,1,1,1,1,1,1,0,1,1,1,1,1,58,-17.028542178273106,240.001,5.323091025680554e-08,5.323091025680554e-08,25.709818894335676,25.709818894335676,21.842407806888172,21.842407806888172
1,1,0,1,1,1,1,1,0,1,1,1,1,1,1,1,0,1,0,1,1,1,1,1,0,1,1,1,1,1,1,1,1,1,1,1,1,1,1,1,0,1,1,1,1,1,1,0,1,1,1,1,0,1,1,1,1,1,1,0,0,1,1,0,0,1,1,1,1,1,1,1,1,1,0,1,1,1,1,1,59,-17.02720115119699,240.001,5.3255539217761906e-08,5.3255539217761906e-08,25.709150985611622,25.709150985611622,22.053740796583682,22.053740796583682
1,1,0,1,1,1,1,1,0,1,1,1,1,1,1,1,0,1,0,1,1,1,1,1,0,1,1,1,1,1,1,1,1,1,1,1,1,1,1,1,0,1,1,1,1,1,1,0,1,1,1,1,0,1,1,1,1,1,1,0,0,1,1,0,0,1,1,1,1,1,1,1,1,1,0,1,1,1,1,1,62,-17.026299968505715,240.001,5.330400948065353e-08,5.330400948065353e-08,25.706101256457057,25.706101256457057,22.20172597714019,22.20172597714019
1,1,0,1,1,1,1,1,0,1,1,1,1,1,1,1,0,1,0,1,1,1,1,1,0,1,1,1,1,1,1,1,1,1,1,1,1,1,1,1,0,1,1,1,1,1,1,0,1,1,1,1,0,1,1,1,1,1,1,0,0,1,1,0,0,1,1,1,1,1,1,1,1,1,0,1,1,1,1,1,63,-17.026256075183355,240.001,5.331807724007151e-08,5.331807724007151e-08,25.704999130129767,25.704999130129767,22.20906340212259,22.20906340212259
1,1,0,1,1,1,1,1,0,1,1,1,1,1,1,1,0,1,0,1,1,1,1,1,0,1,1,1,1,1,1,1,1,1,1,1,1,1,1,1,0,1,1,1,1,1,1,0,1,1,1,1,0,1,1,1,1,1,1,0,0,1,1,0,0,1,1,1,1,1,1,1,1,1,0,1,1,1,1,1,66,-17.026905131169944,240.001,5.3353909763960856e-08,5.3353909763960856e-08,25.70143236942609,25.70143236942609,22.101800296435833,22.101800296435833
1,1,0,1,1,1,1,1,0,1,1,1,1,1,1,1,0,1,0,1,1,1,1,1,0,1,1,1,1,1,1,1,1,1,1,1,1,1,1,1,0,1,1,1,1,1,1,0,1,1,1,1,0,1,1,1,1,1,1,0,0,1,1,0,0,1,1,1,1,1,1,1,1,1,0,1,1,1,1,1,67,-17.028175837117637,240.001,5.335724478289235e-08,5.335724478289235e-08,25.699890205386573,25.699890205386573,21.89913268209526,21.89913268209526
1,1,0,1,1,1,1,1,0,1,1,1,1,1,1,1,0,1,0,1,1,1,1,1,0,1,1,1,1,1,1,1,1,1,1,1,1,1,1,1,0,1,1,1,1,1,1,0,1,1,1,1,0,1,1,1,1,1,1,0,0,1,1,0,0,1,1,1,1,1,1,1,1,1,0,1,1,1,1,1,68,-17.028593484095754,240.001,5.336754168378897e-08,5.336754168378897e-08,25.698634536164136,25.698634536164136,21.83452196858308,21.83452196858308
1,1,0,1,1,1,1,1,0,1,1,1,1,1,1,1,0,1,0,1,1,1,1,1,0,1,1,1,1,1,1,1,1,1,1,1,1,1,1,1,0,1,1,1,1,1,1,0,1,1,1,1,0,1,1,1,1,1,1,0,0,1,1,0,0,1,1,1,1,1,1,1,1,1,0,1,1,1,1,1,69,-17.02874932847218,240.001,5.3379974491609244e-08,5.3379974491609244e-08,25.697467052351257,25.697467052351257,21.810655147057368,21.810655147057368
1,1,0,1,1,1,1,1,0,1,1,1,1,1,1,1,0,1,0,1,1,1,1,1,0,1,1,1,1,1,1,1,1,1,1,1,1,1,1,1,0,1,1,1,1,1,1,0,1,1,1,1,0,1,1,1,1,1,1,0,0,1,1,0,0,1,1,1,1,1,1,1,1,1,0,1,1,1,1,1,70,-17.028766311671117,240.001,5.339354047883971e-08,5.339354047883971e-08,25.696346493339707,25.696346493339707,21.808062107541648,21.808062107541648
1,1,0,1,1,1,1,1,0,1,1,1,1,1,1,1,0,1,0,1,1,1,1,1,0,1,1,1,1,1,1,1,1,1,1,1,1,1,1,1,0,1,1,1,1,1,1,0,1,1,1,1,0,1,1,1,1,1,1,0,0,1,1,0,0,1,1,1,1,1,1,1,1,1,0,1,1,1,1,1,71,-17.028676595149534,240.001,5.340797777808214e-08,5.340797777808214e-08,25.695262061865062,25.695262061865062,21.821777693998126,21.821777693998126
1,1,0,1,1,1,1,1,0,1,1,1,1,1,1,1,0,1,0,1,1,1,1,1,0,1,1,1,1,1,1,1,1,1,1,1,1,1,1,1,0,1,1,1,1,1,1,0,1,1,1,1,0,1,1,1,1,1,1,0,0,1,1,0,0,1,1,1,1,1,1,1,1,1,0,1,1,1,1,1,72,-17.028467743907733,240.001,5.3423388735902204e-08,5.3423388735902204e-08,25.694217930166197,25.694217930166197,21.853873912717443,21.853873912717443
1,1,0,1,1,1,1,1,0,1,1,1,1,1,1,1,0,1,0,1,1,1,1,1,0,1,1,1,1,1,1,1,1,1,1,1,1,1,1,1,0,1,1,1,1,1,1,0,1,1,1,1,0,1,1,1,1,1,1,0,0,1,1,0,0,1,1,1,1,1,1,1,1,1,0,1,1,1,1,1,73,-17.028052241638733,240.001,5.344048970401121e-08,5.344048970401121e-08,25.69324346675984,25.69324346675984,21.91843769738904,21.91843769738904
1,1,0,1,1,1,1,1,0,1,1,1,1,1,1,1,0,1,0,1,1,1,1,1,0,1,1,1,1,1,1,1,1,1,1,1,1,1,1,1,0,1,1,1,1,1,1,0,1,1,1,1,0,1,1,1,1,1,1,0,0,1,1,0,0,1,1,1,1,1,1,1,1,1,0,1,1,1,1,1,74,-17.026938426763152,240.001,5.346330465705686e-08,5.346330465705686e-08,25.69250357598872,25.69250357598872,22.096368226751004,22.096368226751004
1,1,0,1,1,1,1,1,0,1,1,1,1,1,1,1,0,1,0,1,1,1,1,1,0,1,1,1,1,1,1,1,1,1,1,1,1,1,1,1,0,1,1,1,1,1,1,0,1,1,1,1,0,1,1,1,1,1,1,0,0,1,1,0,0,1,1,1,1,1,1,1,1,1,0,1,1,1,1,1,76,-17.02644231129661,240.001,5.34947803544256e-08,5.34947803544256e-08,25.690443601922727,25.690443601922727,22.178015672508778,22.178015672508778
1,1,0,1,1,1,1,1,0,1,1,1,1,1,1,1,0,1,0,1,1,1,1,1,0,1,1,1,1,1,1,1,1,1,1,1,1,1,1,1,0,1,1,1,1,1,1,0,1,1,1,1,0,1,1,1,1,1,1,0,0,1,1,0,0,1,1,1,1,1,1,1,1,1,0,1,1,1,1,1,77,-17.02701679556547,240.001,5.3503785950294054e-08,5.3503785950294054e-08,25.689138064755454,25.689138064755454,22.083609195953567,22.083609195953567
1,1,0,1,1,1,1,1,0,1,1,1,1,1,1,1,0,1,0,1,1,1,1,1,0,1,1,1,1,1,1,1,1,1,1,1,1,1,1,1,0,1,1,1,1,1,1,0,1,1,1,1,0,1,1,1,1,1,1,0,0,1,1,0,0,1,1,1,1,1,1,1,1,1,0,1,1,1,1,1,78,-17.026782473425538,240.001,5.3519412341747754e-08,5.3519412341747754e-08,25.68810416547481,25.68810416547481,22.121869977989526,22.121869977989526
1,1,0,1,1,1,1,1,0,1,1,1,1,1,1,1,0,1,0,1,1,1,1,1,0,1,1,1,1,1,1,1,1,1,1,1,1,1,1,1,0,1,1,1,1,1,1,0,1,1,1,1,0,1,1,1,1,1,1,0,0,1,1,0,0,1,1,1,1,1,1,1,1,1,0,1,1,1,1,1,79,-17.026075279459924,240.001,5.3538913067107644e-08,5.3538913067107644e-08,25.68722922045623,25.68722922045623,22.239416697081165,22.239416697081165
1,1,0,1,1,1,1,1,0,1,1,1,1,1,1,1,0,1,0,1,1,1,1,1,0,1,1,1,1,1,1,1,1,1,1,1,1,1,1,1,0,1,1,1,1,1,1,0,1,1,1,1,0,1,1,1,1,1,1,0,0,1,1,0,0,1,1,1,1,1,1,1,1,1,0,1,1,1,1,1,80,-17.02434165539032,240.001,5.356683224889817e-08,5.356683224889817e-08,25.68669869952974,25.68669869952974,22.541705615933157,22.541705615933157
1,1,0,1,1,1,1,1,0,1,1,1,1,1,1,1,0,1,0,1,1,1,1,1,0,1,1,1,1,1,1,1,1,1,1,1,1,1,1,1,0,1,1,1,1,1,1,0,1,1,1,1,0,1,1,1,1,1,1,0,0,1,1,0,1,1,1,1,1,1,1,1,1,1,0,1,1,1,1,1,1,-17.02352908226589,240.001,5.248995645697918e-08,5.248995645697918e-08,25.775708792739216,25.775708792739216,22.69093161278317,22.69093161278317
1,1,0,1,1,1,1,1,0,1,1,1,1,1,1,1,0,1,0,1,1,1,1,1,0,1,1,1,1,1,1,1,1,1,1,1,1,1,1,1,0,1,1,1,1,1,1,0,1,1,1,1,0,1,1,1,1,1,1,0,0,1,1,0,1,1,1,1,1,1,1,1,1,1,0,1,1,1,1,1,2,-17.024382300892114,240.001,5.24968167602339e-08,5.24968167602339e-08,25.774287999406077,25.774287999406077,22.53437347860544,22.53437347860544
1,1,0,1,1,1,1,1,0,1,1,1,1,1,1,1,0,1,0,1,1,1,1,1,0,1,1,1,1,1,1,1,1,1,1,1,1,1,1,1,0,1,1,1,1,1,1,0,1,1,1,1,0,1,1,1,1,1,1,0,0,1,1,0,1,1,1,1,1,1,1,1,1,1,0,1,1,1,1,1,4,-17.02572787234083,240.001,5.251343314300888e-08,5.251343314300888e-08,25.771568009095343,25.771568009095343,22.298340586333435,22.298340586333435
1,1,0,1,1,1,1,1,0,1,1,1,1,1,1,1,0,1,0,1,1,1,1,1,0,1,1,1,1,1,1,1,1,1,1,1,1,1,1,1,0,1,1,1,1,1,1,0,1,1,1,1,0,1,1,1,1,1,1,0,0,1,1,0,1,1,1,1,1,1,1,1,1,1,0,1,1,1,1,1,5,-17.027004356101354,240.001,5.2516886704363644e-08,5.2516886704363644e-08,25.770005919684564,25.770005919684564,22.085631948621426,22.085631948621426
1,1,0,1,1,1,1,1,0,1,1,1,1,1,1,1,0,1,0,1,1,1,1,1,0,1,1,1,1,1,1,1,1,1,1,1,1,1,1,1,0,1,1,1,1,1,1,0,1,1,1,1,0,1,1,1,1,1,1,0,0,1,1,0,1,1,1,1,1,1,1,1,1,1,0,1,1,1,1,1,6,-17.02747364906575,240.001,5.252682459901388e-08,5.252682459901388e-08,25.768714878751126,25.768714878751126,22.009962568503983,22.009962568503983
1,1,0,1,1,1,1,1,0,1,1,1,1,1,1,1,0,1,0,1,1,1,1,1,0,1,1,1,1,1,1,1,1,1,1,1,1,1,1,1,0,1,1,1,1,1,1,0,1,1,1,1,0,1,1,1,1,1,1,0,0,1,1,0,1,1,1,1,1,1,1,1,1,1,0,1,1,1,1,1,7,-17.02756290388726,240.001,5.2539815084128785e-08,5.2539815084128785e-08,25.767551696744277,25.767551696744277,21.995718129373635,21.995718129373635
1,1,0,1,1,1,1,1,0,1,1,1,1,1,1,1,0,1,0,1,1,1,1,1,0,1,1,1,1,1,1,1,1,1,1,1,1,1,1,1,0,1,1,1,1,1,1,0,1,1,1,1,0,1,1,1,1,1,1,0,0,1,1,0,1,1,1,1,1,1,1,1,1,1,0,1,1,1,1,1,8,-17.026891339439153,240.001,5.255892287803289e-08,5.255892287803289e-08,25.7666440967407,25.7666440967407,22.104052352626972,22.104052352626972
1,1,0,1,1,1,1,1,0,1,1,1,1,1,1,1,0,1,0,1,1,1,1,1,0,1,1,1,1,1,1,1,1,1,1,1,1,1,1,1,0,1,1,1,1,1,1,0,1,1,1,1,0,1,1,1,1,1,1,0,0,1,1,0,1,1,1,1,1,1,1,1,1,1,0,1,1,1,1,1,10,-17.027263226687413,240.001,5.2583349652799263e-08,5.2583349652799263e-08,25.76425429349591,25.76425429349591,22.043729397088722,22.043729397088722
1,1,0,1,1,1,1,1,0,1,1,1,1,1,1,1,0,1,0,1,1,1,1,1,0,1,1,1,1,1,1,1,1,1,1,1,1,1,1,1,0,1,1,1,1,1,1,0,1,1,1,1,0,1,1,1,1,1,1,0,0,1,1,0,1,1,1,1,1,1,1,1,1,1,0,1,1,1,1,1,11,-17.028330268685416,240.001,5.2588472858731543e-08,5.2588472858731543e-08,25.762764138155447,25.762764138155447,21.87513043023356,21.87513043023356
1,1,0,1,1,1,1,1,0,1,1,1,1,1,1,1,0,1,0,1,1,1,1,1,0,1,1,1,1,1,1,1,1,1,1,1,1,1,1,1,0,1,1,1,1,1,1,0,1,1,1,1,0,1,1,1,1,1,1,0,0,1,1,0,1,1,1,1,1,1,1,1,1,1,0,1,1,1,1,1,12,-17.028698491420396,240.001,5.259921645468649e-08,5.259921645468649e-08,25.761508761327484,25.761508761327484,21.818426287561966,21.818426287561966
1,1,0,1,1,1,1,1,0,1,1,1,1,1,1,1,0,1,0,1,1,1,1,1,0,1,1,1,1,1,1,1,1,1,1,1,1,1,1,1,0,1,1,1,1,1,1,0,1,1,1,1,0,1,1,1,1,1,1,0,0,1,1,0,1,1,1,1,1,1,1,1,1,1,0,1,1,1,1,1,13,-17.028846938517937,240.001,5.2611727054802354e-08,5.2611727054802354e-08,25.760327477827193,25.760327477827193,21.795772728623586,21.795772728623586
1,1,0,1,1,1,1,1,0,1,1,1,1,1,1,1,0,1,0,1,1,1,1,1,0,1,1,1,1,1,1,1,1,1,1,1,1,1,1,1,0,1,1,1,1,1,1,0,1,1,1,1,0,1,1,1,1,1,1,0,0,1,1,0,1,1,1,1,1,1,1,1,1,1,0,1,1,1,1,1,14,-17.028835326518347,240.001,5.2625525111037716e-08,5.2625525111037716e-08,25.759200249806725,25.759200249806725,21.797540535362728,21.797540535362728
1,1,0,1,1,1,1,1,0,1,1,1,1,1,1,1,0,1,0,1,1,1,1,1,0,1,1,1,1,1,1,1,1,1,1,1,1,1,1,1,0,1,1,1,1,1,1,0,1,1,1,1,0,1,1,1,1,1,1,0,0,1,1,0,1,1,1,1,1,1,1,1,1,1,0,1,1,1,1,1,15,-17.028589047112565,240.001,5.264121239801335e-08,5.264121239801335e-08,25.75815212180877,25.75815212180877,21.83520338277968,21.83520338277968
1,1,0,1,1,1,1,1,0,1,1,1,1,1,1,1,0,1,0,1,1,1,1,1,0,1,1,1,1,1,1,1,1,1,1,1,1,1,1,1,0,1,1,1,1,1,1,0,1,1,1,1,0,1,1,1,1,1,1,0,0,1,1,0,1,1,1,1,1,1,1,1,1,1,0,1,1,1,1,1,16,-17.027599971446275,240.001,5.2662884954408094e-08,5.2662884954408094e-08,25.75735356109233,25.75735356109233,21.989816026081932,21.989816026081932
1,1,0,1,1,1,1,1,0,1,1,1,1,1,1,1,0,1,0,1,1,1,1,1,0,1,1,1,1,1,1,1,1,1,1,1,1,1,1,1,0,1,1,1,1,1,1,0,1,1,1,1,0,1,1,1,1,1,1,0,0,1,1,0,1,1,1,1,1,1,1,1,1,1,0,1,1,1,1,1,18,-17.026501110348057,240.001,5.269915783801163e-08,5.269915783801163e-08,25.755462139656803,25.755462139656803,22.16825883381273,22.16825883381273
1,1,0,1,1,1,1,1,0,1,1,1,1,1,1,1,0,1,0,1,1,1,1,1,0,1,1,1,1,1,1,1,1,1,1,1,1,1,1,1,0,1,1,1,1,1,1,0,1,1,1,1,0,1,1,1,1,1,1,0,0,1,1,0,1,1,1,1,1,1,1,1,1,1,0,1,1,1,1,1,20,-17.027839440926698,240.001,5.271578335202454e-08,5.271578335202454e-08,25.752753914265725,25.752753914265725,21.951877240503258,21.951877240503258
1,1,0,1,1,1,1,1,0,1,1,1,1,1,1,1,0,1,0,1,1,1,1,1,0,1,1,1,1,1,1,1,1,1,1,1,1,1,1,1,0,1,1,1,1,1,1,0,1,1,1,1,0,1,1,1,1,1,1,0,0,1,1,0,1,1,1,1,1,1,1,1,1,1,0,1,1,1,1,1,21,-17.02893149397716,240.001,5.2720682658268615e-08,5.2720682658268615e-08,25.751258254806775,25.751258254806775,21.782921544988643,21.782921544988643
1,1,0,1,1,1,1,1,0,1,1,1,1,1,1,1,0,1,0,1,1,1,1,1,0,1,1,1,1,1,1,1,1,1,1,1,1,1,1,1,0,1,1,1,1,1,1,0,1,1,1,1,0,1,1,1,1,1,1,0,0,1,1,0,1,1,1,1,1,1,1,1,1,1,0,1,1,1,1,1,22,-17.02924337089273,240.001,5.273187214737431e-08,5.273187214737431e-08,25.75002472484997,25.75002472484997,21.73584482826515,21.73584482826515
1,1,0,1,1,1,1,1,0,1,1,1,1,1,1,1,0,1,0,1,1,1,1,1,0,1,1,1,1,1,1,1,1,1,1,1,1,1,1,1,0,1,1,1,1,1,1,0,1,1,1,1,0,1,1,1,1,1,1,0,0,1,1,0,1,1,1,1,1,1,1,1,1,1,0,1,1,1,1,1,23,-17.02920392056272,240.001,5.2745894387035936e-08,5.2745894387035936e-08,25.74890947091482,25.74890947091482,21.741771785615036,21.741771785615036
1,1,0,1,1,1,1,1,0,1,1,1,1,1,1,1,0,1,0,1,1,1,1,1,0,1,1,1,1,1,1,1,1,1,1,1,1,1,1,1,0,1,1,1,1,1,1,0,1,1,1,1,0,1,1,1,1,1,1,0,0,1,1,0,1,1,1,1,1,1,1,1,1,1,0,1,1,1,1,1,24,-17.028430289517576,240.001,5.276584241809896e-08,5.276584241809896e-08,25.74804094911876,25.74804094911876,21.859654900352183,21.859654900352183
1,1,0,1,1,1,1,1,0,1,1,1,1,1,1,1,0,1,0,1,1,1,1,1,0,1,1,1,1,1,1,1,1,1,1,1,1,1,1,1,0,1,1,1,1,1,1,0,1,1,1,1,0,1,1,1,1,1,1,0,0,1,1,0,1,1,1,1,1,1,1,1,1,1,0,1,1,1,1,1,26,-17.028670229155615,240.001,5.279131677012976e-08,5.279131677012976e-08,25.74570482371428,25.74570482371428,21.82275254461699,21.82275254461699
1,1,0,1,1,1,1,1,0,1,1,1,1,1,1,1,0,1,0,1,1,1,1,1,0,1,1,1,1,1,1,1,1,1,1,1,1,1,1,1,0,1,1,1,1,1,1,0,1,1,1,1,0,1,1,1,1,1,1,0,0,1,1,0,1,1,1,1,1,1,1,1,1,1,0,1,1,1,1,1,27,-17.029709843139372,240.001,5.279662614517658e-08,5.279662614517658e-08,25.7442284492021,25.7442284492021,21.66636522307309,21.66636522307309
1,1,0,1,1,1,1,1,0,1,1,1,1,1,1,1,0,1,0,1,1,1,1,1,0,1,1,1,1,1,1,1,1,1,1,1,1,1,1,1,0,1,1,1,1,1,1,0,1,1,1,1,0,1,1,1,1,1,1,0,0,1,1,0,1,1,1,1,1,1,1,1,1,1,0,1,1,1,1,1,28,-17.030084619008278,240.001,5.280730285461262e-08,5.280730285461262e-08,25.74297551736823,25.74297551736823,21.611332459605688,21.611332459605688
1,1,0,1,1,1,1,1,0,1,1,1,1,1,1,1,0,1,0,1,1,1,1,1,0,1,1,1,1,1,1,1,1,1,1,1,1,1,1,1,0,1,1,1,1,1,1,0,1,1,1,1,0,1,1,1,1,1,1,0,0,1,1,0,1,1,1,1,1,1,1,1,1,1,0,1,1,1,1,1,29,-17.030288608995612,240.001,5.281935762253138e-08,5.281935762253138e-08,25.741780239918658,25.741780239918658,21.58166675766292,21.58166675766292
1,1,0,1,1,1,1,1,0,1,1,1,1,1,1,1,0,1,0,1,1,1,1,1,0,1,1,1,1,1,1,1,1,1,1,1,1,1,1,1,0,1,1,1,1,1,1,0,1,1,1,1,0,1,1,1,1,1,1,0,0,1,1,0,1,1,1,1,1,1,1,1,1,1,0,1,1,1,1,1,30,-17.030417846406213,240.001,5.283201540612403e-08,5.283201540612403e-08,25.74061037133855,25.74061037133855,21.56297572228478,21.56297572228478
1,1,0,1,1,1,1,1,0,1,1,1,1,1,1,1,0,1,0,1,1,1,1,1,0,1,1,1,1,1,1,1,1,1,1,1,1,1,1,1,0,1,1,1,1,1,1,0,1,1,1,1,0,1,1,1,1,1,1,0,0,1,1,0,1,1,1,1,1,1,1,1,1,1,0,1,1,1,1,1,31,-17.030504217912103,240.001,5.284501895891912e-08,5.284501895891912e-08,25.739455201623763,25.739455201623763,21.55052857979249,21.55052857979249
1,1,0,1,1,1,1,1,0,1,1,1,1,1,1,1,0,1,0,1,1,1,1,1,0,1,1,1,1,1,1,1,1,1,1,1,1,1,1,1,0,1,1,1,1,1,1,0,1,1,1,1,0,1,1,1,1,1,1,0,0,1,1,0,1,1,1,1,1,1,1,1,1,1,0,1,1,1,1,1,32,-17.030561012293884,240.001,5.2858261131305244e-08,5.2858261131305244e-08,25.738310266472674,25.738310266472674,21.542363110336964,21.542363110336964
1,1,0,1,1,1,1,1,0,1,1,1,1,1,1,1,0,1,0,1,1,1,1,1,0,1,1,1,1,1,1,1,1,1,1,1,1,1,1,1,0,1,1,1,1,1,1,0,1,1,1,1,0,1,1,1,1,1,1,0,0,1,1,0,1,1,1,1,1,1,1,1,1,1,0,1,1,1,1,1,33,-17.0305940633114,240.001,5.287169494253352e-08,5.287169494253352e-08,25.73717360578096,25.73717360578096,21.537618291484293,21.537618291484293
1,1,0,1,1,1,1,1,0,1,1,1,1,1,1,1,0,1,0,1,1,1,1,1,0,1,1,1,1,1,1,1,1,1,1,1,1,1,1,1,0,1,1,1,1,1,1,0,1,1,1,1,0,1,1,1,1,1,1,0,0,1,1,0,1,1,1,1,1,1,1,1,1,1,0,1,1,1,1,1,34,-17.030605194567016,240.001,5.2885305792733134e-08,5.2885305792733134e-08,25.73604460674785,25.73604460674785,21.53602144155677,21.53602144155677
1,1,0,1,1,1,1,1,0,1,1,1,1,1,1,1,0,1,0,1,1,1,1,1,0,1,1,1,1,1,1,1,1,1,1,1,1,1,1,1,0,1,1,1,1,1,1,0,1,1,1,1,0,1,1,1,1,1,1,0,0,1,1,0,1,1,1,1,1,1,1,1,1,1,0,1,1,1,1,1,35,-17.03059306313541,240.001,5.28991046787473e-08,5.28991046787473e-08,25.734923720552448,25.734923720552448,21.53776180168986,21.53776180168986
1,1,0,1,1,1,1,1,0,1,1,1,1,1,1,1,0,1,0,1,1,1,1,1,0,1,1,1,1,1,1,1,1,1,1,1,1,1,1,1,0,1,1,1,1,1,1,0,1,1,1,1,0,1,1,1,1,1,1,0,0,1,1,0,1,1,1,1,1,1,1,1,1,1,0,1,1,1,1,1,36,-17.030552361247867,240.001,5.291313468657644e-08,5.291313468657644e-08,25.733812730527312,25.733812730527312,21.543605908894087,21.543605908894087
1,1,0,1,1,1,1,1,0,1,1,1,1,1,1,1,0,1,0,1,1,1,1,1,0,1,1,1,1,1,1,1,1,1,1,1,1,1,1,1,0,1,1,1,1,1,1,0,1,1,1,1,0,1,1,1,1,1,1,0,0,1,1,0,1,1,1,1,1,1,1,1,1,1,0,1,1,1,1,1,37,-17.030470427726293,240.001,5.292749846123813e-08,5.292749846123813e-08,25.73271589027786,25.73271589027786,21.555393922251348,21.555393922251348
1,1,0,1,1,1,1,1,0,1,1,1,1,1,1,1,0,1,0,1,1,1,1,1,0,1,1,1,1,1,1,1,1,1,1,1,1,1,1,1,0,1,1,1,1,1,1,0,1,1,1,1,0,1,1,1,1,1,1,0,0,1,1,0,1,1,1,1,1,1,1,1,1,1,0,1,1,1,1,1,38,-17.030316188551303,240.001,5.294244783737153e-08,5.294244783737153e-08,25.73164363754787,25.73164363754787,21.577671338072516,21.577671338072516
1,1,0,1,1,1,1,1,0,1,1,1,1,1,1,1,0,1,0,1,1,1,1,1,0,1,1,1,1,1,1,1,1,1,1,1,1,1,1,1,0,1,1,1,1,1,1,0,1,1,1,1,0,1,1,1,1,1,1,0,0,1,1,0,1,1,1,1,1,1,1,1,1,1,0,1,1,1,1,1,39,-17.029994750676767,240.001,5.29587518757323e-08,5.29587518757323e-08,25.73062783770122,25.73062783770122,21.62446589673685,21.62446589673685
1,1,0,1,1,1,1,1,0,1,1,1,1,1,1,1,0,1,0,1,1,1,1,1,0,1,1,1,1,1,1,1,1,1,1,1,1,1,1,1,0,1,1,1,1,1,1,0,1,1,1,1,0,1,1,1,1,1,1,0,0,1,1,0,1,1,1,1,1,1,1,1,1,1,0,1,1,1,1,1,40,-17.029013828743615,240.001,5.2980401713774773e-08,5.2980401713774773e-08,25.72983370196999,25.72983370196999,21.770444071506798,21.770444071506798
1,1,0,1,1,1,1,1,0,1,1,1,1,1,1,1,0,1,0,1,1,1,1,1,0,1,1,1,1,1,1,1,1,1,1,1,1,1,1,1,0,1,1,1,1,1,1,0,1,1,1,1,0,1,1,1,1,1,1,0,0,1,1,0,1,1,1,1,1,1,1,1,1,1,0,1,1,1,1,1,42,-17.028920006116536,240.001,5.300857014399031e-08,5.300857014399031e-08,25.72761909686538,25.72761909686538,21.78466531447135,21.78466531447135
1,1,0,1,1,1,1,1,0,1,1,1,1,1,1,1,0,1,0,1,1,1,1,1,0,1,1,1,1,1,1,1,1,1,1,1,1,1,1,1,0,1,1,1,1,1,1,0,1,1,1,1,0,1,1,1,1,1,1,0,0,1,1,0,1,1,1,1,1,1,1,1,1,1,0,1,1,1,1,1,43,-17.02979588402879,240.001,5.301517153051448e-08,5.301517153051448e-08,25.726202406923896,25.726202406923896,21.653669432329863,21.653669432329863
1,1,0,1,1,1,1,1,0,1,1,1,1,1,1,1,0,1,0,1,1,1,1,1,0,1,1,1,1,1,1,1,1,1,1,1,1,1,1,1,0,1,1,1,1,1,1,0,1,1,1,1,0,1,1,1,1,1,1,0,0,1,1,0,1,1,1,1,1,1,1,1,1,1,0,1,1,1,1,1,44,-17.029984424361082,240.001,5.302734505922479e-08,5.302734505922479e-08,25.725016738922925,25.725016738922925,21.625977523335994,21.625977523335994
1,1,0,1,1,1,1,1,0,1,1,1,1,1,1,1,0,1,0,1,1,1,1,1,0,1,1,1,1,1,1,1,1,1,1,1,1,1,1,1,0,1,1,1,1,1,1,0,1,1,1,1,0,1,1,1,1,1,1,0,0,1,1,0,1,1,1,1,1,1,1,1,1,1,0,1,1,1,1,1,45,-17.029943937805353,240.001,5.3041375372228194e-08,5.3041375372228194e-08,25.72390829344148,25.72390829344148,21.63190922846862,21.63190922846862
1,1,0,1,1,1,1,1,0,1,1,1,1,1,1,1,0,1,0,1,1,1,1,1,0,1,1,1,1,1,1,1,1,1,1,1,1,1,1,1,0,1,1,1,1,1,1,0,1,1,1,1,0,1,1,1,1,1,1,0,0,1,1,0,1,1,1,1,1,1,1,1,1,1,0,1,1,1,1,1,46,-17.02967187895092,240.001,5.305728462101501e-08,5.305728462101501e-08,25.722877923214984,25.722877923214984,21.671978783174033,21.671978783174033
1,1,0,1,1,1,1,1,0,1,1,1,1,1,1,1,0,1,0,1,1,1,1,1,0,1,1,1,1,1,1,1,1,1,1,1,1,1,1,1,0,1,1,1,1,1,1,0,1,1,1,1,0,1,1,1,1,1,1,0,0,1,1,0,1,1,1,1,1,1,1,1,1,1,0,1,1,1,1,1,47,-17.028704108530718,240.001,5.3078843529207837e-08,5.3078843529207837e-08,25.722081371692052,25.722081371692052,21.81756695603534,21.81756695603534
1,1,0,1,1,1,1,1,0,1,1,1,1,1,1,1,0,1,0,1,1,1,1,1,0,1,1,1,1,1,1,1,1,1,1,1,1,1,1,1,0,1,1,1,1,1,1,0,1,1,1,1,0,1,1,1,1,1,1,0,0,1,1,0,1,1,1,1,1,1,1,1,1,1,0,1,1,1,1,1,49,-17.028549545232373,240.001,5.310750793661913e-08,5.310750793661913e-08,25.719891227954832,25.719891227954832,21.84127461104076,21.84127461104076
1,1,0,1,1,1,1,1,0,1,1,1,1,1,1,1,0,1,0,1,1,1,1,1,0,1,1,1,1,1,1,1,1,1,1,1,1,1,1,1,0,1,1,1,1,1,1,0,1,1,1,1,0,1,1,1,1,1,1,0,0,1,1,0,1,1,1,1,1,1,1,1,1,1,0,1,1,1,1,1,50,-17.029326450965673,240.001,5.3114900317437665e-08,5.3114900317437665e-08,25.718509841442838,25.718509841442838,21.72338922077798,21.72338922077798
1,1,0,1,1,1,1,1,0,1,1,1,1,1,1,1,0,1,0,1,1,1,1,1,0,1,1,1,1,1,1,1,1,1,1,1,1,1,1,1,0,1,1,1,1,1,1,0,1,1,1,1,0,1,1,1,1,1,1,0,0,1,1,0,1,1,1,1,1,1,1,1,1,1,0,1,1,1,1,1,51,-17.029283195713965,240.001,5.312895508964283e-08,5.312895508964283e-08,25.717404058940723,25.717404058940723,21.729869746428896,21.729869746428896
1,1,0,1,1,1,1,1,0,1,1,1,1,1,1,1,0,1,0,1,1,1,1,1,0,1,1,1,1,1,1,1,1,1,1,1,1,1,1,1,0,1,1,1,1,1,1,0,1,1,1,1,0,1,1,1,1,1,1,0,0,1,1,0,1,1,1,1,1,1,1,1,1,1,0,1,1,1,1,1,52,-17.028418382066754,240.001,5.314968901519825e-08,5.314968901519825e-08,25.716574340323813,25.716574340323813,21.861494387217647,21.861494387217647
1,1,0,1,1,1,1,1,0,1,1,1,1,1,1,1,0,1,0,1,1,1,1,1,0,1,1,1,1,1,1,1,1,1,1,1,1,1,1,1,0,1,1,1,1,1,1,0,1,1,1,1,0,1,1,1,1,1,1,0,0,1,1,0,1,1,1,1,1,1,1,1,1,1,0,1,1,1,1,1,54,-17.02838068709964,240.001,5.31774061407086e-08,5.31774061407086e-08,25.714347815635836,25.714347815635836,21.867322690511134,21.867322690511134
1,1,0,1,1,1,1,1,0,1,1,1,1,1,1,1,0,1,0,1,1,1,1,1,0,1,1,1,1,1,1,1,1,1,1,1,1,1,1,1,0,1,1,1,1,1,1,0,1,1,1,1,0,1,1,1,1,1,1,0,0,1,1,0,1,1,1,1,1,1,1,1,1,1,0,1,1,1,1,1,55,-17.029235234139982,240.001,5.3184159041413885e-08,5.3184159041413885e-08,25.712941801058875,25.712941801058875,21.73706662404486,21.73706662404486
1,1,0,1,1,1,1,1,0,1,1,1,1,1,1,1,0,1,0,1,1,1,1,1,0,1,1,1,1,1,1,1,1,1,1,1,1,1,1,1,0,1,1,1,1,1,1,0,1,1,1,1,0,1,1,1,1,1,1,0,0,1,1,0,1,1,1,1,1,1,1,1,1,1,0,1,1,1,1,1,56,-17.029372183052228,240.001,5.319674844702044e-08,5.319674844702044e-08,25.711776940364345,25.711776940364345,21.716548044725084,21.716548044725084
1,1,0,1,1,1,1,1,0,1,1,1,1,1,1,1,0,1,0,1,1,1,1,1,0,1,1,1,1,1,1,1,1,1,1,1,1,1,1,1,0,1,1,1,1,1,1,0,1,1,1,1,0,1,1,1,1,1,1,0,0,1,1,0,1,1,1,1,1,1,1,1,1,1,0,1,1,1,1,1,57,-17.029239728102837,240.001,5.321152948316618e-08,5.321152948316618e-08,25.71070284961991,25.71070284961991,21.736391778871344,21.736391778871344
1,1,0,1,1,1,1,1,0,1,1,1,1,1,1,1,0,1,0,1,1,1,1,1,0,1,1,1,1,1,1,1,1,1,1,1,1,1,1,1,0,1,1,1,1,1,1,0,1,1,1,1,0,1,1,1,1,1,1,0,0,1,1,0,1,1,1,1,1,1,1,1,1,1,0,1,1,1,1,1,58,-17.02880511007196,240.001,5.3228770822793424e-08,5.3228770822793424e-08,25.709730515828085,25.709730515828085,21.802144029744397,21.802144029744397
1,1,0,1,1,1,1,1,0,1,1,1,1,1,1,1,0,1,0,1,1,1,1,1,0,1,1,1,1,1,1,1,1,1,1,1,1,1,1,1,0,1,1,1,1,1,1,0,1,1,1,1,0,1,1,1,1,1,1,0,0,1,1,0,1,1,1,1,1,1,1,1,1,1,0,1,1,1,1,1,59,-17.027508156918046,240.001,5.3253039464330197e-08,5.3253039464330197e-08,25.709047837483098,25.709047837483098,22.00444985258941,22.00444985258941
1,1,0,1,1,1,1,1,0,1,1,1,1,1,1,1,0,1,0,1,1,1,1,1,0,1,1,1,1,1,1,1,1,1,1,1,1,1,1,1,0,1,1,1,1,1,1,0,1,1,1,1,0,1,1,1,1,1,1,0,0,1,1,0,1,1,1,1,1,1,1,1,1,1,0,1,1,1,1,1,62,-17.02691558152202,240.001,5.3298991292089644e-08,5.3298991292089644e-08,25.70589451966154,25.70589451966154,22.10009462765299,22.10009462765299
1,1,0,1,1,1,1,1,0,1,1,1,1,1,1,1,0,1,0,1,1,1,1,1,0,1,1,1,1,1,1,1,1,1,1,1,1,1,1,1,0,1,1,1,1,1,1,0,1,1,1,1,0,1,1,1,1,1,1,0,0,1,1,0,1,1,1,1,1,1,1,1,1,1,0,1,1,1,1,1,63,-17.027182761110925,240.001,5.33105205465133e-08,5.33105205465133e-08,25.70468800707883,25.70468800707883,22.056711118670734,22.056711118670734
1,1,0,1,1,1,1,1,0,1,1,1,1,1,1,1,0,1,0,1,1,1,1,1,0,1,1,1,1,1,1,1,1,1,1,1,1,1,1,1,0,1,1,1,1,1,1,0,1,1,1,1,0,1,1,1,1,1,1,0,0,1,1,0,1,1,1,1,1,1,1,1,1,1,0,1,1,1,1,1,65,-17.027764900262873,240.001,5.333318775479464e-08,5.333318775479464e-08,25.70225967488244,25.70225967488244,21.963651341838023,21.963651341838023
1,1,0,1,1,1,1,1,0,1,1,1,1,1,1,1,0,1,0,1,1,1,1,1,0,1,1,1,1,1,1,1,1,1,1,1,1,1,1,1,0,1,1,1,1,1,1,0,1,1,1,1,0,1,1,1,1,1,1,0,0,1,1,0,1,1,1,1,1,1,1,1,1,1,0,1,1,1,1,1,66,-17.028789852438962,240.001,5.333853119852924e-08,5.333853119852924e-08,25.70079962554039,25.70079962554039,21.80447038281244,21.80447038281244
1,1,0,1,1,1,1,1,0,1,1,1,1,1,1,1,0,1,0,1,1,1,1,1,0,1,1,1,1,1,1,1,1,1,1,1,1,1,1,1,0,1,1,1,1,1,1,0,1,1,1,1,0,1,1,1,1,1,1,0,0,1,1,0,1,1,1,1,1,1,1,1,1,1,0,1,1,1,1,1,67,-17.029101687252574,240.001,5.3349691650187396e-08,5.3349691650187396e-08,25.69957917636262,25.69957917636262,21.7571686575638,21.7571686575638
1,1,0,1,1,1,1,1,0,1,1,1,1,1,1,1,0,1,0,1,1,1,1,1,0,1,1,1,1,1,1,1,1,1,1,1,1,1,1,1,0,1,1,1,1,1,1,0,1,1,1,1,0,1,1,1,1,1,1,0,0,1,1,0,1,1,1,1,1,1,1,1,1,1,0,1,1,1,1,1,68,-17.029208490676417,240.001,5.336252412672152e-08,5.336252412672152e-08,25.69842786763369,25.69842786763369,21.741084767082135,21.741084767082135
1,1,0,1,1,1,1,1,0,1,1,1,1,1,1,1,0,1,0,1,1,1,1,1,0,1,1,1,1,1,1,1,1,1,1,1,1,1,1,1,0,1,1,1,1,1,1,0,1,1,1,1,0,1,1,1,1,1,1,0,0,1,1,0,1,1,1,1,1,1,1,1,1,1,0,1,1,1,1,1,69,-17.029209941028615,240.001,5.337621600994344e-08,5.337621600994344e-08,25.697312237115018,25.697312237115018,21.74086676031445,21.74086676031445
1,1,0,1,1,1,1,1,0,1,1,1,1,1,1,1,0,1,0,1,1,1,1,1,0,1,1,1,1,1,1,1,1,1,1,1,1,1,1,1,0,1,1,1,1,1,1,0,1,1,1,1,0,1,1,1,1,1,1,0,0,1,1,0,1,1,1,1,1,1,1,1,1,1,0,1,1,1,1,1,70,-17.029134543158683,240.001,5.339053521073297e-08,5.339053521073297e-08,25.696222712412265,25.696222712412265,21.752214470588417,21.752214470588417
1,1,0,1,1,1,1,1,0,1,1,1,1,1,1,1,0,1,0,1,1,1,1,1,0,1,1,1,1,1,1,1,1,1,1,1,1,1,1,1,0,1,1,1,1,1,1,0,1,1,1,1,0,1,1,1,1,1,1,0,0,1,1,0,1,1,1,1,1,1,1,1,1,1,0,1,1,1,1,1,71,-17.028983332956464,240.001,5.340547379327454e-08,5.340547379327454e-08,25.695158943877345,25.695158943877345,21.77506142325393,21.77506142325393
1,1,0,1,1,1,1,1,0,1,1,1,1,1,1,1,0,1,0,1,1,1,1,1,0,1,1,1,1,1,1,1,1,1,1,1,1,1,1,1,0,1,1,1,1,1,1,0,1,1,1,1,0,1,1,1,1,1,1,0,0,1,1,0,1,1,1,1,1,1,1,1,1,1,0,1,1,1,1,1,72,-17.02873060446883,240.001,5.342124234380304e-08,5.342124234380304e-08,25.69412955965394,25.69412955965394,21.81351576095662,21.81351576095662
1,1,0,1,1,1,1,1,0,1,1,1,1,1,1,1,0,1,0,1,1,1,1,1,0,1,1,1,1,1,1,1,1,1,1,1,1,1,1,1,0,1,1,1,1,1,1,0,1,1,1,1,0,1,1,1,1,1,1,0,0,1,1,0,1,1,1,1,1,1,1,1,1,1,0,1,1,1,1,1,73,-17.02828222983581,240.001,5.343861109776662e-08,5.343861109776662e-08,25.69316614981835,25.69316614981835,21.88258267010394,21.88258267010394
1,1,0,1,1,1,1,1,0,1,1,1,1,1,1,1,0,1,0,1,1,1,1,1,0,1,1,1,1,1,1,1,1,1,1,1,1,1,1,1,0,1,1,1,1,1,1,0,1,1,1,1,0,1,1,1,1,1,1,0,0,1,1,0,1,1,1,1,1,1,1,1,1,1,0,1,1,1,1,1,74,-17.027142911970397,240.001,5.3461633466855e-08,5.3461633466855e-08,25.69243484745259,25.69243484745259,22.063154390862067,22.063154390862067
1,1,0,1,1,1,1,1,0,1,1,1,1,1,1,1,0,1,0,1,1,1,1,1,0,1,1,1,1,1,1,1,1,1,1,1,1,1,1,1,0,1,1,1,1,1,1,0,1,1,1,1,0,1,1,1,1,1,1,0,0,1,1,0,1,1,1,1,1,1,1,1,1,1,0,1,1,1,1,1,76,-17.026609614179954,240.001,5.349341220031712e-08,5.349341220031712e-08,25.690387373311324,25.690387373311324,22.150311216298405,22.150311216298405
1,1,0,1,1,1,1,1,0,1,1,1,1,1,1,1,0,1,0,1,1,1,1,1,0,1,1,1,1,1,1,1,1,1,1,1,1,1,1,1,0,1,1,1,1,1,1,0,1,1,1,1,0,1,1,1,1,1,1,0,0,1,1,0,1,1,1,1,1,1,1,1,1,1,0,1,1,1,1,1,77,-17.02717010635154,240.001,5.350253213263118e-08,5.350253213263118e-08,25.689086528537853,25.689086528537853,22.05875625799838,22.05875625799838
1,1,0,1,1,1,1,1,0,1,1,1,1,1,1,1,0,1,0,1,1,1,1,1,0,1,1,1,1,1,1,1,1,1,1,1,1,1,1,1,0,1,1,1,1,1,1,0,1,1,1,1,0,1,1,1,1,1,1,0,0,1,1,0,1,1,1,1,1,1,1,1,1,1,0,1,1,1,1,1,78,-17.02692399058048,240.001,5.3518254628858275e-08,5.3518254628858275e-08,25.688056594373396,25.688056594373396,22.098722614702176,22.098722614702176
1,1,0,1,1,1,1,1,0,1,1,1,1,1,1,1,0,1,0,1,1,1,1,1,0,1,1,1,1,1,1,1,1,1,1,1,1,1,1,1,0,1,1,1,1,1,1,0,1,1,1,1,0,1,1,1,1,1,1,0,0,1,1,0,1,1,1,1,1,1,1,1,1,1,0,1,1,1,1,1,79,-17.026206712975533,240.001,5.353783737826698e-08,5.353783737826698e-08,25.687185045047695,25.687185045047695,22.217329781047653,22.217329781047653
1,1,0,1,1,1,1,1,0,1,1,1,1,1,1,1,0,1,0,1,1,1,1,1,0,1,1,1,1,1,1,1,1,1,1,1,1,1,1,1,0,1,1,1,1,1,1,0,1,1,1,1,0,1,1,1,1,1,1,0,0,1,1,0,1,1,1,1,1,1,1,1,1,1,0,1,1,1,1,1,80,-17.024464399110073,240.001,5.356582695047488e-08,5.356582695047488e-08,25.686657461405233,25.686657461405233,22.519601026817963,22.519601026817963
1,1,1,1,1,1,1,1,0,1,1,1,1,1,1,1,0,1,0,1,1,1,1,1,0,1,1,1,1,1,1,1,1,1,1,1,1,1,1,1,0,1,1,1,1,1,1,0,1,1,1,1,0,1,1,1,1,1,1,0,0,1,1,0,1,1,1,1,1,1,1,1,1,1,0,1,1,1,1,1,1,-17.024456150092323,240.001,5.2482513038457375e-08,5.2482513038457375e-08,25.775397626512788,25.775397626512788,22.52108306867077,22.52108306867077
1,1,1,1,1,1,1,1,0,1,1,1,1,1,1,1,0,1,0,1,1,1,1,1,0,1,1,1,1,1,1,1,1,1,1,1,1,1,1,1,0,1,1,1,1,1,1,0,1,1,1,1,0,1,1,1,1,1,1,0,0,1,1,0,1,1,1,1,1,1,1,1,1,1,0,1,1,1,1,1,2,-17.026268198552504,240.001,5.248167262703121e-08,5.248167262703121e-08,25.773655122925007,25.773655122925007,22.20703556771564,22.20703556771564
1,1,1,1,1,1,1,1,0,1,1,1,1,1,1,1,0,1,0,1,1,1,1,1,0,1,1,1,1,1,1,1,1,1,1,1,1,1,1,1,0,1,1,1,1,1,1,0,1,1,1,1,0,1,1,1,1,1,1,0,0,1,1,0,1,1,1,1,1,1,1,1,1,1,0,1,1,1,1,1,3,-17.027106608646427,240.001,5.2488650295695875e-08,5.2488650295695875e-08,25.772239337642038,25.772239337642038,22.069032615578802,22.069032615578802
1,1,1,1,1,1,1,1,0,1,1,1,1,1,1,1,0,1,0,1,1,1,1,1,0,1,1,1,1,1,1,1,1,1,1,1,1,1,1,1,0,1,1,1,1,1,1,0,1,1,1,1,0,1,1,1,1,1,1,0,0,1,1,0,1,1,1,1,1,1,1,1,1,1,0,1,1,1,1,1,4,-17.02761310556553,240.001,5.2498291343404397e-08,5.2498291343404397e-08,25.77093520746189,25.77093520746189,21.987726649423553,21.987726649423553
1,1,1,1,1,1,1,1,0,1,1,1,1,1,1,1,0,1,0,1,1,1,1,1,0,1,1,1,1,1,1,1,1,1,1,1,1,1,1,1,0,1,1,1,1,1,1,0,1,1,1,1,0,1,1,1,1,1,1,0,0,1,1,0,1,1,1,1,1,1,1,1,1,1,0,1,1,1,1,1,5,-17.0279304524706,240.001,5.2509449890036815e-08,5.2509449890036815e-08,25.769694862844492,25.769694862844492,21.9375443475052,21.9375443475052
1,1,1,1,1,1,1,1,0,1,1,1,1,1,1,1,0,1,0,1,1,1,1,1,0,1,1,1,1,1,1,1,1,1,1,1,1,1,1,1,0,1,1,1,1,1,1,0,1,1,1,1,0,1,1,1,1,1,1,0,0,1,1,0,1,1,1,1,1,1,1,1,1,1,0,1,1,1,1,1,6,-17.02808882365001,240.001,5.2521884283042433e-08,5.2521884283042433e-08,25.76850819123724,25.76850819123724,21.9127148754986,21.9127148754986
1,1,1,1,1,1,1,1,0,1,1,1,1,1,1,1,0,1,0,1,1,1,1,1,0,1,1,1,1,1,1,1,1,1,1,1,1,1,1,1,0,1,1,1,1,1,1,0,1,1,1,1,0,1,1,1,1,1,1,0,0,1,1,0,1,1,1,1,1,1,1,1,1,1,0,1,1,1,1,1,7,-17.028023669609592,240.001,5.2536114114451626e-08,5.2536114114451626e-08,25.76739686421167,25.76739686421167,21.92291266997467,21.92291266997467
1,1,1,1,1,1,1,1,0,1,1,1,1,1,1,1,0,1,0,1,1,1,1,1,0,1,1,1,1,1,1,1,1,1,1,1,1,1,1,1,0,1,1,1,1,1,1,0,1,1,1,1,0,1,1,1,1,1,1,0,0,1,1,0,1,1,1,1,1,1,1,1,1,1,0,1,1,1,1,1,8,-17.027259803229565,240.001,5.2555962092331116e-08,5.2555962092331116e-08,25.76652028962153,25.76652028962153,22.044280927739166,22.044280927739166
1,1,1,1,1,1,1,1,0,1,1,1,1,1,1,1,0,1,0,1,1,1,1,1,0,1,1,1,1,1,1,1,1,1,1,1,1,1,1,1,0,1,1,1,1,1,1,0,1,1,1,1,0,1,1,1,1,1,1,0,0,1,1,0,1,1,1,1,1,1,1,1,1,1,0,1,1,1,1,1,10,-17.027526227810576,240.001,5.258123550082212e-08,5.258123550082212e-08,25.764165907151355,25.764165907151355,22.001565754049466,22.001565754049466
1,1,1,1,1,1,1,1,0,1,1,1,1,1,1,1,0,1,0,1,1,1,1,1,0,1,1,1,1,1,1,1,1,1,1,1,1,1,1,1,0,1,1,1,1,1,1,0,1,1,1,1,0,1,1,1,1,1,1,0,0,1,1,0,1,1,1,1,1,1,1,1,1,1,0,1,1,1,1,1,11,-17.0285602554087,240.001,5.258662421941376e-08,5.258662421941376e-08,25.762686821384865,25.762686821384865,21.839627680728615,21.839627680728615
1,1,1,1,1,1,1,1,0,1,1,1,1,1,1,1,0,1,0,1,1,1,1,1,0,1,1,1,1,1,1,1,1,1,1,1,1,1,1,1,0,1,1,1,1,1,1,0,1,1,1,1,0,1,1,1,1,1,1,0,0,1,1,0,1,1,1,1,1,1,1,1,1,1,0,1,1,1,1,1,12,-17.028902864568483,240.001,5.259757347887931e-08,5.259757347887931e-08,25.76144004542283,25.76144004542283,21.787268564438172,21.787268564438172
1,1,1,1,1,1,1,1,0,1,1,1,1,1,1,1,0,1,0,1,1,1,1,1,0,1,1,1,1,1,1,1,1,1,1,1,1,1,1,1,0,1,1,1,1,1,1,0,1,1,1,1,0,1,1,1,1,1,1,0,0,1,1,0,1,1,1,1,1,1,1,1,1,1,0,1,1,1,1,1,13,-17.029030841832217,240.001,5.261024834552769e-08,5.261024834552769e-08,25.76026563937169,25.76026563937169,21.76787024596196,21.76787024596196
1,1,1,1,1,1,1,1,0,1,1,1,1,1,1,1,0,1,0,1,1,1,1,1,0,1,1,1,1,1,1,1,1,1,1,1,1,1,1,1,0,1,1,1,1,1,1,0,1,1,1,1,0,1,1,1,1,1,1,0,0,1,1,0,1,1,1,1,1,1,1,1,1,1,0,1,1,1,1,1,14,-17.029002495530396,240.001,5.2624180627819556e-08,5.2624180627819556e-08,25.759144036286404,25.759144036286404,21.772159458249696,21.772159458249696
1,1,1,1,1,1,1,1,0,1,1,1,1,1,1,1,0,1,0,1,1,1,1,1,0,1,1,1,1,1,1,1,1,1,1,1,1,1,1,1,0,1,1,1,1,1,1,0,1,1,1,1,0,1,1,1,1,1,1,0,0,1,1,0,1,1,1,1,1,1,1,1,1,1,0,1,1,1,1,1,15,-17.02874228698355,240.001,5.26399795566052e-08,5.26399795566052e-08,25.7581005935941,25.7581005935941,21.81173071129896,21.81173071129896
1,1,1,1,1,1,1,1,0,1,1,1,1,1,1,1,0,1,0,1,1,1,1,1,0,1,1,1,1,1,1,1,1,1,1,1,1,1,1,1,0,1,1,1,1,1,1,0,1,1,1,1,0,1,1,1,1,1,1,0,0,1,1,0,1,1,1,1,1,1,1,1,1,1,0,1,1,1,1,1,16,-17.027741467057645,240.001,5.266174600123776e-08,5.266174600123776e-08,25.75730599243282,25.75730599243282,21.96735930604856,21.96735930604856
1,1,1,1,1,1,1,1,0,1,1,1,1,1,1,1,0,1,0,1,1,1,1,1,0,1,1,1,1,1,1,1,1,1,1,1,1,1,1,1,0,1,1,1,1,1,1,0,1,1,1,1,0,1,1,1,1,1,1,0,0,1,1,0,1,1,1,1,1,1,1,1,1,1,0,1,1,1,1,1,18,-17.026623781872374,240.001,5.2698169600630564e-08,5.2698169600630564e-08,25.7554209096741,25.7554209096741,22.147973170556444,22.147973170556444
1,1,1,1,1,1,1,1,0,1,1,1,1,1,1,1,0,1,0,1,1,1,1,1,0,1,1,1,1,1,1,1,1,1,1,1,1,1,1,1,0,1,1,1,1,1,1,0,1,1,1,1,0,1,1,1,1,1,1,0,0,1,1,0,1,1,1,1,1,1,1,1,1,1,0,1,1,1,1,1,20,-17.02794761817339,240.001,5.271491176661676e-08,5.271491176661676e-08,25.75271754243257,25.75271754243257,21.934846278724855,21.934846278724855
1,1,1,1,1,1,1,1,0,1,1,1,1,1,1,1,0,1,0,1,1,1,1,1,0,1,1,1,1,1,1,1,1,1,1,1,1,1,1,1,0,1,1,1,1,1,1,0,1,1,1,1,0,1,1,1,1,1,1,0,0,1,1,0,1,1,1,1,1,1,1,1,1,1,0,1,1,1,1,1,21,-17.029033614123087,240.001,5.2719859924024936e-08,5.2719859924024936e-08,25.751223909149363,25.751223909149363,21.767450983405322,21.767450983405322
1,1,1,1,1,1,1,1,0,1,1,1,1,1,1,1,0,1,0,1,1,1,1,1,0,1,1,1,1,1,1,1,1,1,1,1,1,1,1,1,0,1,1,1,1,1,1,0,1,1,1,1,0,1,1,1,1,1,1,0,0,1,1,0,1,1,1,1,1,1,1,1,1,1,0,1,1,1,1,1,22,-17.02934010088423,240.001,5.2731092713307145e-08,5.2731092713307145e-08,25.749992188751524,25.749992188751524,21.721346174737903,21.721346174737903
1,1,1,1,1,1,1,1,0,1,1,1,1,1,1,1,0,1,0,1,1,1,1,1,0,1,1,1,1,1,1,1,1,1,1,1,1,1,1,1,0,1,1,1,1,1,1,0,1,1,1,1,0,1,1,1,1,1,1,0,0,1,1,0,1,1,1,1,1,1,1,1,1,1,0,1,1,1,1,1,23,-17.02929581207862,240.001,5.274515374726194e-08,5.274515374726194e-08,25.748878561969974,25.748878561969974,21.72797856325453,21.72797856325453
1,1,1,1,1,1,1,1,0,1,1,1,1,1,1,1,0,1,0,1,1,1,1,1,0,1,1,1,1,1,1,1,1,1,1,1,1,1,1,1,0,1,1,1,1,1,1,0,1,1,1,1,0,1,1,1,1,1,1,0,0,1,1,0,1,1,1,1,1,1,1,1,1,1,0,1,1,1,1,1,24,-17.02851782825779,240.001,5.276513653056233e-08,5.276513653056233e-08,25.748011509538635,25.748011509538635,21.846155451399028,21.846155451399028
1,1,1,1,1,1,1,1,0,1,1,1,1,1,1,1,0,1,0,1,1,1,1,1,0,1,1,1,1,1,1,1,1,1,1,1,1,1,1,1,0,1,1,1,1,1,1,0,1,1,1,1,0,1,1,1,1,1,1,0,0,1,1,0,1,1,1,1,1,1,1,1,1,1,0,1,1,1,1,1,26,-17.028750145617405,240.001,5.279067206087602e-08,5.279067206087602e-08,25.745677945403116,25.745677945403116,21.81053034794592,21.81053034794592
1,1,1,1,1,1,1,1,0,1,1,1,1,1,1,1,0,1,0,1,1,1,1,1,0,1,1,1,1,1,1,1,1,1,1,1,1,1,1,1,0,1,1,1,1,1,1,0,1,1,1,1,0,1,1,1,1,1,1,0,0,1,1,0,1,1,1,1,1,1,1,1,1,1,0,1,1,1,1,1,27,-17.029786396972113,240.001,5.2796008589321116e-08,5.2796008589321116e-08,25.744202694575378,25.744202694575378,21.65506749118115,21.65506749118115
1,1,1,1,1,1,1,1,0,1,1,1,1,1,1,1,0,1,0,1,1,1,1,1,0,1,1,1,1,1,1,1,1,1,1,1,1,1,1,1,0,1,1,1,1,1,1,0,1,1,1,1,0,1,1,1,1,1,1,0,0,1,1,0,1,1,1,1,1,1,1,1,1,1,0,1,1,1,1,1,28,-17.03015809813072,240.001,5.280671001580516e-08,5.280671001580516e-08,25.742950794393906,25.742950794393906,21.600623389066943,21.600623389066943
1,1,1,1,1,1,1,1,0,1,1,1,1,1,1,1,0,1,0,1,1,1,1,1,0,1,1,1,1,1,1,1,1,1,1,1,1,1,1,1,0,1,1,1,1,1,1,0,1,1,1,1,0,1,1,1,1,1,1,0,0,1,1,0,1,1,1,1,1,1,1,1,1,1,0,1,1,1,1,1,29,-17.030359254657927,240.001,5.28187875336371e-08,5.28187875336371e-08,25.741756468699393,25.741756468699393,21.571439690305127,21.571439690305127
1,1,1,1,1,1,1,1,0,1,1,1,1,1,1,1,0,1,0,1,1,1,1,1,0,1,1,1,1,1,1,1,1,1,1,1,1,1,1,1,0,1,1,1,1,1,1,0,1,1,1,1,0,1,1,1,1,1,1,0,0,1,1,0,1,1,1,1,1,1,1,1,1,1,0,1,1,1,1,1,30,-17.030485870531606,240.001,5.283146635380984e-08,5.283146635380984e-08,25.740587481139535,25.740587481139535,21.553169689726893,21.553169689726893
1,1,1,1,1,1,1,1,0,1,1,1,1,1,1,1,0,1,0,1,1,1,1,1,0,1,1,1,1,1,1,1,1,1,1,1,1,1,1,1,0,1,1,1,1,1,1,0,1,1,1,1,0,1,1,1,1,1,1,0,0,1,1,0,1,1,1,1,1,1,1,1,1,1,0,1,1,1,1,1,31,-17.03056980890627,240.001,5.2844489424739186e-08,5.2844489424739186e-08,25.739433129381048,25.739433129381048,21.54109976192448,21.54109976192448
1,1,1,1,1,1,1,1,0,1,1,1,1,1,1,1,0,1,0,1,1,1,1,1,0,1,1,1,1,1,1,1,1,1,1,1,1,1,1,1,0,1,1,1,1,1,1,0,1,1,1,1,0,1,1,1,1,1,1,0,0,1,1,0,1,1,1,1,1,1,1,1,1,1,0,1,1,1,1,1,32,-17.03062433874264,240.001,5.2857749758475605e-08,5.2857749758475605e-08,25.738288955683842,25.738288955683842,21.5332764498687,21.5332764498687
1,1,1,1,1,1,1,1,0,1,1,1,1,1,1,1,0,1,0,1,1,1,1,1,0,1,1,1,1,1,1,1,1,1,1,1,1,1,1,1,0,1,1,1,1,1,1,0,1,1,1,1,0,1,1,1,1,1,1,0,0,1,1,0,1,1,1,1,1,1,1,1,1,1,0,1,1,1,1,1,33,-17.030655276799482,240.001,5.2871200511915706e-08,5.2871200511915706e-08,25.73715300561032,25.73715300561032,21.528844028714413,21.528844028714413
1,1,1,1,1,1,1,1,0,1,1,1,1,1,1,1,0,1,0,1,1,1,1,1,0,1,1,1,1,1,1,1,1,1,1,1,1,1,1,1,0,1,1,1,1,1,1,0,1,1,1,1,0,1,1,1,1,1,1,0,0,1,1,0,1,1,1,1,1,1,1,1,1,1,0,1,1,1,1,1,34,-17.030664431963682,240.001,5.288482720378958e-08,5.288482720378958e-08,25.736024671284802,25.736024671284802,21.527533251191194,21.527533251191194
1,1,1,1,1,1,1,1,0,1,1,1,1,1,1,1,0,1,0,1,1,1,1,1,0,1,1,1,1,1,1,1,1,1,1,1,1,1,1,1,0,1,1,1,1,1,1,0,1,1,1,1,0,1,1,1,1,1,1,0,0,1,1,0,1,1,1,1,1,1,1,1,1,1,0,1,1,1,1,1,35,-17.03065044850418,240.001,5.289864093373337e-08,5.289864093373337e-08,25.73490440818786,25.73490440818786,21.52953547123826,21.52953547123826
1,1,1,1,1,1,1,1,0,1,1,1,1,1,1,1,0,1,0,1,1,1,1,1,0,1,1,1,1,1,1,1,1,1,1,1,1,1,1,1,0,1,1,1,1,1,1,0,1,1,1,1,0,1,1,1,1,1,1,0,0,1,1,0,1,1,1,1,1,1,1,1,1,1,0,1,1,1,1,1,36,-17.030608007483856,240.001,5.2912684876887746e-08,5.2912684876887746e-08,25.733794003422496,25.733794003422496,21.535618002885,21.535618002885
1,1,1,1,1,1,1,1,0,1,1,1,1,1,1,1,0,1,0,1,1,1,1,1,0,1,1,1,1,1,1,1,1,1,1,1,1,1,1,1,0,1,1,1,1,1,1,0,1,1,1,1,0,1,1,1,1,1,1,0,0,1,1,0,1,1,1,1,1,1,1,1,1,1,0,1,1,1,1,1,37,-17.030524438023058,240.001,5.2927061754777875e-08,5.2927061754777875e-08,25.732697713903697,25.732697713903697,21.54761973616699,21.54761973616699
1,1,1,1,1,1,1,1,0,1,1,1,1,1,1,1,0,1,0,1,1,1,1,1,0,1,1,1,1,1,1,1,1,1,1,1,1,1,1,1,0,1,1,1,1,1,1,0,1,1,1,1,0,1,1,1,1,1,1,0,0,1,1,0,1,1,1,1,1,1,1,1,1,1,0,1,1,1,1,1,38,-17.03036865788095,240.001,5.29420234645916e-08,5.29420234645916e-08,25.73162598026466,25.73162598026466,21.57008022813658,21.57008022813658
1,1,1,1,1,1,1,1,0,1,1,1,1,1,1,1,0,1,0,1,1,1,1,1,0,1,1,1,1,1,1,1,1,1,1,1,1,1,1,1,0,1,1,1,1,1,1,0,1,1,1,1,0,1,1,1,1,1,1,0,0,1,1,0,1,1,1,1,1,1,1,1,1,1,0,1,1,1,1,1,39,-17.030045767954594,240.001,5.2958339105107586e-08,5.2958339105107586e-08,25.730610670296524,25.730610670296524,21.617005347230773,21.617005347230773
1,1,1,1,1,1,1,1,0,1,1,1,1,1,1,1,0,1,0,1,1,1,1,1,0,1,1,1,1,1,1,1,1,1,1,1,1,1,1,1,0,1,1,1,1,1,1,0,1,1,1,1,0,1,1,1,1,1,1,0,0,1,1,0,1,1,1,1,1,1,1,1,1,1,0,1,1,1,1,1,40,-17.029063485065798,240.001,5.297999974113617e-08,5.297999974113617e-08,25.729816996542,25.729816996542,21.7629360524195,21.7629360524195
1,1,1,1,1,1,1,1,0,1,1,1,1,1,1,1,0,1,0,1,1,1,1,1,0,1,1,1,1,1,1,1,1,1,1,1,1,1,1,1,0,1,1,1,1,1,1,0,1,1,1,1,0,1,1,1,1,1,1,0,0,1,1,0,1,1,1,1,1,1,1,1,1,1,0,1,1,1,1,1,42,-17.02896711689971,240.001,5.300818857212321e-08,5.300818857212321e-08,25.727603248037077,25.727603248037077,21.777518675706887,21.777518675706887
1,1,1,1,1,1,1,1,0,1,1,1,1,1,1,1,0,1,0,1,1,1,1,1,0,1,1,1,1,1,1,1,1,1,1,1,1,1,1,1,0,1,1,1,1,1,1,0,1,1,1,1,0,1,1,1,1,1,1,0,0,1,1,0,1,1,1,1,1,1,1,1,1,1,0,1,1,1,1,1,43,-17.0298418008908,240.001,5.3014799626426e-08,5.3014799626426e-08,25.726186956144574,25.726186956144574,21.646909210097995,21.646909210097995
1,1,1,1,1,1,1,1,0,1,1,1,1,1,1,1,0,1,0,1,1,1,1,1,0,1,1,1,1,1,1,1,1,1,1,1,1,1,1,1,0,1,1,1,1,1,1,0,1,1,1,1,0,1,1,1,1,1,1,0,0,1,1,0,1,1,1,1,1,1,1,1,1,1,0,1,1,1,1,1,44,-17.030029217402337,240.001,5.302698218475847e-08,5.302698218475847e-08,25.725001665438143,25.725001665438143,21.619424234966917,21.619424234966917
1,1,1,1,1,1,1,1,0,1,1,1,1,1,1,1,0,1,0,1,1,1,1,1,0,1,1,1,1,1,1,1,1,1,1,1,1,1,1,1,0,1,1,1,1,1,1,0,1,1,1,1,0,1,1,1,1,1,1,0,0,1,1,0,1,1,1,1,1,1,1,1,1,1,0,1,1,1,1,1,45,-17.029987664406548,240.001,5.304102104314359e-08,5.304102104314359e-08,25.7238935788482,25.7238935788482,21.625503170235497,21.625503170235497
1,1,1,1,1,1,1,1,0,1,1,1,1,1,1,1,0,1,0,1,1,1,1,1,0,1,1,1,1,1,1,1,1,1,1,1,1,1,1,1,0,1,1,1,1,1,1,0,1,1,1,1,0,1,1,1,1,1,1,0,0,1,1,0,1,1,1,1,1,1,1,1,1,1,0,1,1,1,1,1,46,-17.029714592529366,240.001,5.3056938386245274e-08,5.3056938386245274e-08,25.722863550389683,25.722863550389683,21.665663463269283,21.665663463269283
1,1,1,1,1,1,1,1,0,1,1,1,1,1,1,1,0,1,0,1,1,1,1,1,0,1,1,1,1,1,1,1,1,1,1,1,1,1,1,1,0,1,1,1,1,1,1,0,1,1,1,1,0,1,1,1,1,1,1,0,0,1,1,0,1,1,1,1,1,1,1,1,1,1,0,1,1,1,1,1,47,-17.028745866308252,240.001,5.307850486358842e-08,5.307850486358842e-08,25.72206732383982,25.72206732383982,21.811183948147495,21.811183948147495
1,1,1,1,1,1,1,1,0,1,1,1,1,1,1,1,0,1,0,1,1,1,1,1,0,1,1,1,1,1,1,1,1,1,1,1,1,1,1,1,0,1,1,1,1,1,1,0,1,1,1,1,0,1,1,1,1,1,1,0,0,1,1,0,1,1,1,1,1,1,1,1,1,1,0,1,1,1,1,1,49,-17.028589489311923,240.001,5.310718380035084e-08,5.310718380035084e-08,25.71987779067776,25.71987779067776,21.835135466798867,21.835135466798867
1,1,1,1,1,1,1,1,0,1,1,1,1,1,1,1,0,1,0,1,1,1,1,1,0,1,1,1,1,1,1,1,1,1,1,1,1,1,1,1,0,1,1,1,1,1,1,0,1,1,1,1,0,1,1,1,1,1,1,0,0,1,1,0,1,1,1,1,1,1,1,1,1,1,0,1,1,1,1,1,50,-17.029365533011696,240.001,5.3114583165410386e-08,5.3114583165410386e-08,25.71849669143957,25.71849669143957,21.71754217588903,21.71754217588903
1,1,1,1,1,1,1,1,0,1,1,1,1,1,1,1,0,1,0,1,1,1,1,1,0,1,1,1,1,1,1,1,1,1,1,1,1,1,1,1,0,1,1,1,1,1,1,0,1,1,1,1,0,1,1,1,1,1,1,0,0,1,1,0,1,1,1,1,1,1,1,1,1,1,0,1,1,1,1,1,51,-17.02932146372236,240.001,5.312864446085224e-08,5.312864446085224e-08,25.717391182879865,25.717391182879865,21.724135922596297,21.724135922596297
1,1,1,1,1,1,1,1,0,1,1,1,1,1,1,1,0,1,0,1,1,1,1,1,0,1,1,1,1,1,1,1,1,1,1,1,1,1,1,1,0,1,1,1,1,1,1,0,1,1,1,1,0,1,1,1,1,1,1,0,0,1,1,0,1,1,1,1,1,1,1,1,1,1,0,1,1,1,1,1,52,-17.028455881109267,240.001,5.3149384476509335e-08,5.3149384476509335e-08,25.716561725688617,25.716561725688617,21.85570407765075,21.85570407765075
1,1,1,1,1,1,1,1,0,1,1,1,1,1,1,1,0,1,0,1,1,1,1,1,0,1,1,1,1,1,1,1,1,1,1,1,1,1,1,1,0,1,1,1,1,1,1,0,1,1,1,1,0,1,1,1,1,1,1,0,0,1,1,0,1,1,1,1,1,1,1,1,1,1,0,1,1,1,1,1,54,-17.02841671571059,240.001,5.3177113390731084e-08,5.3177113390731084e-08,25.714335695684408,25.714335695684408,21.86175187101156,21.86175187101156
1,1,1,1,1,1,1,1,0,1,1,1,1,1,1,1,0,1,0,1,1,1,1,1,0,1,1,1,1,1,1,1,1,1,1,1,1,1,1,1,0,1,1,1,1,1,1,0,1,1,1,1,0,1,1,1,1,1,1,0,0,1,1,0,1,1,1,1,1,1,1,1,1,1,0,1,1,1,1,1,55,-17.029270557898418,240.001,5.318387201506684e-08,5.318387201506684e-08,25.712929915537934,25.712929915537934,21.73176496556303,21.73176496556303
1,1,1,1,1,1,1,1,0,1,1,1,1,1,1,1,0,1,0,1,1,1,1,1,0,1,1,1,1,1,1,1,1,1,1,1,1,1,1,1,0,1,1,1,1,1,1,0,1,1,1,1,0,1,1,1,1,1,1,0,0,1,1,0,1,1,1,1,1,1,1,1,1,1,0,1,1,1,1,1,56,-17.029406838127265,240.001,5.319646679344172e-08,5.319646679344172e-08,25.71176527934861,25.71176527934861,21.71137102615914,21.71137102615914
1,1,1,1,1,1,1,1,0,1,1,1,1,1,1,1,0,1,0,1,1,1,1,1,0,1,1,1,1,1,1,1,1,1,1,1,1,1,1,1,0,1,1,1,1,1,1,0,1,1,1,1,0,1,1,1,1,1,1,0,0,1,1,0,1,1,1,1,1,1,1,1,1,1,0,1,1,1,1,1,57,-17.029273742788607,240.001,5.3211252953639e-08,5.3211252953639e-08,25.71069140439624,25.71069140439624,21.731287268809755,21.731287268809755
1,1,1,1,1,1,1,1,0,1,1,1,1,1,1,1,0,1,0,1,1,1,1,1,0,1,1,1,1,1,1,1,1,1,1,1,1,1,1,1,0,1,1,1,1,1,1,0,1,1,1,1,0,1,1,1,1,1,1,0,0,1,1,0,1,1,1,1,1,1,1,1,1,1,0,1,1,1,1,1,58,-17.028838511539227,240.001,5.322849917619507e-08,5.322849917619507e-08,25.709719278111343,25.709719278111343,21.797055577750335,21.797055577750335
1,1,1,1,1,1,1,1,0,1,1,1,1,1,1,1,0,1,0,1,1,1,1,1,0,1,1,1,1,1,1,1,1,1,1,1,1,1,1,1,0,1,1,1,1,1,1,0,1,1,1,1,0,1,1,1,1,1,1,0,0,1,1,0,1,1,1,1,1,1,1,1,1,1,0,1,1,1,1,1,59,-17.027540977947748,240.001,5.3252772372623234e-08,5.3252772372623234e-08,25.709036798636454,25.709036798636454,21.99921305512147,21.99921305512147
1,1,1,1,1,1,1,1,0,1,1,1,1,1,1,1,0,1,0,1,1,1,1,1,0,1,1,1,1,1,1,1,1,1,1,1,1,1,1,1,0,1,1,1,1,1,1,0,1,1,1,1,0,1,1,1,1,1,1,0,0,1,1,0,1,1,1,1,1,1,1,1,1,1,0,1,1,1,1,1,62,-17.02694674049122,240.001,5.3298737488370417e-08,5.3298737488370417e-08,25.705884041349613,25.705884041349613,22.095012921474705,22.095012921474705
1,1,1,1,1,1,1,1,0,1,1,1,1,1,1,1,0,1,0,1,1,1,1,1,0,1,1,1,1,1,1,1,1,1,1,1,1,1,1,1,0,1,1,1,1,1,1,0,1,1,1,1,0,1,1,1,1,1,1,0,0,1,1,0,1,1,1,1,1,1,1,1,1,1,0,1,1,1,1,1,63,-17.027213397327206,240.001,5.331027095627825e-08,5.331027095627825e-08,25.704677703793926,25.704677703793926,22.051763950602602,22.051763950602602
1,1,1,1,1,1,1,1,0,1,1,1,1,1,1,1,0,1,0,1,1,1,1,1,0,1,1,1,1,1,1,1,1,1,1,1,1,1,1,1,0,1,1,1,1,1,1,0,1,1,1,1,0,1,1,1,1,1,1,0,0,1,1,0,1,1,1,1,1,1,1,1,1,1,0,1,1,1,1,1,65,-17.027794541331357,240.001,5.333294618809994e-08,5.333294618809994e-08,25.702249704740172,25.702249704740172,21.958965575246168,21.958965575246168
1,1,1,1,1,1,1,1,0,1,1,1,1,1,1,1,0,1,0,1,1,1,1,1,0,1,1,1,1,1,1,1,1,1,1,1,1,1,1,1,0,1,1,1,1,1,1,0,1,1,1,1,0,1,1,1,1,1,1,0,0,1,1,0,1,1,1,1,1,1,1,1,1,1,0,1,1,1,1,1,66,-17.028819011268844,240.001,5.333829357037927e-08,5.333829357037927e-08,25.700789814979355,25.700789814979355,21.80002557165706,21.80002557165706
1,1,1,1,1,1,1,1,0,1,1,1,1,1,1,1,0,1,0,1,1,1,1,1,0,1,1,1,1,1,1,1,1,1,1,1,1,1,1,1,0,1,1,1,1,1,1,0,1,1,1,1,0,1,1,1,1,1,1,0,0,1,1,0,1,1,1,1,1,1,1,1,1,1,0,1,1,1,1,1,67,-17.029130386789255,240.001,5.334945772618908e-08,5.334945772618908e-08,25.699569519508515,25.699569519508515,21.752840879828774,21.752840879828774
1,1,1,1,1,1,1,1,0,1,1,1,1,1,1,1,0,1,0,1,1,1,1,1,0,1,1,1,1,1,1,1,1,1,1,1,1,1,1,1,0,1,1,1,1,1,1,0,1,1,1,1,0,1,1,1,1,1,1,0,0,1,1,0,1,1,1,1,1,1,1,1,1,1,0,1,1,1,1,1,68,-17.029236747282432,240.001,5.3362293761386537e-08,5.3362293761386537e-08,25.69841835950545,25.69841835950545,21.73683938826472,21.73683938826472
1,1,1,1,1,1,1,1,0,1,1,1,1,1,1,1,0,1,0,1,1,1,1,1,0,1,1,1,1,1,1,1,1,1,1,1,1,1,1,1,0,1,1,1,1,1,1,0,1,1,1,1,0,1,1,1,1,1,1,0,0,1,1,0,1,1,1,1,1,1,1,1,1,1,0,1,1,1,1,1,69,-17.02923776925623,240.001,5.337598907946577e-08,5.337598907946577e-08,25.69730287307822,25.69730287307822,21.736685920293827,21.736685920293827
1,1,1,1,1,1,1,1,0,1,1,1,1,1,1,1,0,1,0,1,1,1,1,1,0,1,1,1,1,1,1,1,1,1,1,1,1,1,1,1,0,1,1,1,1,1,1,0,1,1,1,1,0,1,1,1,1,1,1,0,0,1,1,0,1,1,1,1,1,1,1,1,1,1,0,1,1,1,1,1,70,-17.02916195660814,240.001,5.339031160108976e-08,5.339031160108976e-08,25.69621348807388,25.69621348807388,21.748085217715424,21.748085217715424
1,1,1,1,1,1,1,1,0,1,1,1,1,1,1,1,0,1,0,1,1,1,1,1,0,1,1,1,1,1,1,1,1,1,1,1,1,1,1,1,0,1,1,1,1,1,1,0,1,1,1,1,0,1,1,1,1,1,1,0,0,1,1,0,1,1,1,1,1,1,1,1,1,1,0,1,1,1,1,1,71,-17.029010344617138,240.001,5.3405253395617166e-08,5.3405253395617166e-08,25.695149855039393,25.695149855039393,21.77097135465447,21.77097135465447
1,1,1,1,1,1,1,1,0,1,1,1,1,1,1,1,0,1,0,1,1,1,1,1,0,1,1,1,1,1,1,1,1,1,1,1,1,1,1,1,0,1,1,1,1,1,1,0,1,1,1,1,0,1,1,1,1,1,1,0,0,1,1,0,1,1,1,1,1,1,1,1,1,1,0,1,1,1,1,1,72,-17.0287572270282,240.001,5.342102505028233e-08,5.342102505028233e-08,25.69412060227134,25.69412060227134,21.809448983409084,21.809448983409084
1,1,1,1,1,1,1,1,0,1,1,1,1,1,1,1,0,1,0,1,1,1,1,1,0,1,1,1,1,1,1,1,1,1,1,1,1,1,1,1,0,1,1,1,1,1,1,0,1,1,1,1,0,1,1,1,1,1,1,0,0,1,1,0,1,1,1,1,1,1,1,1,1,1,0,1,1,1,1,1,73,-17.02830847638684,240.001,5.343839679169172e-08,5.343839679169172e-08,25.693157319912416,25.693157319912416,21.87850948291244,21.87850948291244
1,1,1,1,1,1,1,1,0,1,1,1,1,1,1,1,0,1,0,1,1,1,1,1,0,1,1,1,1,1,1,1,1,1,1,1,1,1,1,1,0,1,1,1,1,1,1,0,1,1,1,1,0,1,1,1,1,1,1,0,0,1,1,0,1,1,1,1,1,1,1,1,1,1,0,1,1,1,1,1,74,-17.027168799980725,240.001,5.3461421966576815e-08,5.3461421966576815e-08,25.692426140657926,25.692426140657926,22.05896743547636,22.05896743547636
1,1,1,1,1,1,1,1,0,1,1,1,1,1,1,1,0,1,0,1,1,1,1,1,0,1,1,1,1,1,1,1,1,1,1,1,1,1,1,1,0,1,1,1,1,1,1,0,1,1,1,1,0,1,1,1,1,1,1,0,0,1,1,0,1,1,1,1,1,1,1,1,1,1,0,1,1,1,1,1,76,-17.02663479791045,240.001,5.349320631783412e-08,5.349320631783412e-08,25.69037890449855,25.69037890449855,22.146156095705702,22.146156095705702
1,1,1,1,1,1,1,1,0,1,1,1,1,1,1,1,0,1,0,1,1,1,1,1,0,1,1,1,1,1,1,1,1,1,1,1,1,1,1,1,0,1,1,1,1,1,1,0,1,1,1,1,0,1,1,1,1,1,1,0,0,1,1,0,1,1,1,1,1,1,1,1,1,1,0,1,1,1,1,1,77,-17.02719494422527,240.001,5.3502329058228705e-08,5.3502329058228705e-08,25.689078174792307,25.689078174792307,22.054743105896925,22.054743105896925
1,1,1,1,1,1,1,1,0,1,1,1,1,1,1,1,0,1,0,1,1,1,1,1,0,1,1,1,1,1,1,1,1,1,1,1,1,1,1,1,0,1,1,1,1,1,1,0,1,1,1,1,0,1,1,1,1,1,1,0,0,1,1,0,1,1,1,1,1,1,1,1,1,1,0,1,1,1,1,1,78,-17.02694849942133,240.001,5.351805417983804e-08,5.351805417983804e-08,25.688048351770494,25.688048351770494,22.094726234275367,22.094726234275367
1,1,1,1,1,1,1,1,0,1,1,1,1,1,1,1,0,1,0,1,1,1,1,1,0,1,1,1,1,1,1,1,1,1,1,1,1,1,1,1,0,1,1,1,1,1,1,0,1,1,1,1,0,1,1,1,1,1,1,0,0,1,1,0,1,1,1,1,1,1,1,1,1,1,0,1,1,1,1,1,79,-17.02623090582349,240.001,5.3537639423331476e-08,5.3537639423331476e-08,25.68717691016907,25.68717691016907,22.213276402445977,22.213276402445977
1,1,1,1,1,1,1,1,0,1,1,1,1,1,1,1,0,1,0,1,1,1,1,1,0,1,1,1,1,1,1,1,1,1,1,1,1,1,1,1,0,1,1,1,1,1,1,0,1,1,1,1,0,1,1,1,1,1,1,0,0,1,1,0,1,1,1,1,1,1,1,1,1,1,0,1,1,1,1,1,80,-17.024488293585424,240.001,5.3565631291066034e-08,5.3565631291066034e-08,25.68664943039389,25.68664943039389,22.515310913998448,22.515310913998448
1,1,1,1,1,1,1,1,0,1,1,1,1,1,1,1,0,1,0,1,1,1,1,1,0,1,1,1,1,1,1,1,1,1,1,1,1,1,1,1,0,1,1,1,1,1,1,0,1,1,1,1,0,1,1,1,1,1,1,0,0,1,1,1,1,1,1,1,1,1,1,1,1,1,0,1,1,1,1,1,1,-17.024485335343392,240.001,5.248227894072441e-08,5.248227894072441e-08,25.77538781296755,25.77538781296755,22.515841820472396,22.515841820472396
1,1,1,1,1,1,1,1,0,1,1,1,1,1,1,1,0,1,0,1,1,1,1,1,0,1,1,1,1,1,1,1,1,1,1,1,1,1,1,1,0,1,1,1,1,1,1,0,1,1,1,1,0,1,1,1,1,1,1,0,0,1,1,1,1,1,1,1,1,1,1,1,1,1,0,1,1,1,1,1,2,-17.026297834239944,240.001,5.2481434974973507e-08,5.2481434974973507e-08,25.773645153381153,25.773645153381153,22.202082466696513,22.202082466696513
1,1,1,1,1,1,1,1,0,1,1,1,1,1,1,1,0,1,0,1,1,1,1,1,0,1,1,1,1,1,1,1,1,1,1,1,1,1,1,1,0,1,1,1,1,1,1,0,1,1,1,1,0,1,1,1,1,1,1,0,0,1,1,1,1,1,1,1,1,1,1,1,1,1,0,1,1,1,1,1,3,-17.027136720822835,240.001,5.248840881578887e-08,5.248840881578887e-08,25.772229205715025,25.772229205715025,22.06415630076812,22.06415630076812
1,1,1,1,1,1,1,1,0,1,1,1,1,1,1,1,0,1,0,1,1,1,1,1,0,1,1,1,1,1,1,1,1,1,1,1,1,1,1,1,0,1,1,1,1,1,1,0,1,1,1,1,0,1,1,1,1,1,1,0,0,1,1,1,1,1,1,1,1,1,1,1,1,1,0,1,1,1,1,1,4,-17.027643714025974,240.001,5.2498045853666693e-08,5.2498045853666693e-08,25.770924907298152,25.770924907298152,21.98286132613952,21.98286132613952
1,1,1,1,1,1,1,1,0,1,1,1,1,1,1,1,0,1,0,1,1,1,1,1,0,1,1,1,1,1,1,1,1,1,1,1,1,1,1,1,0,1,1,1,1,1,1,0,1,1,1,1,0,1,1,1,1,1,1,0,0,1,1,1,1,1,1,1,1,1,1,1,1,1,0,1,1,1,1,1,5,-17.027961576307455,240.001,5.250920022300808e-08,5.250920022300808e-08,25.76968438848519,25.76968438848519,21.93265359590299,21.93265359590299
1,1,1,1,1,1,1,1,0,1,1,1,1,1,1,1,0,1,0,1,1,1,1,1,0,1,1,1,1,1,1,1,1,1,1,1,1,1,1,1,0,1,1,1,1,1,1,0,1,1,1,1,0,1,1,1,1,1,1,0,0,1,1,1,1,1,1,1,1,1,1,1,1,1,0,1,1,1,1,1,6,-17.02812048257578,240.001,5.252163026770031e-08,5.252163026770031e-08,25.768497536456625,25.768497536456625,21.90776825294918,21.90776825294918
1,1,1,1,1,1,1,1,0,1,1,1,1,1,1,1,0,1,0,1,1,1,1,1,0,1,1,1,1,1,1,1,1,1,1,1,1,1,1,1,0,1,1,1,1,1,1,0,1,1,1,1,0,1,1,1,1,1,1,0,0,1,1,1,1,1,1,1,1,1,1,1,1,1,0,1,1,1,1,1,7,-17.028055885173828,240.001,5.253585555962088e-08,5.253585555962088e-08,25.76738602236615,25.76738602236615,21.917867373429665,21.917867373429665
1,1,1,1,1,1,1,1,0,1,1,1,1,1,1,1,0,1,0,1,1,1,1,1,0,1,1,1,1,1,1,1,1,1,1,1,1,1,1,1,0,1,1,1,1,1,1,0,1,1,1,1,0,1,1,1,1,1,1,0,0,1,1,1,1,1,1,1,1,1,1,1,1,1,0,1,1,1,1,1,8,-17.027292604130977,240.001,5.255569871304394e-08,5.255569871304394e-08,25.76650925303631,25.76650925303631,22.038999450757267,22.038999450757267
1,1,1,1,1,1,1,1,0,1,1,1,1,1,1,1,0,1,0,1,1,1,1,1,0,1,1,1,1,1,1,1,1,1,1,1,1,1,1,1,0,1,1,1,1,1,1,0,1,1,1,1,0,1,1,1,1,1,1,0,0,1,1,1,1,1,1,1,1,1,1,1,1,1,0,1,1,1,1,1,10,-17.027560240632898,240.001,5.2580962266915163e-08,5.2580962266915163e-08,25.764154462130122,25.764154462130122,21.996142494644914,21.996142494644914
1,1,1,1,1,1,1,1,0,1,1,1,1,1,1,1,0,1,0,1,1,1,1,1,0,1,1,1,1,1,1,1,1,1,1,1,1,1,1,1,0,1,1,1,1,1,1,0,1,1,1,1,0,1,1,1,1,1,1,0,0,1,1,1,1,1,1,1,1,1,1,1,1,1,0,1,1,1,1,1,11,-17.028594896695985,240.001,5.258634594439866e-08,5.258634594439866e-08,25.76267516191568,25.76267516191568,21.834305049358914,21.834305049358914
1,1,1,1,1,1,1,1,0,1,1,1,1,1,1,1,0,1,0,1,1,1,1,1,0,1,1,1,1,1,1,1,1,1,1,1,1,1,1,1,0,1,1,1,1,1,1,0,1,1,1,1,0,1,1,1,1,1,1,0,0,1,1,1,1,1,1,1,1,1,1,1,1,1,0,1,1,1,1,1,12,-17.02893816788667,240.001,5.259728983797291e-08,5.259728983797291e-08,25.761428162198857,25.761428162198857,21.781908815830935,21.781908815830935
1,1,1,1,1,1,1,1,0,1,1,1,1,1,1,1,0,1,0,1,1,1,1,1,0,1,1,1,1,1,1,1,1,1,1,1,1,1,1,1,0,1,1,1,1,1,1,0,1,1,1,1,0,1,1,1,1,1,1,0,0,1,1,1,1,1,1,1,1,1,1,1,1,1,0,1,1,1,1,1,13,-17.029066836122343,240.001,5.2609959086821396e-08,5.2609959086821396e-08,25.760253523281968,25.760253523281968,21.76242983793667,21.76242983793667
1,1,1,1,1,1,1,1,0,1,1,1,1,1,1,1,0,1,0,1,1,1,1,1,0,1,1,1,1,1,1,1,1,1,1,1,1,1,1,1,0,1,1,1,1,1,1,0,1,1,1,1,0,1,1,1,1,1,1,0,0,1,1,1,1,1,1,1,1,1,1,1,1,1,0,1,1,1,1,1,14,-17.02903921064771,240.001,5.262388549573419e-08,5.262388549573419e-08,25.759131677765996,25.759131677765996,21.766604725292883,21.766604725292883
1,1,1,1,1,1,1,1,0,1,1,1,1,1,1,1,0,1,0,1,1,1,1,1,0,1,1,1,1,1,1,1,1,1,1,1,1,1,1,1,0,1,1,1,1,1,1,0,1,1,1,1,0,1,1,1,1,1,1,0,0,1,1,1,1,1,1,1,1,1,1,1,1,1,0,1,1,1,1,1,15,-17.028779755700103,240.001,5.2639678264696986e-08,5.2639678264696986e-08,25.75808798236966,25.75808798236966,21.80601052794556,21.80601052794556
1,1,1,1,1,1,1,1,0,1,1,1,1,1,1,1,0,1,0,1,1,1,1,1,0,1,1,1,1,1,1,1,1,1,1,1,1,1,1,1,0,1,1,1,1,1,1,0,1,1,1,1,0,1,1,1,1,1,1,0,0,1,1,1,1,1,1,1,1,1,1,1,1,1,0,1,1,1,1,1,16,-17.027779731681868,240.001,5.2661438140584717e-08,5.2661438140584717e-08,25.757293116745302,25.757293116745302,21.961306109883253,21.961306109883253
1,1,1,1,1,1,1,1,0,1,1,1,1,1,1,1,0,1,0,1,1,1,1,1,0,1,1,1,1,1,1,1,1,1,1,1,1,1,1,1,0,1,1,1,1,1,1,0,1,1,1,1,0,1,1,1,1,1,1,0,0,1,1,1,1,1,1,1,1,1,1,1,1,1,0,1,1,1,1,1,18,-17.026663728115864,240.001,5.269784793952301e-08,5.269784793952301e-08,25.75540747214456,25.75540747214456,22.141387707424283,22.141387707424283
1,1,1,1,1,1,1,1,0,1,1,1,1,1,1,1,0,1,0,1,1,1,1,1,0,1,1,1,1,1,1,1,1,1,1,1,1,1,1,1,0,1,1,1,1,1,1,0,1,1,1,1,0,1,1,1,1,1,1,0,0,1,1,1,1,1,1,1,1,1,1,1,1,1,0,1,1,1,1,1,20,-17.027989359788496,240.001,5.27145755972118e-08,5.27145755972118e-08,25.75270349639319,25.75270349639319,21.92829236094375,21.92829236094375
1,1,1,1,1,1,1,1,0,1,1,1,1,1,1,1,0,1,0,1,1,1,1,1,0,1,1,1,1,1,1,1,1,1,1,1,1,1,1,1,0,1,1,1,1,1,1,0,1,1,1,1,0,1,1,1,1,1,1,0,0,1,1,1,1,1,1,1,1,1,1,1,1,1,0,1,1,1,1,1,21,-17.029076309402427,240.001,5.2719516088383735e-08,5.2719516088383735e-08,25.75120953837787,25.75120953837787,21.76099911025318,21.76099911025318
1,1,1,1,1,1,1,1,0,1,1,1,1,1,1,1,0,1,0,1,1,1,1,1,0,1,1,1,1,1,1,1,1,1,1,1,1,1,1,1,0,1,1,1,1,1,1,0,1,1,1,1,0,1,1,1,1,1,1,0,0,1,1,1,1,1,1,1,1,1,1,1,1,1,0,1,1,1,1,1,22,-17.029383808357448,240.001,5.273074066316003e-08,5.273074066316003e-08,25.74997747630548,25.74997747630548,21.714810691608815,21.714810691608815
1,1,1,1,1,1,1,1,0,1,1,1,1,1,1,1,0,1,0,1,1,1,1,1,0,1,1,1,1,1,1,1,1,1,1,1,1,1,1,1,0,1,1,1,1,1,1,0,1,1,1,1,0,1,1,1,1,1,1,0,0,1,1,1,1,1,1,1,1,1,1,1,1,1,0,1,1,1,1,1,23,-17.029340587177966,240.001,5.274479299732692e-08,5.274479299732692e-08,25.7488634904985,25.7488634904985,21.721273406528823,21.721273406528823
1,1,1,1,1,1,1,1,0,1,1,1,1,1,1,1,0,1,0,1,1,1,1,1,0,1,1,1,1,1,1,1,1,1,1,1,1,1,1,1,0,1,1,1,1,1,1,0,1,1,1,1,0,1,1,1,1,1,1,0,0,1,1,1,1,1,1,1,1,1,1,1,1,1,0,1,1,1,1,1,24,-17.0285637373384,240.001,5.27647664644781e-08,5.27647664644781e-08,25.747996059627184,25.747996059627184,21.839092389408336,21.839092389408336
1,1,1,1,1,1,1,1,0,1,1,1,1,1,1,1,0,1,0,1,1,1,1,1,0,1,1,1,1,1,1,1,1,1,1,1,1,1,1,1,0,1,1,1,1,1,1,0,1,1,1,1,0,1,1,1,1,1,1,0,0,1,1,1,1,1,1,1,1,1,1,1,1,1,0,1,1,1,1,1,26,-17.028798467852454,240.001,5.279028236294388e-08,5.279028236294388e-08,25.74566168267396,25.74566168267396,21.803156626273577,21.803156626273577
1,1,1,1,1,1,1,1,0,1,1,1,1,1,1,1,0,1,0,1,1,1,1,1,0,1,1,1,1,1,1,1,1,1,1,1,1,1,1,1,0,1,1,1,1,1,1,0,1,1,1,1,0,1,1,1,1,1,1,0,0,1,1,1,1,1,1,1,1,1,1,1,1,1,0,1,1,1,1,1,27,-17.02983600649097,240.001,5.2795608520635325e-08,5.2795608520635325e-08,25.744185994415687,25.744185994415687,21.647761728762852,21.647761728762852
1,1,1,1,1,1,1,1,0,1,1,1,1,1,1,1,0,1,0,1,1,1,1,1,0,1,1,1,1,1,1,1,1,1,1,1,1,1,1,1,0,1,1,1,1,1,1,0,1,1,1,1,0,1,1,1,1,1,1,0,0,1,1,1,1,1,1,1,1,1,1,1,1,1,0,1,1,1,1,1,28,-17.030209079506772,240.001,5.2806298817636496e-08,5.2806298817636496e-08,25.742933631029018,25.742933631029018,21.593208588772566,21.593208588772566
1,1,1,1,1,1,1,1,0,1,1,1,1,1,1,1,0,1,0,1,1,1,1,1,0,1,1,1,1,1,1,1,1,1,1,1,1,1,1,1,0,1,1,1,1,1,1,0,1,1,1,1,0,1,1,1,1,1,1,0,0,1,1,1,1,1,1,1,1,1,1,1,1,1,0,1,1,1,1,1,29,-17.030411689756278,240.001,5.281836452156304e-08,5.281836452156304e-08,25.741738815267524,25.741738815267524,21.563864321526722,21.563864321526722
1,1,1,1,1,1,1,1,0,1,1,1,1,1,1,1,0,1,0,1,1,1,1,1,0,1,1,1,1,1,1,1,1,1,1,1,1,1,1,1,0,1,1,1,1,1,1,0,1,1,1,1,0,1,1,1,1,1,1,0,0,1,1,1,1,1,1,1,1,1,1,1,1,1,0,1,1,1,1,1,30,-17.030539846452072,240.001,5.2831030810845815e-08,5.2831030810845815e-08,25.740569308632956,25.740569308632956,21.54540439418357,21.54540439418357
1,1,1,1,1,1,1,1,0,1,1,1,1,1,1,1,0,1,0,1,1,1,1,1,0,1,1,1,1,1,1,1,1,1,1,1,1,1,1,1,0,1,1,1,1,1,1,0,1,1,1,1,0,1,1,1,1,1,1,0,0,1,1,1,1,1,1,1,1,1,1,1,1,1,0,1,1,1,1,1,31,-17.03062541998917,240.001,5.284404057820854e-08,5.284404057820854e-08,25.7394144062313,25.7394144062313,21.533121466494862,21.533121466494862
1,1,1,1,1,1,1,1,0,1,1,1,1,1,1,1,0,1,0,1,1,1,1,1,0,1,1,1,1,1,1,1,1,1,1,1,1,1,1,1,0,1,1,1,1,1,1,0,1,1,1,1,0,1,1,1,1,1,1,0,0,1,1,1,1,1,1,1,1,1,1,1,1,1,0,1,1,1,1,1,32,-17.030681687883916,240.001,5.2857286767312794e-08,5.2857286767312794e-08,25.738269647395366,25.738269647395366,21.525063727063504,21.525063727063504
1,1,1,1,1,1,1,1,0,1,1,1,1,1,1,1,0,1,0,1,1,1,1,1,0,1,1,1,1,1,1,1,1,1,1,1,1,1,1,1,0,1,1,1,1,1,1,0,1,1,1,1,0,1,1,1,1,1,1,0,0,1,1,1,1,1,1,1,1,1,1,1,1,1,0,1,1,1,1,1,33,-17.030714476724583,240.001,5.287072245546647e-08,5.287072245546647e-08,25.73713307436355,25.73713307436355,21.52037509892327,21.52037509892327
1,1,1,1,1,1,1,1,0,1,1,1,1,1,1,1,0,1,0,1,1,1,1,1,0,1,1,1,1,1,1,1,1,1,1,1,1,1,1,1,0,1,1,1,1,1,1,0,1,1,1,1,0,1,1,1,1,1,1,0,0,1,1,1,1,1,1,1,1,1,1,1,1,1,0,1,1,1,1,1,34,-17.0307256066328,240.001,5.2884333069875906e-08,5.2884333069875906e-08,25.73600407548224,25.73600407548224,21.518784723793036,21.518784723793036
1,1,1,1,1,1,1,1,0,1,1,1,1,1,1,1,0,1,0,1,1,1,1,1,0,1,1,1,1,1,1,1,1,1,1,1,1,1,1,1,0,1,1,1,1,1,1,0,1,1,1,1,0,1,1,1,1,1,1,0,0,1,1,1,1,1,1,1,1,1,1,1,1,1,0,1,1,1,1,1,35,-17.030713734739408,240.001,5.289812960494564e-08,5.289812960494564e-08,25.734883101924197,25.734883101924197,21.520481143252677,21.520481143252677
1,1,1,1,1,1,1,1,0,1,1,1,1,1,1,1,0,1,0,1,1,1,1,1,0,1,1,1,1,1,1,1,1,1,1,1,1,1,1,1,0,1,1,1,1,1,1,0,1,1,1,1,0,1,1,1,1,1,1,0,0,1,1,1,1,1,1,1,1,1,1,1,1,1,0,1,1,1,1,1,36,-17.030673556907168,240.001,5.291215511414375e-08,5.291215511414375e-08,25.73377193585778,25.73377193585778,21.526227191267665,21.526227191267665
1,1,1,1,1,1,1,1,0,1,1,1,1,1,1,1,0,1,0,1,1,1,1,1,0,1,1,1,1,1,1,1,1,1,1,1,1,1,1,1,0,1,1,1,1,1,1,0,1,1,1,1,0,1,1,1,1,1,1,0,0,1,1,1,1,1,1,1,1,1,1,1,1,1,0,1,1,1,1,1,37,-17.030592419441824,240.001,5.292651217659177e-08,5.292651217659177e-08,25.732674828510454,25.732674828510454,21.53785416452447,21.53785416452447
1,1,1,1,1,1,1,1,0,1,1,1,1,1,1,1,0,1,0,1,1,1,1,1,0,1,1,1,1,1,1,1,1,1,1,1,1,1,1,1,0,1,1,1,1,1,1,0,1,1,1,1,0,1,1,1,1,1,1,0,0,1,1,1,1,1,1,1,1,1,1,1,1,1,0,1,1,1,1,1,38,-17.03043926043273,240.001,5.294145251813638e-08,5.294145251813638e-08,25.731602213896274,25.731602213896274,21.559886406603532,21.559886406603532
1,1,1,1,1,1,1,1,0,1,1,1,1,1,1,1,0,1,0,1,1,1,1,1,0,1,1,1,1,1,1,1,1,1,1,1,1,1,1,1,0,1,1,1,1,1,1,0,1,1,1,1,0,1,1,1,1,1,1,0,0,1,1,1,1,1,1,1,1,1,1,1,1,1,0,1,1,1,1,1,39,-17.030119206163832,240.001,5.29577450134711e-08,5.29577450134711e-08,25.73058595192462,25.73058595192462,21.60628835534542,21.60628835534542
1,1,1,1,1,1,1,1,0,1,1,1,1,1,1,1,0,1,0,1,1,1,1,1,0,1,1,1,1,1,1,1,1,1,1,1,1,1,1,1,0,1,1,1,1,1,1,0,1,1,1,1,0,1,1,1,1,1,1,0,0,1,1,1,1,1,1,1,1,1,1,1,1,1,0,1,1,1,1,1,40,-17.0291400147802,240.001,5.2979380301558046e-08,5.2979380301558046e-08,25.729791244623872,25.729791244623872,21.751389975641835,21.751389975641835
1,1,1,1,1,1,1,1,0,1,1,1,1,1,1,1,0,1,0,1,1,1,1,1,0,1,1,1,1,1,1,1,1,1,1,1,1,1,1,1,0,1,1,1,1,1,1,0,1,1,1,1,0,1,1,1,1,1,1,0,0,1,1,1,1,1,1,1,1,1,1,1,1,1,0,1,1,1,1,1,42,-17.0290506111983,240.001,5.300751238292172e-08,5.300751238292172e-08,25.727575154068116,25.727575154068116,21.76488133906709,21.76488133906709
1,1,1,1,1,1,1,1,0,1,1,1,1,1,1,1,0,1,0,1,1,1,1,1,0,1,1,1,1,1,1,1,1,1,1,1,1,1,1,1,0,1,1,1,1,1,1,0,1,1,1,1,0,1,1,1,1,1,1,0,0,1,1,1,1,1,1,1,1,1,1,1,1,1,0,1,1,1,1,1,43,-17.029929245366752,240.001,5.301409142948457e-08,5.301409142948457e-08,25.72615752718132,25.72615752718132,21.634063816244673,21.634063816244673
1,1,1,1,1,1,1,1,0,1,1,1,1,1,1,1,0,1,0,1,1,1,1,1,0,1,1,1,1,1,1,1,1,1,1,1,1,1,1,1,0,1,1,1,1,1,1,0,1,1,1,1,0,1,1,1,1,1,1,0,0,1,1,1,1,1,1,1,1,1,1,1,1,1,0,1,1,1,1,1,44,-17.030121031566196,240.001,5.3026238436122466e-08,5.3026238436122466e-08,25.72497076520535,25.72497076520535,21.606022304799936,21.606022304799936
1,1,1,1,1,1,1,1,0,1,1,1,1,1,1,1,0,1,0,1,1,1,1,1,0,1,1,1,1,1,1,1,1,1,1,1,1,1,1,1,0,1,1,1,1,1,1,0,1,1,1,1,0,1,1,1,1,1,1,0,0,1,1,1,1,1,1,1,1,1,1,1,1,1,0,1,1,1,1,1,45,-17.030084317026002,240.001,5.304023787803909e-08,5.304023787803909e-08,25.723861051463825,25.723861051463825,21.61137652557614,21.61137652557614
1,1,1,1,1,1,1,1,0,1,1,1,1,1,1,1,0,1,0,1,1,1,1,1,0,1,1,1,1,1,1,1,1,1,1,1,1,1,1,1,0,1,1,1,1,1,1,0,1,1,1,1,0,1,1,1,1,1,1,0,0,1,1,1,1,1,1,1,1,1,1,1,1,1,0,1,1,1,1,1,46,-17.02981663065262,240.001,5.3056111293741114e-08,5.3056111293741114e-08,25.72282921396979,25.72282921396979,21.650613665557863,21.650613665557863
1,1,1,1,1,1,1,1,0,1,1,1,1,1,1,1,0,1,0,1,1,1,1,1,0,1,1,1,1,1,1,1,1,1,1,1,1,1,1,1,0,1,1,1,1,1,1,0,1,1,1,1,0,1,1,1,1,1,1,0,0,1,1,1,1,1,1,1,1,1,1,1,1,1,0,1,1,1,1,1,47,-17.028853952892565,240.001,5.307762826433764e-08,5.307762826433764e-08,25.722030962215005,25.722030962215005,21.794705208925347,21.794705208925347
1,1,1,1,1,1,1,1,0,1,1,1,1,1,1,1,0,1,0,1,1,1,1,1,0,1,1,1,1,1,1,1,1,1,1,1,1,1,1,1,0,1,1,1,1,1,1,0,1,1,1,1,0,1,1,1,1,1,1,0,0,1,1,1,1,1,1,1,1,1,1,1,1,1,0,1,1,1,1,1,49,-17.028712005743863,240.001,5.3106189594421726e-08,5.3106189594421726e-08,25.71983657815984,25.71983657815984,21.816359089451826,21.816359089451826
1,1,1,1,1,1,1,1,0,1,1,1,1,1,1,1,0,1,0,1,1,1,1,1,0,1,1,1,1,1,1,1,1,1,1,1,1,1,1,1,0,1,1,1,1,1,1,0,1,1,1,1,0,1,1,1,1,1,1,0,0,1,1,1,1,1,1,1,1,1,1,1,1,1,0,1,1,1,1,1,50,-17.029496771041497,240.001,5.311351812336118e-08,5.311351812336118e-08,25.71845253806616,25.71845253806616,21.69796474068263,21.69796474068263
1,1,1,1,1,1,1,1,0,1,1,1,1,1,1,1,0,1,0,1,1,1,1,1,0,1,1,1,1,1,1,1,1,1,1,1,1,1,1,1,0,1,1,1,1,1,1,0,1,1,1,1,0,1,1,1,1,1,1,0,0,1,1,1,1,1,1,1,1,1,1,1,1,1,0,1,1,1,1,1,51,-17.02946281083472,240.001,5.312749704656406e-08,5.312749704656406e-08,25.717343630947113,25.717343630947113,21.70302235415329,21.70302235415329
1,1,1,1,1,1,1,1,0,1,1,1,1,1,1,1,0,1,0,1,1,1,1,1,0,1,1,1,1,1,1,1,1,1,1,1,1,1,1,1,0,1,1,1,1,1,1,0,1,1,1,1,0,1,1,1,1,1,1,0,0,1,1,1,1,1,1,1,1,1,1,1,1,1,0,1,1,1,1,1,52,-17.02860907214722,240.001,5.3148140264210705e-08,5.3148140264210705e-08,25.716510202970216,25.716510202970216,21.832128859503396,21.832128859503396
1,1,1,1,1,1,1,1,0,1,1,1,1,1,1,1,0,1,0,1,1,1,1,1,0,1,1,1,1,1,1,1,1,1,1,1,1,1,1,1,0,1,1,1,1,1,1,0,1,1,1,1,0,1,1,1,1,1,1,0,0,1,1,1,1,1,1,1,1,1,1,1,1,1,0,1,1,1,1,1,54,-17.028600579644458,240.001,5.317561921863499e-08,5.317561921863499e-08,25.71427386165621,25.71427386165621,21.833432483195672,21.833432483195672
1,1,1,1,1,1,1,1,0,1,1,1,1,1,1,1,0,1,0,1,1,1,1,1,0,1,1,1,1,1,1,1,1,1,1,1,1,1,1,1,0,1,1,1,1,1,1,0,1,1,1,1,0,1,1,1,1,1,1,0,0,1,1,1,1,1,1,1,1,1,1,1,1,1,0,1,1,1,1,1,55,-17.02947481392437,240.001,5.31822120498292e-08,5.31822120498292e-08,25.712861212822844,25.712861212822844,21.701234093790376,21.701234093790376
1,1,1,1,1,1,1,1,0,1,1,1,1,1,1,1,0,1,0,1,1,1,1,1,0,1,1,1,1,1,1,1,1,1,1,1,1,1,1,1,0,1,1,1,1,1,1,0,1,1,1,1,0,1,1,1,1,1,1,0,0,1,1,1,1,1,1,1,1,1,1,1,1,1,0,1,1,1,1,1,56,-17.029636655150938,240.001,5.319459862576553e-08,5.319459862576553e-08,25.71168798169485,25.71168798169485,21.677193590003476,21.677193590003476
1,1,1,1,1,1,1,1,0,1,1,1,1,1,1,1,0,1,0,1,1,1,1,1,0,1,1,1,1,1,1,1,1,1,1,1,1,1,1,1,0,1,1,1,1,1,1,0,1,1,1,1,0,1,1,1,1,1,1,0,0,1,1,1,1,1,1,1,1,1,1,1,1,1,0,1,1,1,1,1,57,-17.029536464057177,240.001,5.3209116598877997e-08,5.3209116598877997e-08,25.710603049574267,25.710603049574267,21.692060759032664,21.692060759032664
1,1,1,1,1,1,1,1,0,1,1,1,1,1,1,1,0,1,0,1,1,1,1,1,0,1,1,1,1,1,1,1,1,1,1,1,1,1,1,1,0,1,1,1,1,1,1,0,1,1,1,1,0,1,1,1,1,1,1,0,0,1,1,1,1,1,1,1,1,1,1,1,1,1,0,1,1,1,1,1,58,-17.02914516482278,240.001,5.3226004525404245e-08,5.3226004525404245e-08,25.709616169635243,25.709616169635243,21.750614080056387,21.750614080056387
1,1,1,1,1,1,1,1,0,1,1,1,1,1,1,1,0,1,0,1,1,1,1,1,0,1,1,1,1,1,1,1,1,1,1,1,1,1,1,1,0,1,1,1,1,1,1,0,1,1,1,1,0,1,1,1,1,1,1,0,0,1,1,1,1,1,1,1,1,1,1,1,1,1,0,1,1,1,1,1,59,-17.02790930894472,240.001,5.3249773945160736e-08,5.3249773945160736e-08,25.70891300648794,25.70891300648794,21.9408699328917,21.9408699328917
1,1,1,1,1,1,1,1,0,1,1,1,1,1,1,1,0,1,0,1,1,1,1,1,0,1,1,1,1,1,1,1,1,1,1,1,1,1,1,1,0,1,1,1,1,1,1,0,1,1,1,1,0,1,1,1,1,1,1,0,0,1,1,1,1,1,1,1,1,1,1,1,1,1,0,1,1,1,1,1,62,-17.027872626810165,240.001,5.3291192245111673e-08,5.3291192245111673e-08,25.705573008145887,25.705573008145887,21.946645537282464,21.946645537282464
1,1,1,1,1,1,1,1,0,1,1,1,1,1,1,1,0,1,0,1,1,1,1,1,0,1,1,1,1,1,1,1,1,1,1,1,1,1,1,1,0,1,1,1,1,1,1,0,1,1,1,1,0,1,1,1,1,1,1,0,0,1,1,1,1,1,1,1,1,1,1,1,1,1,0,1,1,1,1,1,63,-17.029097294614044,240.001,5.3294913944537964e-08,5.3294913944537964e-08,25.704045052496607,25.704045052496607,21.75783142844463,21.75783142844463
1,1,1,1,1,1,1,1,0,1,1,1,1,1,1,1,0,1,0,1,1,1,1,1,0,1,1,1,1,1,1,1,1,1,1,1,1,1,1,1,0,1,1,1,1,1,1,0,1,1,1,1,0,1,1,1,1,1,1,0,0,1,1,1,1,1,1,1,1,1,1,1,1,1,0,1,1,1,1,1,64,-17.02950395836219,240.001,5.330530285184094e-08,5.330530285184094e-08,25.702791890445816,25.702791890445816,21.69689509965987,21.69689509965987
1,1,1,1,1,1,1,1,0,1,1,1,1,1,1,1,0,1,0,1,1,1,1,1,0,1,1,1,1,1,1,1,1,1,1,1,1,1,1,1,0,1,1,1,1,1,1,0,1,1,1,1,0,1,1,1,1,1,1,0,0,1,1,1,1,1,1,1,1,1,1,1,1,1,0,1,1,1,1,1,65,-17.02967812765767,240.001,5.331758603152186e-08,5.331758603152186e-08,25.70161708850286,25.70161708850286,21.67105432493217,21.67105432493217
1,1,1,1,1,1,1,1,0,1,1,1,1,1,1,1,0,1,0,1,1,1,1,1,0,1,1,1,1,1,1,1,1,1,1,1,1,1,1,1,0,1,1,1,1,1,1,0,1,1,1,1,0,1,1,1,1,1,1,0,0,1,1,1,1,1,1,1,1,1,1,1,1,1,0,1,1,1,1,1,66,-17.029744315271298,240.001,5.333074907234977e-08,5.333074907234977e-08,25.700478847393025,25.700478847393025,21.66127425000148,21.66127425000148
1,1,1,1,1,1,1,1,0,1,1,1,1,1,1,1,0,1,0,1,1,1,1,1,0,1,1,1,1,1,1,1,1,1,1,1,1,1,1,1,0,1,1,1,1,1,1,0,1,1,1,1,0,1,1,1,1,1,1,0,0,1,1,1,1,1,1,1,1,1,1,1,1,1,0,1,1,1,1,1,67,-17.029745031775242,240.001,5.3344445811159246e-08,5.3344445811159246e-08,25.69936289165765,25.69936289165765,21.661168496881643,21.661168496881643
1,1,1,1,1,1,1,1,0,1,1,1,1,1,1,1,0,1,0,1,1,1,1,1,0,1,1,1,1,1,1,1,1,1,1,1,1,1,1,1,0,1,1,1,1,1,1,0,1,1,1,1,0,1,1,1,1,1,1,0,0,1,1,1,1,1,1,1,1,1,1,1,1,1,0,1,1,1,1,1,68,-17.029697087319075,240.001,5.3358539496178146e-08,5.3358539496178146e-08,25.698263574928696,25.698263574928696,21.6682505537071,21.6682505537071
1,1,1,1,1,1,1,1,0,1,1,1,1,1,1,1,0,1,0,1,1,1,1,1,0,1,1,1,1,1,1,1,1,1,1,1,1,1,1,1,0,1,1,1,1,1,1,0,1,1,1,1,0,1,1,1,1,1,1,0,0,1,1,1,1,1,1,1,1,1,1,1,1,1,0,1,1,1,1,1,69,-17.029605779646296,240.001,5.33729872107349e-08,5.33729872107349e-08,25.697179117025918,25.697179117025918,21.68176976194418,21.68176976194418
1,1,1,1,1,1,1,1,0,1,1,1,1,1,1,1,0,1,0,1,1,1,1,1,0,1,1,1,1,1,1,1,1,1,1,1,1,1,1,1,0,1,1,1,1,1,1,0,1,1,1,1,0,1,1,1,1,1,1,0,0,1,1,1,1,1,1,1,1,1,1,1,1,1,0,1,1,1,1,1,70,-17.029468505360313,240.001,5.3387810507109103e-08,5.3387810507109103e-08,25.696110391357255,25.696110391357255,21.70217387353617,21.70217387353617
1,1,1,1,1,1,1,1,0,1,1,1,1,1,1,1,0,1,0,1,1,1,1,1,0,1,1,1,1,1,1,1,1,1,1,1,1,1,1,1,0,1,1,1,1,1,1,0,1,1,1,1,0,1,1,1,1,1,1,0,0,1,1,1,1,1,1,1,1,1,1,1,1,1,0,1,1,1,1,1,71,-17.029273035317143,240.001,5.340310958582046e-08,5.340310958582046e-08,25.695061503639998,25.695061503639998,21.73139337685108,21.73139337685108
1,1,1,1,1,1,1,1,0,1,1,1,1,1,1,1,0,1,0,1,1,1,1,1,0,1,1,1,1,1,1,1,1,1,1,1,1,1,1,1,0,1,1,1,1,1,1,0,1,1,1,1,0,1,1,1,1,1,1,0,0,1,1,1,1,1,1,1,1,1,1,1,1,1,0,1,1,1,1,1,72,-17.028987050872345,240.001,5.3419148922367413e-08,5.3419148922367413e-08,25.69404330382482,25.69404330382482,21.774498234386122,21.774498234386122
1,1,1,1,1,1,1,1,0,1,1,1,1,1,1,1,0,1,0,1,1,1,1,1,0,1,1,1,1,1,1,1,1,1,1,1,1,1,1,1,0,1,1,1,1,1,1,0,1,1,1,1,0,1,1,1,1,1,1,0,0,1,1,1,1,1,1,1,1,1,1,1,1,1,0,1,1,1,1,1,73,-17.028512762335563,240.001,5.343672855589258e-08,5.343672855589258e-08,25.693088613800402,25.693088613800402,21.84693553760151,21.84693553760151
1,1,1,1,1,1,1,1,0,1,1,1,1,1,1,1,0,1,0,1,1,1,1,1,0,1,1,1,1,1,1,1,1,1,1,1,1,1,1,1,0,1,1,1,1,1,1,0,1,1,1,1,0,1,1,1,1,1,1,0,0,1,1,1,1,1,1,1,1,1,1,1,1,1,0,1,1,1,1,1,74,-17.027352710342807,240.001,5.345991929913838e-08,5.345991929913838e-08,25.69236430137519,25.69236430137519,22.029337909743862,22.029337909743862
1,1,1,1,1,1,1,1,0,1,1,1,1,1,1,1,0,1,0,1,1,1,1,1,0,1,1,1,1,1,1,1,1,1,1,1,1,1,1,1,0,1,1,1,1,1,1,0,1,1,1,1,0,1,1,1,1,1,1,0,0,1,1,1,1,1,1,1,1,1,1,1,1,1,0,1,1,1,1,1,76,-17.026788060053864,240.001,5.349195327993411e-08,5.349195327993411e-08,25.69032737374436,25.69032737374436,22.120953868256358,22.120953868256358
1,1,1,1,1,1,1,1,0,1,1,1,1,1,1,1,0,1,0,1,1,1,1,1,0,1,1,1,1,1,1,1,1,1,1,1,1,1,1,1,0,1,1,1,1,1,1,0,1,1,1,1,0,1,1,1,1,1,1,0,0,1,1,1,1,1,1,1,1,1,1,1,1,1,0,1,1,1,1,1,77,-17.027336372898944,240.001,5.350117268230557e-08,5.350117268230557e-08,25.68903061364152,25.68903061364152,22.03196189594051,22.03196189594051
1,1,1,1,1,1,1,1,0,1,1,1,1,1,1,1,0,1,0,1,1,1,1,1,0,1,1,1,1,1,1,1,1,1,1,1,1,1,1,1,0,1,1,1,1,1,1,0,1,1,1,1,0,1,1,1,1,1,1,0,0,1,1,1,1,1,1,1,1,1,1,1,1,1,0,1,1,1,1,1,78,-17.027079827235205,240.001,5.3516980066101984e-08,5.3516980066101984e-08,25.68800418825227,25.68800418825227,22.073374128509858,22.073374128509858
1,1,1,1,1,1,1,1,0,1,1,1,1,1,1,1,0,1,0,1,1,1,1,1,0,1,1,1,1,1,1,1,1,1,1,1,1,1,1,1,0,1,1,1,1,1,1,0,1,1,1,1,0,1,1,1,1,1,1,0,0,1,1,1,1,1,1,1,1,1,1,1,1,1,0,1,1,1,1,1,79,-17.02635350277085,240.001,5.353663627857689e-08,5.353663627857689e-08,25.687135688552736,25.687135688552736,22.192793571852604,22.192793571852604
1,1,1,1,1,1,1,1,0,1,1,1,1,1,1,1,0,1,0,1,1,1,1,1,0,1,1,1,1,1,1,1,1,1,1,1,1,1,1,1,0,1,1,1,1,1,1,0,1,1,1,1,0,1,1,1,1,1,1,0,0,1,1,1,1,1,1,1,1,1,1,1,1,1,0,1,1,1,1,1,80,-17.024603297078183,240.001,5.3564689593106406e-08,5.3564689593106406e-08,25.686610777690362,25.686610777690362,22.49472146037502,22.49472146037502
1,1,1,1,1,1,1,1,0,1,1,1,1,1,1,1,0,1,0,1,1,1,1,1,0,1,1,1,1,1,1,1,1,1,1,1,1,1,1,1,0,1,1,1,1,1,1,1,1,1,1,1,0,1,1,1,1,1,1,0,0,1,1,1,1,1,1,1,1,1,1,1,1,1,0,1,1,1,1,1,1,-17.02452444643623,240.001,5.248196525482505e-08,5.248196525482505e-08,25.77537465967705,25.77537465967705,22.50882788318969,22.50882788318969
1,1,1,1,1,1,1,1,0,1,1,1,1,1,1,1,0,1,0,1,1,1,1,1,0,1,1,1,1,1,1,1,1,1,1,1,1,1,1,1,0,1,1,1,1,1,1,1,1,1,1,1,0,1,1,1,1,1,1,0,0,1,1,1,1,1,1,1,1,1,1,1,1,1,0,1,1,1,1,1,2,-17.02633776845641,240.001,5.248111476581986e-08,5.248111476581986e-08,25.773631717200193,25.773631717200193,22.19541701049407,22.19541701049407
1,1,1,1,1,1,1,1,0,1,1,1,1,1,1,1,0,1,0,1,1,1,1,1,0,1,1,1,1,1,1,1,1,1,1,1,1,1,1,1,0,1,1,1,1,1,1,1,1,1,1,1,0,1,1,1,1,1,1,0,0,1,1,1,1,1,1,1,1,1,1,1,1,1,0,1,1,1,1,1,3,-17.027177530047855,240.001,5.248808158061802e-08,5.248808158061802e-08,25.772215472348314,25.772215472348314,22.057556396242873,22.057556396242873
1,1,1,1,1,1,1,1,0,1,1,1,1,1,1,1,0,1,0,1,1,1,1,1,0,1,1,1,1,1,1,1,1,1,1,1,1,1,1,1,0,1,1,1,1,1,1,1,1,1,1,1,0,1,1,1,1,1,1,0,0,1,1,1,1,1,1,1,1,1,1,1,1,1,0,1,1,1,1,1,4,-17.02768544337631,240.001,5.2497711198865054e-08,5.2497711198865054e-08,25.77091086263485,25.77091086263485,21.9762370114414,21.9762370114414
1,1,1,1,1,1,1,1,0,1,1,1,1,1,1,1,0,1,0,1,1,1,1,1,0,1,1,1,1,1,1,1,1,1,1,1,1,1,1,1,0,1,1,1,1,1,1,1,1,1,1,1,0,1,1,1,1,1,1,0,0,1,1,1,1,1,1,1,1,1,1,1,1,1,0,1,1,1,1,1,5,-17.028004271703658,240.001,5.2508857760104075e-08,5.2508857760104075e-08,25.769670017693784,25.769670017693784,21.925953397745936,21.925953397745936
1,1,1,1,1,1,1,1,0,1,1,1,1,1,1,1,0,1,0,1,1,1,1,1,0,1,1,1,1,1,1,1,1,1,1,1,1,1,1,1,0,1,1,1,1,1,1,1,1,1,1,1,0,1,1,1,1,1,1,0,0,1,1,1,1,1,1,1,1,1,1,1,1,1,0,1,1,1,1,1,6,-17.02816419271204,240.001,5.2521279587505993e-08,5.2521279587505993e-08,25.768482823703152,25.768482823703152,21.900947848099392,21.900947848099392
1,1,1,1,1,1,1,1,0,1,1,1,1,1,1,1,0,1,0,1,1,1,1,1,0,1,1,1,1,1,1,1,1,1,1,1,1,1,1,1,0,1,1,1,1,1,1,1,1,1,1,1,0,1,1,1,1,1,1,0,0,1,1,1,1,1,1,1,1,1,1,1,1,1,0,1,1,1,1,1,7,-17.028100663419753,240.001,5.253549620749615e-08,5.253549620749615e-08,25.767370950532534,25.767370950532534,21.910864287736793,21.910864287736793
1,1,1,1,1,1,1,1,0,1,1,1,1,1,1,1,0,1,0,1,1,1,1,1,0,1,1,1,1,1,1,1,1,1,1,1,1,1,1,1,0,1,1,1,1,1,1,1,1,1,1,1,0,1,1,1,1,1,1,0,0,1,1,1,1,1,1,1,1,1,1,1,1,1,0,1,1,1,1,1,8,-17.027338516252357,240.001,5.2555330083280116e-08,5.2555330083280116e-08,25.76649380277495,25.76649380277495,22.03161755829686,22.03161755829686
1,1,1,1,1,1,1,1,0,1,1,1,1,1,1,1,0,1,0,1,1,1,1,1,0,1,1,1,1,1,1,1,1,1,1,1,1,1,1,1,0,1,1,1,1,1,1,1,1,1,1,1,0,1,1,1,1,1,1,0,0,1,1,1,1,1,1,1,1,1,1,1,1,1,0,1,1,1,1,1,10,-17.027608565573075,240.001,5.258057408808331e-08,5.258057408808331e-08,25.764138199088336,25.764138199088336,21.988448758800054,21.988448758800054
1,1,1,1,1,1,1,1,0,1,1,1,1,1,1,1,0,1,0,1,1,1,1,1,0,1,1,1,1,1,1,1,1,1,1,1,1,1,1,1,0,1,1,1,1,1,1,1,1,1,1,1,0,1,1,1,1,1,1,0,0,1,1,1,1,1,1,1,1,1,1,1,1,1,0,1,1,1,1,1,11,-17.028644509107476,240.001,5.258594743348715e-08,5.258594743348715e-08,25.762658461421253,25.762658461421253,21.826693375474292,21.826693375474292
1,1,1,1,1,1,1,1,0,1,1,1,1,1,1,1,0,1,0,1,1,1,1,1,0,1,1,1,1,1,1,1,1,1,1,1,1,1,1,1,0,1,1,1,1,1,1,1,1,1,1,1,0,1,1,1,1,1,1,0,0,1,1,1,1,1,1,1,1,1,1,1,1,1,0,1,1,1,1,1,12,-17.028989152883042,240.001,5.2596880231738684e-08,5.2596880231738684e-08,25.761410998416565,25.761410998416565,21.774179854491056,21.774179854491056
1,1,1,1,1,1,1,1,0,1,1,1,1,1,1,1,0,1,0,1,1,1,1,1,0,1,1,1,1,1,1,1,1,1,1,1,1,1,1,1,0,1,1,1,1,1,1,1,1,1,1,1,0,1,1,1,1,1,1,0,0,1,1,1,1,1,1,1,1,1,1,1,1,1,0,1,1,1,1,1,13,-17.029119276501124,240.001,5.260953769056648e-08,5.260953769056648e-08,25.760235869244845,25.760235869244845,21.754515759588656,21.754515759588656
1,1,1,1,1,1,1,1,0,1,1,1,1,1,1,1,0,1,0,1,1,1,1,1,0,1,1,1,1,1,1,1,1,1,1,1,1,1,1,1,0,1,1,1,1,1,1,1,1,1,1,1,0,1,1,1,1,1,1,0,0,1,1,1,1,1,1,1,1,1,1,1,1,1,0,1,1,1,1,1,14,-17.02909319530545,240.001,5.262345157026553e-08,5.262345157026553e-08,25.759113504263553,25.759113504263553,21.75845003171288,21.75845003171288
1,1,1,1,1,1,1,1,0,1,1,1,1,1,1,1,0,1,0,1,1,1,1,1,0,1,1,1,1,1,1,1,1,1,1,1,1,1,1,1,0,1,1,1,1,1,1,1,1,1,1,1,0,1,1,1,1,1,1,0,0,1,1,1,1,1,1,1,1,1,1,1,1,1,0,1,1,1,1,1,15,-17.028835383234316,240.001,5.263923098100204e-08,5.263923098100204e-08,25.75806925735314,25.75806925735314,21.79753189920644,21.79753189920644
1,1,1,1,1,1,1,1,0,1,1,1,1,1,1,1,0,1,0,1,1,1,1,1,0,1,1,1,1,1,1,1,1,1,1,1,1,1,1,1,0,1,1,1,1,1,1,1,1,1,1,1,0,1,1,1,1,1,1,0,0,1,1,1,1,1,1,1,1,1,1,1,1,1,0,1,1,1,1,1,16,-17.027837121169615,240.001,5.2660976435037515e-08,5.2660976435037515e-08,25.757273803895316,25.757273803895316,21.95224318090338,21.95224318090338
1,1,1,1,1,1,1,1,0,1,1,1,1,1,1,1,0,1,0,1,1,1,1,1,0,1,1,1,1,1,1,1,1,1,1,1,1,1,1,1,0,1,1,1,1,1,1,1,1,1,1,1,0,1,1,1,1,1,1,0,0,1,1,1,1,1,1,1,1,1,1,1,1,1,0,1,1,1,1,1,18,-17.02672497214992,240.001,5.2697354806042534e-08,5.2697354806042534e-08,25.75538686850852,25.75538686850852,22.131310364663154,22.131310364663154
1,1,1,1,1,1,1,1,0,1,1,1,1,1,1,1,0,1,0,1,1,1,1,1,0,1,1,1,1,1,1,1,1,1,1,1,1,1,1,1,0,1,1,1,1,1,1,1,1,1,1,1,0,1,1,1,1,1,1,0,0,1,1,1,1,1,1,1,1,1,1,1,1,1,0,1,1,1,1,1,20,-17.028054947699758,240.001,5.271404740361526e-08,5.271404740361526e-08,25.752681424475558,25.752681424475558,21.918014109498415,21.918014109498415
1,1,1,1,1,1,1,1,0,1,1,1,1,1,1,1,0,1,0,1,1,1,1,1,0,1,1,1,1,1,1,1,1,1,1,1,1,1,1,1,0,1,1,1,1,1,1,1,1,1,1,1,0,1,1,1,1,1,1,0,0,1,1,1,1,1,1,1,1,1,1,1,1,1,0,1,1,1,1,1,21,-17.029144300324212,240.001,5.271896856308943e-08,5.271896856308943e-08,25.751186651900596,25.751186651900596,21.75074431414343,21.75074431414343
1,1,1,1,1,1,1,1,0,1,1,1,1,1,1,1,0,1,0,1,1,1,1,1,0,1,1,1,1,1,1,1,1,1,1,1,1,1,1,1,0,1,1,1,1,1,1,1,1,1,1,1,0,1,1,1,1,1,1,0,0,1,1,1,1,1,1,1,1,1,1,1,1,1,0,1,1,1,1,1,22,-17.029454408393498,240.001,5.27301720224918e-08,5.27301720224918e-08,25.74995371020973,25.74995371020973,21.704274613238354,21.704274613238354
1,1,1,1,1,1,1,1,0,1,1,1,1,1,1,1,0,1,0,1,1,1,1,1,0,1,1,1,1,1,1,1,1,1,1,1,1,1,1,1,0,1,1,1,1,1,1,1,1,1,1,1,0,1,1,1,1,1,1,0,0,1,1,1,1,1,1,1,1,1,1,1,1,1,0,1,1,1,1,1,23,-17.02941401507506,240.001,5.2744201412507454e-08,5.2744201412507454e-08,25.748838773279545,25.748838773279545,21.710299649051855,21.710299649051855
1,1,1,1,1,1,1,1,0,1,1,1,1,1,1,1,0,1,0,1,1,1,1,1,0,1,1,1,1,1,1,1,1,1,1,1,1,1,1,1,0,1,1,1,1,1,1,1,1,1,1,1,0,1,1,1,1,1,1,0,0,1,1,1,1,1,1,1,1,1,1,1,1,1,0,1,1,1,1,1,24,-17.028640250478013,240.001,5.276414972017261e-08,5.276414972017261e-08,25.747970309569066,25.747970309569066,21.82734622647267,21.82734622647267
1,1,1,1,1,1,1,1,0,1,1,1,1,1,1,1,0,1,0,1,1,1,1,1,0,1,1,1,1,1,1,1,1,1,1,1,1,1,1,1,0,1,1,1,1,1,1,1,1,1,1,1,0,1,1,1,1,1,1,0,0,1,1,1,1,1,1,1,1,1,1,1,1,1,0,1,1,1,1,1,26,-17.028881933927458,240.001,5.27896092578948e-08,5.27896092578948e-08,25.745633591879997,25.745633591879997,21.790449359259448,21.790449359259448
1,1,1,1,1,1,1,1,0,1,1,1,1,1,1,1,0,1,0,1,1,1,1,1,0,1,1,1,1,1,1,1,1,1,1,1,1,1,1,1,0,1,1,1,1,1,1,1,1,1,1,1,0,1,1,1,1,1,1,0,0,1,1,1,1,1,1,1,1,1,1,1,1,1,0,1,1,1,1,1,27,-17.029923416197377,240.001,5.279490362684171e-08,5.279490362684171e-08,25.744156569366933,25.744156569366933,21.634918935024963,21.634918935024963
1,1,1,1,1,1,1,1,0,1,1,1,1,1,1,1,0,1,0,1,1,1,1,1,0,1,1,1,1,1,1,1,1,1,1,1,1,1,1,1,0,1,1,1,1,1,1,1,1,1,1,1,0,1,1,1,1,1,1,0,0,1,1,1,1,1,1,1,1,1,1,1,1,1,0,1,1,1,1,1,28,-17.0303008509006,240.001,5.280555862572882e-08,5.280555862572882e-08,25.742902735614244,25.742902735614244,21.579892835931012,21.579892835931012
1,1,1,1,1,1,1,1,0,1,1,1,1,1,1,1,0,1,0,1,1,1,1,1,0,1,1,1,1,1,1,1,1,1,1,1,1,1,1,1,0,1,1,1,1,1,1,1,1,1,1,1,0,1,1,1,1,1,1,0,0,1,1,1,1,1,1,1,1,1,1,1,1,1,0,1,1,1,1,1,29,-17.03050828859824,240.001,5.281758522435825e-08,5.281758522435825e-08,25.741706293943984,25.741706293943984,21.549942819654593,21.549942819654593
1,1,1,1,1,1,1,1,0,1,1,1,1,1,1,1,0,1,0,1,1,1,1,1,0,1,1,1,1,1,1,1,1,1,1,1,1,1,1,1,0,1,1,1,1,1,1,1,1,1,1,1,0,1,1,1,1,1,1,0,0,1,1,1,1,1,1,1,1,1,1,1,1,1,0,1,1,1,1,1,30,-17.030641812415716,240.001,5.283020801879042e-08,5.283020801879042e-08,25.740534980348635,25.740534980348635,21.53077248659645,21.53077248659645
1,1,1,1,1,1,1,1,0,1,1,1,1,1,1,1,0,1,0,1,1,1,1,1,0,1,1,1,1,1,1,1,1,1,1,1,1,1,1,1,0,1,1,1,1,1,1,1,1,1,1,1,0,1,1,1,1,1,1,0,0,1,1,1,1,1,1,1,1,1,1,1,1,1,0,1,1,1,1,1,31,-17.030733386723874,240.001,5.284316914502411e-08,5.284316914502411e-08,25.739378058119957,25.739378058119957,21.51767335414128,21.51767335414128
1,1,1,1,1,1,1,1,0,1,1,1,1,1,1,1,0,1,0,1,1,1,1,1,0,1,1,1,1,1,1,1,1,1,1,1,1,1,1,1,0,1,1,1,1,1,1,1,1,1,1,1,0,1,1,1,1,1,1,0,0,1,1,1,1,1,1,1,1,1,1,1,1,1,0,1,1,1,1,1,32,-17.030796407343978,240.001,5.285636058920943e-08,5.285636058920943e-08,25.73823102672664,25.73823102672664,21.50868138472154,21.50868138472154
1,1,1,1,1,1,1,1,0,1,1,1,1,1,1,1,0,1,0,1,1,1,1,1,0,1,1,1,1,1,1,1,1,1,1,1,1,1,1,1,0,1,1,1,1,1,1,1,1,1,1,1,0,1,1,1,1,1,1,0,0,1,1,1,1,1,1,1,1,1,1,1,1,1,0,1,1,1,1,1,33,-17.03083685109013,240.001,5.286973421070108e-08,5.286973421070108e-08,25.73709187786727,25.73709187786727,21.50292047459651,21.50292047459651
1,1,1,1,1,1,1,1,0,1,1,1,1,1,1,1,0,1,0,1,1,1,1,1,0,1,1,1,1,1,1,1,1,1,1,1,1,1,1,1,0,1,1,1,1,1,1,1,1,1,1,1,0,1,1,1,1,1,1,0,0,1,1,1,1,1,1,1,1,1,1,1,1,1,0,1,1,1,1,1,34,-17.030856731466898,240.001,5.2883273867640096e-08,5.2883273867640096e-08,25.73595993487697,25.73595993487697,21.500091442478137,21.500091442478137
1,1,1,1,1,1,1,1,0,1,1,1,1,1,1,1,0,1,0,1,1,1,1,1,0,1,1,1,1,1,1,1,1,1,1,1,1,1,1,1,0,1,1,1,1,1,1,1,1,1,1,1,0,1,1,1,1,1,1,0,0,1,1,1,1,1,1,1,1,1,1,1,1,1,0,1,1,1,1,1,35,-17.030854958713366,240.001,5.289698849971606e-08,5.289698849971606e-08,25.734835563880814,25.734835563880814,21.500343635867218,21.500343635867218
1,1,1,1,1,1,1,1,0,1,1,1,1,1,1,1,0,1,0,1,1,1,1,1,0,1,1,1,1,1,1,1,1,1,1,1,1,1,1,1,0,1,1,1,1,1,1,1,1,1,1,1,0,1,1,1,1,1,1,0,0,1,1,1,1,1,1,1,1,1,1,1,1,1,0,1,1,1,1,1,36,-17.03082656648374,240.001,5.2910918416797593e-08,5.2910918416797593e-08,25.73372043360194,25.73372043360194,21.504384720790696,21.504384720790696
1,1,1,1,1,1,1,1,0,1,1,1,1,1,1,1,0,1,0,1,1,1,1,1,0,1,1,1,1,1,1,1,1,1,1,1,1,1,1,1,0,1,1,1,1,1,1,1,1,1,1,1,0,1,1,1,1,1,1,0,0,1,1,1,1,1,1,1,1,1,1,1,1,1,0,1,1,1,1,1,37,-17.030759362312985,240.001,5.292516244895343e-08,5.292516244895343e-08,25.7326186404795,25.7326186404795,21.513964839996103,21.513964839996103
1,1,1,1,1,1,1,1,0,1,1,1,1,1,1,1,0,1,0,1,1,1,1,1,0,1,1,1,1,1,1,1,1,1,1,1,1,1,1,1,0,1,1,1,1,1,1,1,1,1,1,1,0,1,1,1,1,1,1,0,0,1,1,1,1,1,1,1,1,1,1,1,1,1,0,1,1,1,1,1,38,-17.0306229315406,240.001,5.2939967053116214e-08,5.2939967053116214e-08,25.731540401611976,25.731540401611976,21.533478163176113,21.533478163176113
1,1,1,1,1,1,1,1,0,1,1,1,1,1,1,1,0,1,0,1,1,1,1,1,0,1,1,1,1,1,1,1,1,1,1,1,1,1,1,1,0,1,1,1,1,1,1,1,1,1,1,1,0,1,1,1,1,1,1,0,0,1,1,1,1,1,1,1,1,1,1,1,1,1,0,1,1,1,1,1,39,-17.03032334079865,240.001,5.295609341933535e-08,5.295609341933535e-08,25.730517262899212,25.730517262899212,21.576635795739662,21.576635795739662
1,1,1,1,1,1,1,1,0,1,1,1,1,1,1,1,0,1,0,1,1,1,1,1,0,1,1,1,1,1,1,1,1,1,1,1,1,1,1,1,0,1,1,1,1,1,1,1,1,1,1,1,0,1,1,1,1,1,1,0,0,1,1,1,1,1,1,1,1,1,1,1,1,1,0,1,1,1,1,1,40,-17.029369794765692,240.001,5.297752015842759e-08,5.297752015842759e-08,25.729713951148206,25.729713951148206,21.71690504962951,21.71690504962951
1,1,1,1,1,1,1,1,0,1,1,1,1,1,1,1,0,1,0,1,1,1,1,1,0,1,1,1,1,1,1,1,1,1,1,1,1,1,1,1,0,1,1,1,1,1,1,1,1,1,1,1,0,1,1,1,1,1,1,0,0,1,1,1,1,1,1,1,1,1,1,1,1,1,0,1,1,1,1,1,42,-17.029357135548196,240.001,5.300502948537842e-08,5.300502948537842e-08,25.727472060120583,25.727472060120583,21.718797856702086,21.718797856702086
1,1,1,1,1,1,1,1,0,1,1,1,1,1,1,1,0,1,0,1,1,1,1,1,0,1,1,1,1,1,1,1,1,1,1,1,1,1,1,1,0,1,1,1,1,1,1,1,1,1,1,1,0,1,1,1,1,1,1,0,0,1,1,1,1,1,1,1,1,1,1,1,1,1,0,1,1,1,1,1,43,-17.03029711489075,240.001,5.301111143928158e-08,5.301111143928158e-08,25.72603378702781,25.72603378702781,21.580434128741324,21.580434128741324
1,1,1,1,1,1,1,1,0,1,1,1,1,1,1,1,0,1,0,1,1,1,1,1,0,1,1,1,1,1,1,1,1,1,1,1,1,1,1,1,0,1,1,1,1,1,1,1,1,1,1,1,0,1,1,1,1,1,1,0,0,1,1,1,1,1,1,1,1,1,1,1,1,1,0,1,1,1,1,1,44,-17.030581164588337,240.001,5.3022510056062266e-08,5.3022510056062266e-08,25.724816003988206,25.724816003988206,21.539469425505157,21.539469425505157
1,1,1,1,1,1,1,1,0,1,1,1,1,1,1,1,0,1,0,1,1,1,1,1,0,1,1,1,1,1,1,1,1,1,1,1,1,1,1,1,0,1,1,1,1,1,1,1,1,1,1,1,0,1,1,1,1,1,1,0,0,1,1,1,1,1,1,1,1,1,1,1,1,1,0,1,1,1,1,1,45,-17.030698675827075,240.001,5.303525811321899e-08,5.303525811321899e-08,25.723654455900423,25.723654455900423,21.522633914944322,21.522633914944322
1,1,1,1,1,1,1,1,0,1,1,1,1,1,1,1,0,1,0,1,1,1,1,1,0,1,1,1,1,1,1,1,1,1,1,1,1,1,1,1,0,1,1,1,1,1,1,1,1,1,1,1,0,1,1,1,1,1,1,0,0,1,1,1,1,1,1,1,1,1,1,1,1,1,0,1,1,1,1,1,46,-17.030741504130603,240.001,5.3048611374996606e-08,5.3048611374996606e-08,25.722518294941512,25.722518294941512,21.516514100621798,21.516514100621798
1,1,1,1,1,1,1,1,0,1,1,1,1,1,1,1,0,1,0,1,1,1,1,1,0,1,1,1,1,1,1,1,1,1,1,1,1,1,1,1,0,1,1,1,1,1,1,1,1,1,1,1,0,1,1,1,1,1,1,0,0,1,1,1,1,1,1,1,1,1,1,1,1,1,0,1,1,1,1,1,47,-17.030736671895966,240.001,5.3062351043219034e-08,5.3062351043219034e-08,25.72139844373354,25.72139844373354,21.517204159002908,21.517204159002908
1,1,1,1,1,1,1,1,0,1,1,1,1,1,1,1,0,1,0,1,1,1,1,1,0,1,1,1,1,1,1,1,1,1,1,1,1,1,1,1,0,1,1,1,1,1,1,1,1,1,1,1,0,1,1,1,1,1,1,0,0,1,1,1,1,1,1,1,1,1,1,1,1,1,0,1,1,1,1,1,48,-17.030690253219426,240.001,5.3076428124843394e-08,5.3076428124843394e-08,25.720292861425236,25.720292861425236,21.523838444979596,21.523838444979596
1,1,1,1,1,1,1,1,0,1,1,1,1,1,1,1,0,1,0,1,1,1,1,1,0,1,1,1,1,1,1,1,1,1,1,1,1,1,1,1,0,1,1,1,1,1,1,1,1,1,1,1,0,1,1,1,1,1,1,0,0,1,1,1,1,1,1,1,1,1,1,1,1,1,0,1,1,1,1,1,49,-17.030594793875775,240.001,5.309090340293356e-08,5.309090340293356e-08,25.719204051870523,25.719204051870523,21.53751346946503,21.53751346946503
1,1,1,1,1,1,1,1,0,1,1,1,1,1,1,1,0,1,0,1,1,1,1,1,0,1,1,1,1,1,1,1,1,1,1,1,1,1,1,1,0,1,1,1,1,1,1,1,1,1,1,1,0,1,1,1,1,1,1,0,0,1,1,1,1,1,1,1,1,1,1,1,1,1,0,1,1,1,1,1,50,-17.03042172914759,240.001,5.310600917175629e-08,5.310600917175629e-08,25.718141609477115,25.718141609477115,21.562415412767145,21.562415412767145
1,1,1,1,1,1,1,1,0,1,1,1,1,1,1,1,0,1,0,1,1,1,1,1,0,1,1,1,1,1,1,1,1,1,1,1,1,1,1,1,0,1,1,1,1,1,1,1,1,1,1,1,0,1,1,1,1,1,1,0,0,1,1,1,1,1,1,1,1,1,1,1,1,1,0,1,1,1,1,1,51,-17.03007729029152,240.001,5.312250778009137e-08,5.312250778009137e-08,25.717137021758738,25.717137021758738,21.612402008775238,21.612402008775238
1,1,1,1,1,1,1,1,0,1,1,1,1,1,1,1,0,1,0,1,1,1,1,1,0,1,1,1,1,1,1,1,1,1,1,1,1,1,1,1,0,1,1,1,1,1,1,1,1,1,1,1,0,1,1,1,1,1,1,0,0,1,1,1,1,1,1,1,1,1,1,1,1,1,0,1,1,1,1,1,52,-17.029069448443472,240.001,5.314440067185582e-08,5.314440067185582e-08,25.71635541431175,25.71635541431175,21.762035258333434,21.762035258333434
1,1,1,1,1,1,1,1,0,1,1,1,1,1,1,1,0,1,0,1,1,1,1,1,0,1,1,1,1,1,1,1,1,1,1,1,1,1,1,1,0,1,1,1,1,1,1,1,1,1,1,1,0,1,1,1,1,1,1,0,0,1,1,1,1,1,1,1,1,1,1,1,1,1,0,1,1,1,1,1,54,-17.02890717256671,240.001,5.317312770198929e-08,5.317312770198929e-08,25.714170759976184,25.714170759976184,21.786614172177185,21.786614172177185
1,1,1,1,1,1,1,1,0,1,1,1,1,1,1,1,0,1,0,1,1,1,1,1,0,1,1,1,1,1,1,1,1,1,1,1,1,1,1,1,0,1,1,1,1,1,1,1,1,1,1,1,0,1,1,1,1,1,1,0,0,1,1,1,1,1,1,1,1,1,1,1,1,1,0,1,1,1,1,1,55,-17.02973743643091,240.001,5.3180077934182624e-08,5.3180077934182624e-08,25.712772869123075,25.712772869123075,21.662289669538932,21.662289669538932
1,1,1,1,1,1,1,1,0,1,1,1,1,1,1,1,0,1,0,1,1,1,1,1,0,1,1,1,1,1,1,1,1,1,1,1,1,1,1,1,0,1,1,1,1,1,1,1,1,1,1,1,0,1,1,1,1,1,1,0,0,1,1,1,1,1,1,1,1,1,1,1,1,1,0,1,1,1,1,1,56,-17.029866381112605,240.001,5.319273151342355e-08,5.319273151342355e-08,25.711610694296358,25.711610694296358,21.643294617245434,21.643294617245434
1,1,1,1,1,1,1,1,0,1,1,1,1,1,1,1,0,1,0,1,1,1,1,1,0,1,1,1,1,1,1,1,1,1,1,1,1,1,1,1,0,1,1,1,1,1,1,1,1,1,1,1,0,1,1,1,1,1,1,0,0,1,1,1,1,1,1,1,1,1,1,1,1,1,0,1,1,1,1,1,57,-17.0297406345446,240.001,5.320745677566654e-08,5.320745677566654e-08,25.71053435649208,25.71053435649208,21.661817550882088,21.661817550882088
1,1,1,1,1,1,1,1,0,1,1,1,1,1,1,1,0,1,0,1,1,1,1,1,0,1,1,1,1,1,1,1,1,1,1,1,1,1,1,1,0,1,1,1,1,1,1,1,1,1,1,1,0,1,1,1,1,1,1,0,0,1,1,1,1,1,1,1,1,1,1,1,1,1,0,1,1,1,1,1,58,-17.02932891763657,240.001,5.3224510188026615e-08,5.3224510188026615e-08,25.70955434812052,25.70955434812052,21.72301995212955,21.72301995212955
1,1,1,1,1,1,1,1,0,1,1,1,1,1,1,1,0,1,0,1,1,1,1,1,0,1,1,1,1,1,1,1,1,1,1,1,1,1,1,1,0,1,1,1,1,1,1,1,1,1,1,1,0,1,1,1,1,1,1,0,0,1,1,1,1,1,1,1,1,1,1,1,1,1,0,1,1,1,1,1,59,-17.028076414544266,240.001,5.324841420369362e-08,5.324841420369362e-08,25.708856800092647,25.708856800092647,21.914655293308137,21.914655293308137
1,1,1,1,1,1,1,1,0,1,1,1,1,1,1,1,0,1,0,1,1,1,1,1,0,1,1,1,1,1,1,1,1,1,1,1,1,1,1,1,0,1,1,1,1,1,1,1,1,1,1,1,0,1,1,1,1,1,1,0,0,1,1,1,1,1,1,1,1,1,1,1,1,1,0,1,1,1,1,1,62,-17.02800389895106,240.001,5.32901232904577e-08,5.32901232904577e-08,25.70552885091914,25.70552885091914,21.92601184947328,21.92601184947328
1,1,1,1,1,1,1,1,0,1,1,1,1,1,1,1,0,1,0,1,1,1,1,1,0,1,1,1,1,1,1,1,1,1,1,1,1,1,1,1,0,1,1,1,1,1,1,1,1,1,1,1,0,1,1,1,1,1,1,0,0,1,1,1,1,1,1,1,1,1,1,1,1,1,0,1,1,1,1,1,63,-17.029219747927897,240.001,5.3293916911503166e-08,5.3293916911503166e-08,25.704003847084962,25.704003847084962,21.739392941208173,21.739392941208173
1,1,1,1,1,1,1,1,0,1,1,1,1,1,1,1,0,1,0,1,1,1,1,1,0,1,1,1,1,1,1,1,1,1,1,1,1,1,1,1,0,1,1,1,1,1,1,1,1,1,1,1,0,1,1,1,1,1,1,0,0,1,1,1,1,1,1,1,1,1,1,1,1,1,0,1,1,1,1,1,64,-17.02961873218029,240.001,5.3304368231682176e-08,5.3304368231682176e-08,25.702753263636428,25.702753263636428,21.679849436117546,21.679849436117546
1,1,1,1,1,1,1,1,0,1,1,1,1,1,1,1,0,1,0,1,1,1,1,1,0,1,1,1,1,1,1,1,1,1,1,1,1,1,1,1,0,1,1,1,1,1,1,1,1,1,1,1,0,1,1,1,1,1,1,0,0,1,1,1,1,1,1,1,1,1,1,1,1,1,0,1,1,1,1,1,65,-17.029786135759807,240.001,5.331670633878976e-08,5.331670633878976e-08,25.701580735717386,25.701580735717386,21.655105991022303,21.655105991022303
1,1,1,1,1,1,1,1,0,1,1,1,1,1,1,1,0,1,0,1,1,1,1,1,0,1,1,1,1,1,1,1,1,1,1,1,1,1,1,1,0,1,1,1,1,1,1,1,1,1,1,1,0,1,1,1,1,1,1,0,0,1,1,1,1,1,1,1,1,1,1,1,1,1,0,1,1,1,1,1,66,-17.02984631416004,240.001,5.332991813904735e-08,5.332991813904735e-08,25.700444515387964,25.700444515387964,21.646245296792102,21.646245296792102
1,1,1,1,1,1,1,1,0,1,1,1,1,1,1,1,0,1,0,1,1,1,1,1,0,1,1,1,1,1,1,1,1,1,1,1,1,1,1,1,0,1,1,1,1,1,1,1,1,1,1,1,0,1,1,1,1,1,1,0,0,1,1,1,1,1,1,1,1,1,1,1,1,1,0,1,1,1,1,1,67,-17.02984165685583,240.001,5.334365846614107e-08,5.334365846614107e-08,25.69933036736863,25.69933036736863,21.646930399665607,21.646930399665607
1,1,1,1,1,1,1,1,0,1,1,1,1,1,1,1,0,1,0,1,1,1,1,1,0,1,1,1,1,1,1,1,1,1,1,1,1,1,1,1,0,1,1,1,1,1,1,1,1,1,1,1,0,1,1,1,1,1,1,0,0,1,1,1,1,1,1,1,1,1,1,1,1,1,0,1,1,1,1,1,68,-17.029788878039493,240.001,5.335779135284393e-08,5.335779135284393e-08,25.69823267732916,25.69823267732916,21.654701825848292,21.654701825848292
1,1,1,1,1,1,1,1,0,1,1,1,1,1,1,1,0,1,0,1,1,1,1,1,0,1,1,1,1,1,1,1,1,1,1,1,1,1,1,1,0,1,1,1,1,1,1,1,1,1,1,1,0,1,1,1,1,1,1,0,0,1,1,1,1,1,1,1,1,1,1,1,1,1,0,1,1,1,1,1,69,-17.029693198171138,240.001,5.3372274512039276e-08,5.3372274512039276e-08,25.697149690978833,25.697149690978833,21.668825537736996,21.668825537736996
1,1,1,1,1,1,1,1,0,1,1,1,1,1,1,1,0,1,0,1,1,1,1,1,0,1,1,1,1,1,1,1,1,1,1,1,1,1,1,1,0,1,1,1,1,1,1,1,1,1,1,1,0,1,1,1,1,1,1,0,0,1,1,1,1,1,1,1,1,1,1,1,1,1,0,1,1,1,1,1,70,-17.029551950882514,240.001,5.338713000744988e-08,5.338713000744988e-08,25.696082302877727,25.696082302877727,21.689759392337812,21.689759392337812
1,1,1,1,1,1,1,1,0,1,1,1,1,1,1,1,0,1,0,1,1,1,1,1,0,1,1,1,1,1,1,1,1,1,1,1,1,1,1,1,0,1,1,1,1,1,1,1,1,1,1,1,0,1,1,1,1,1,1,0,0,1,1,1,1,1,1,1,1,1,1,1,1,1,0,1,1,1,1,1,71,-17.029352855309924,240.001,5.3402458457862877e-08,5.3402458457862877e-08,25.695034636182218,25.695034636182218,21.71943802363735,21.71943802363735
1,1,1,1,1,1,1,1,0,1,1,1,1,1,1,1,0,1,0,1,1,1,1,1,0,1,1,1,1,1,1,1,1,1,1,1,1,1,1,1,0,1,1,1,1,1,1,1,1,1,1,1,0,1,1,1,1,1,1,0,0,1,1,1,1,1,1,1,1,1,1,1,1,1,0,1,1,1,1,1,72,-17.029063550303466,240.001,5.3418524678927576e-08,5.3418524678927576e-08,25.694017555308083,25.694017555308083,21.762926196982427,21.762926196982427
1,1,1,1,1,1,1,1,0,1,1,1,1,1,1,1,0,1,0,1,1,1,1,1,0,1,1,1,1,1,1,1,1,1,1,1,1,1,1,1,0,1,1,1,1,1,1,1,1,1,1,1,0,1,1,1,1,1,1,0,0,1,1,1,1,1,1,1,1,1,1,1,1,1,0,1,1,1,1,1,73,-17.028586212318892,240.001,5.343612896928895e-08,5.343612896928895e-08,25.69306389408581,25.69306389408581,21.835638794711727,21.835638794711727
1,1,1,1,1,1,1,1,0,1,1,1,1,1,1,1,0,1,0,1,1,1,1,1,0,1,1,1,1,1,1,1,1,1,1,1,1,1,1,1,0,1,1,1,1,1,1,1,1,1,1,1,0,1,1,1,1,1,1,0,0,1,1,1,1,1,1,1,1,1,1,1,1,1,0,1,1,1,1,1,74,-17.027423364199777,240.001,5.345934220736669e-08,5.345934220736669e-08,25.692340529206042,25.692340529206042,22.018008171937847,22.018008171937847
1,1,1,1,1,1,1,1,0,1,1,1,1,1,1,1,0,1,0,1,1,1,1,1,0,1,1,1,1,1,1,1,1,1,1,1,1,1,1,1,0,1,1,1,1,1,1,1,1,1,1,1,0,1,1,1,1,1,1,0,0,1,1,1,1,1,1,1,1,1,1,1,1,1,0,1,1,1,1,1,76,-17.02685367834753,240.001,5.349141696513393e-08,5.349141696513393e-08,25.690305298397185,25.690305298397185,22.11020796316476,22.11020796316476
1,1,1,1,1,1,1,1,0,1,1,1,1,1,1,1,0,1,0,1,1,1,1,1,0,1,1,1,1,1,1,1,1,1,1,1,1,1,1,1,0,1,1,1,1,1,1,1,1,1,1,1,0,1,1,1,1,1,1,0,0,1,1,1,1,1,1,1,1,1,1,1,1,1,0,1,1,1,1,1,77,-17.027399713099577,240.001,5.35006549397191e-08,5.35006549397191e-08,25.689009301274126,25.689009301274126,22.02179748748013,22.02179748748013
1,1,1,1,1,1,1,1,0,1,1,1,1,1,1,1,0,1,0,1,1,1,1,1,0,1,1,1,1,1,1,1,1,1,1,1,1,1,1,1,0,1,1,1,1,1,1,1,1,1,1,1,0,1,1,1,1,1,1,0,0,1,1,1,1,1,1,1,1,1,1,1,1,1,0,1,1,1,1,1,78,-17.027141060250223,240.001,5.3516479387940214e-08,5.3516479387940214e-08,25.687983585852013,25.687983585852013,22.063454029613325,22.063454029613325
1,1,1,1,1,1,1,1,0,1,1,1,1,1,1,1,0,1,0,1,1,1,1,1,0,1,1,1,1,1,1,1,1,1,1,1,1,1,1,1,0,1,1,1,1,1,1,1,1,1,1,1,0,1,1,1,1,1,1,0,0,1,1,1,1,1,1,1,1,1,1,1,1,1,0,1,1,1,1,1,79,-17.026412775319756,240.001,5.353615141124154e-08,5.353615141124154e-08,25.68711574909915,25.68711574909915,22.18292496719812,22.18292496719812
1,1,1,1,1,1,1,1,0,1,1,1,1,1,1,1,0,1,0,1,1,1,1,1,0,1,1,1,1,1,1,1,1,1,1,1,1,1,1,1,0,1,1,1,1,1,1,1,1,1,1,1,0,1,1,1,1,1,1,0,0,1,1,1,1,1,1,1,1,1,1,1,1,1,0,1,1,1,1,1,80,-17.02466075435797,240.001,5.356421922652445e-08,5.356421922652445e-08,25.68659145719611,25.68659145719611,22.484470943069276,22.484470943069276
1,1,1,1,1,1,1,1,0,1,1,1,1,1,1,1,0,1,0,1,1,1,1,1,1,1,1,1,1,1,1,1,1,1,1,1,1,1,1,1,0,1,1,1,1,1,1,1,1,1,1,1,0,1,1,1,1,1,1,0,0,1,1,1,1,1,1,1,1,1,1,1,1,1,0,1,1,1,1,1,1,-17.02460106781393,240.001,5.248135065560776e-08,5.248135065560776e-08,25.775348897410716,25.775348897410716,22.495119651729496,22.495119651729496
1,1,1,1,1,1,1,1,0,1,1,1,1,1,1,1,0,1,0,1,1,1,1,1,1,1,1,1,1,1,1,1,1,1,1,1,1,1,1,1,0,1,1,1,1,1,1,1,1,1,1,1,0,1,1,1,1,1,1,0,0,1,1,1,1,1,1,1,1,1,1,1,1,1,0,1,1,1,1,1,2,-17.026417669008566,240.001,5.24804740158416e-08,5.24804740158416e-08,25.773604840651025,25.773604840651025,22.18211118594966,22.18211118594966
1,1,1,1,1,1,1,1,0,1,1,1,1,1,1,1,0,1,0,1,1,1,1,1,1,1,1,1,1,1,1,1,1,1,1,1,1,1,1,1,0,1,1,1,1,1,1,1,1,1,1,1,0,1,1,1,1,1,1,0,0,1,1,1,1,1,1,1,1,1,1,1,1,1,0,1,1,1,1,1,3,-17.027261039343554,240.001,5.248741186549417e-08,5.248741186549417e-08,25.77218737666835,25.77218737666835,22.04408177756164,22.04408177756164
1,1,1,1,1,1,1,1,0,1,1,1,1,1,1,1,0,1,0,1,1,1,1,1,1,1,1,1,1,1,1,1,1,1,1,1,1,1,1,1,0,1,1,1,1,1,1,1,1,1,1,1,0,1,1,1,1,1,1,0,0,1,1,1,1,1,1,1,1,1,1,1,1,1,0,1,1,1,1,1,4,-17.027772916497085,240.001,5.2497009602467586e-08,5.2497009602467586e-08,25.77088143042159,25.77088143042159,21.962383611059664,21.962383611059664
1,1,1,1,1,1,1,1,0,1,1,1,1,1,1,1,0,1,0,1,1,1,1,1,1,1,1,1,1,1,1,1,1,1,1,1,1,1,1,1,0,1,1,1,1,1,1,1,1,1,1,1,0,1,1,1,1,1,1,0,0,1,1,1,1,1,1,1,1,1,1,1,1,1,0,1,1,1,1,1,5,-17.028096111982087,240.001,5.250812099871721e-08,5.250812099871721e-08,25.769639114495924,25.769639114495924,21.91157559694608,21.91157559694608
1,1,1,1,1,1,1,1,0,1,1,1,1,1,1,1,0,1,0,1,1,1,1,1,1,1,1,1,1,1,1,1,1,1,1,1,1,1,1,1,0,1,1,1,1,1,1,1,1,1,1,1,0,1,1,1,1,1,1,0,0,1,1,1,1,1,1,1,1,1,1,1,1,1,0,1,1,1,1,1,6,-17.028260866081723,240.001,5.252050387412723e-08,5.252050387412723e-08,25.768450293958768,25.768450293958768,21.885900903220005,21.885900903220005
1,1,1,1,1,1,1,1,0,1,1,1,1,1,1,1,0,1,0,1,1,1,1,1,1,1,1,1,1,1,1,1,1,1,1,1,1,1,1,1,0,1,1,1,1,1,1,1,1,1,1,1,0,1,1,1,1,1,1,0,0,1,1,1,1,1,1,1,1,1,1,1,1,1,0,1,1,1,1,1,7,-17.028202716052675,240.001,5.2534677088145365e-08,5.2534677088145365e-08,25.767336612457015,25.767336612457015,21.894945586445942,21.894945586445942
1,1,1,1,1,1,1,1,0,1,1,1,1,1,1,1,0,1,0,1,1,1,1,1,1,1,1,1,1,1,1,1,1,1,1,1,1,1,1,1,0,1,1,1,1,1,1,1,1,1,1,1,0,1,1,1,1,1,1,0,0,1,1,1,1,1,1,1,1,1,1,1,1,1,0,1,1,1,1,1,8,-17.027446610535957,240.001,5.255446204188678e-08,5.255446204188678e-08,25.766457440264308,25.766457440264308,22.014286905608337,22.014286905608337
1,1,1,1,1,1,1,1,0,1,1,1,1,1,1,1,0,1,0,1,1,1,1,1,1,1,1,1,1,1,1,1,1,1,1,1,1,1,1,1,0,1,1,1,1,1,1,1,1,1,1,1,0,1,1,1,1,1,1,0,0,1,1,1,1,1,1,1,1,1,1,1,1,1,0,1,1,1,1,1,10,-17.027731072861094,240.001,5.257958983910855e-08,5.257958983910855e-08,25.76409698758431,25.76409698758431,21.969005044312496,21.969005044312496
1,1,1,1,1,1,1,1,0,1,1,1,1,1,1,1,0,1,0,1,1,1,1,1,1,1,1,1,1,1,1,1,1,1,1,1,1,1,1,1,0,1,1,1,1,1,1,1,1,1,1,1,0,1,1,1,1,1,1,0,0,1,1,1,1,1,1,1,1,1,1,1,1,1,0,1,1,1,1,1,11,-17.028775725498036,240.001,5.258489322420546e-08,5.258489322420546e-08,25.762614310470312,25.762614310470312,21.806625441963167,21.806625441963167
1,1,1,1,1,1,1,1,0,1,1,1,1,1,1,1,0,1,0,1,1,1,1,1,1,1,1,1,1,1,1,1,1,1,1,1,1,1,1,1,0,1,1,1,1,1,1,1,1,1,1,1,0,1,1,1,1,1,1,0,0,1,1,1,1,1,1,1,1,1,1,1,1,1,0,1,1,1,1,1,12,-17.029130457005,240.001,5.259574476405073e-08,5.259574476405073e-08,25.761363451314416,25.761363451314416,21.752830296821138,21.752830296821138
1,1,1,1,1,1,1,1,0,1,1,1,1,1,1,1,0,1,0,1,1,1,1,1,1,1,1,1,1,1,1,1,1,1,1,1,1,1,1,1,0,1,1,1,1,1,1,1,1,1,1,1,0,1,1,1,1,1,1,0,0,1,1,1,1,1,1,1,1,1,1,1,1,1,0,1,1,1,1,1,13,-17.029272363925998,240.001,5.2608307229762695e-08,5.2608307229762695e-08,25.760184358189967,25.760184358189967,21.731494075872284,21.731494075872284
1,1,1,1,1,1,1,1,0,1,1,1,1,1,1,1,0,1,0,1,1,1,1,1,1,1,1,1,1,1,1,1,1,1,1,1,1,1,1,1,0,1,1,1,1,1,1,1,1,1,1,1,0,1,1,1,1,1,1,0,0,1,1,1,1,1,1,1,1,1,1,1,1,1,0,1,1,1,1,1,14,-17.029260220780657,240.001,5.2622108683476484e-08,5.2622108683476484e-08,25.759057306897564,25.759057306897564,21.73331577357964,21.73331577357964
1,1,1,1,1,1,1,1,0,1,1,1,1,1,1,1,0,1,0,1,1,1,1,1,1,1,1,1,1,1,1,1,1,1,1,1,1,1,1,1,0,1,1,1,1,1,1,1,1,1,1,1,0,1,1,1,1,1,1,0,0,1,1,1,1,1,1,1,1,1,1,1,1,1,0,1,1,1,1,1,15,-17.02901915404045,240.001,5.263775292403318e-08,5.263775292403318e-08,25.758007433806842,25.758007433806842,21.76963827090722,21.76963827090722
1,1,1,1,1,1,1,1,0,1,1,1,1,1,1,1,0,1,0,1,1,1,1,1,1,1,1,1,1,1,1,1,1,1,1,1,1,1,1,1,0,1,1,1,1,1,1,1,1,1,1,1,0,1,1,1,1,1,1,0,0,1,1,1,1,1,1,1,1,1,1,1,1,1,0,1,1,1,1,1,16,-17.028041421656603,240.001,5.265933231214219e-08,5.265933231214219e-08,25.757205096155744,25.757205096155744,21.920131792145995,21.920131792145995
1,1,1,1,1,1,1,1,0,1,1,1,1,1,1,1,0,1,0,1,1,1,1,1,1,1,1,1,1,1,1,1,1,1,1,1,1,1,1,1,0,1,1,1,1,1,1,1,1,1,1,1,0,1,1,1,1,1,1,0,0,1,1,1,1,1,1,1,1,1,1,1,1,1,0,1,1,1,1,1,18,-17.026987851451477,240.001,5.26952373823273e-08,5.26952373823273e-08,25.755298495861826,25.755298495861826,22.088317177909957,22.088317177909957
1,1,1,1,1,1,1,1,0,1,1,1,1,1,1,1,0,1,0,1,1,1,1,1,1,1,1,1,1,1,1,1,1,1,1,1,1,1,1,1,0,1,1,1,1,1,1,1,1,1,1,1,0,1,1,1,1,1,1,0,0,1,1,1,1,1,1,1,1,1,1,1,1,1,0,1,1,1,1,1,20,-17.028423042237733,240.001,5.271108185635896e-08,5.271108185635896e-08,25.752557658935544,25.752557658935544,21.860774382469774,21.860774382469774
1,1,1,1,1,1,1,1,0,1,1,1,1,1,1,1,0,1,0,1,1,1,1,1,1,1,1,1,1,1,1,1,1,1,1,1,1,1,1,1,0,1,1,1,1,1,1,1,1,1,1,1,0,1,1,1,1,1,1,0,0,1,1,1,1,1,1,1,1,1,1,1,1,1,0,1,1,1,1,1,21,-17.029604562828077,240.001,5.2715260393630295e-08,5.2715260393630295e-08,25.751031876059017,25.751031876059017,21.681950209174076,21.681950209174076
1,1,1,1,1,1,1,1,0,1,1,1,1,1,1,1,0,1,0,1,1,1,1,1,1,1,1,1,1,1,1,1,1,1,1,1,1,1,1,1,0,1,1,1,1,1,1,1,1,1,1,1,0,1,1,1,1,1,1,0,0,1,1,1,1,1,1,1,1,1,1,1,1,1,0,1,1,1,1,1,22,-17.030068868230618,240.001,5.2725220280644615e-08,5.2725220280644615e-08,25.749747103231464,25.749747103231464,21.6136314431643,21.6136314431643
1,1,1,1,1,1,1,1,0,1,1,1,1,1,1,1,0,1,0,1,1,1,1,1,1,1,1,1,1,1,1,1,1,1,1,1,1,1,1,1,0,1,1,1,1,1,1,1,1,1,1,1,0,1,1,1,1,1,1,0,0,1,1,1,1,1,1,1,1,1,1,1,1,1,0,1,1,1,1,1,23,-17.030338977623465,240.001,5.27367446253627e-08,5.27367446253627e-08,25.748527844191536,25.748527844191536,21.57437266259788,21.57437266259788
1,1,1,1,1,1,1,1,0,1,1,1,1,1,1,1,0,1,0,1,1,1,1,1,1,1,1,1,1,1,1,1,1,1,1,1,1,1,1,1,0,1,1,1,1,1,1,1,1,1,1,1,0,1,1,1,1,1,1,0,0,1,1,1,1,1,1,1,1,1,1,1,1,1,0,1,1,1,1,1,24,-17.030523058150642,240.001,5.274896177136996e-08,5.274896177136996e-08,25.747337781090884,25.747337781090884,21.547818181643624,21.547818181643624
1,1,1,1,1,1,1,1,0,1,1,1,1,1,1,1,0,1,0,1,1,1,1,1,1,1,1,1,1,1,1,1,1,1,1,1,1,1,1,1,0,1,1,1,1,1,1,1,1,1,1,1,0,1,1,1,1,1,1,0,0,1,1,1,1,1,1,1,1,1,1,1,1,1,0,1,1,1,1,1,25,-17.030659213305675,240.001,5.2761564762120435e-08,5.2761564762120435e-08,25.74616411630638,25.74616411630638,21.528280376933623,21.528280376933623
1,1,1,1,1,1,1,1,0,1,1,1,1,1,1,1,0,1,0,1,1,1,1,1,1,1,1,1,1,1,1,1,1,1,1,1,1,1,1,1,0,1,1,1,1,1,1,1,1,1,1,1,0,1,1,1,1,1,1,0,0,1,1,1,1,1,1,1,1,1,1,1,1,1,0,1,1,1,1,1,26,-17.03076463023927,240.001,5.277441518101483e-08,5.277441518101483e-08,25.74500107598282,25.74500107598282,21.513213125739856,21.513213125739856
1,1,1,1,1,1,1,1,0,1,1,1,1,1,1,1,0,1,0,1,1,1,1,1,1,1,1,1,1,1,1,1,1,1,1,1,1,1,1,1,0,1,1,1,1,1,1,1,1,1,1,1,0,1,1,1,1,1,1,0,0,1,1,1,1,1,1,1,1,1,1,1,1,1,0,1,1,1,1,1,27,-17.030848254934618,240.001,5.278744100639e-08,5.278744100639e-08,25.743845654273724,25.743845654273724,21.50129745249022,21.50129745249022
1,1,1,1,1,1,1,1,0,1,1,1,1,1,1,1,0,1,0,1,1,1,1,1,1,1,1,1,1,1,1,1,1,1,1,1,1,1,1,1,0,1,1,1,1,1,1,1,1,1,1,1,0,1,1,1,1,1,1,0,0,1,1,1,1,1,1,1,1,1,1,1,1,1,0,1,1,1,1,1,28,-17.030915163843947,240.001,5.2800601388590095e-08,5.2800601388590095e-08,25.74269614523862,25.74269614523862,21.49178693269103,21.49178693269103
1,1,1,1,1,1,1,1,0,1,1,1,1,1,1,1,0,1,0,1,1,1,1,1,1,1,1,1,1,1,1,1,1,1,1,1,1,1,1,1,0,1,1,1,1,1,1,1,1,1,1,1,0,1,1,1,1,1,1,0,0,1,1,1,1,1,1,1,1,1,1,1,1,1,0,1,1,1,1,1,29,-17.030968359463024,240.001,5.28138721855549e-08,5.28138721855549e-08,25.741551539753537,25.741551539753537,21.48424036704987,21.48424036704987
1,1,1,1,1,1,1,1,0,1,1,1,1,1,1,1,0,1,0,1,1,1,1,1,1,1,1,1,1,1,1,1,1,1,1,1,1,1,1,1,0,1,1,1,1,1,1,1,1,1,1,1,0,1,1,1,1,1,1,0,0,1,1,1,1,1,1,1,1,1,1,1,1,1,0,1,1,1,1,1,30,-17.031009588172907,240.001,5.282723937663238e-08,5.282723937663238e-08,25.740411250787922,25.740411250787922,21.478400423496797,21.478400423496797
1,1,1,1,1,1,1,1,0,1,1,1,1,1,1,1,0,1,0,1,1,1,1,1,1,1,1,1,1,1,1,1,1,1,1,1,1,1,1,1,0,1,1,1,1,1,1,1,1,1,1,1,0,1,1,1,1,1,1,0,0,1,1,1,1,1,1,1,1,1,1,1,1,1,0,1,1,1,1,1,31,-17.031039720432457,240.001,5.284069600317841e-08,5.284069600317841e-08,25.739274985685974,25.739274985685974,21.474137190894673,21.474137190894673
1,1,1,1,1,1,1,1,0,1,1,1,1,1,1,1,0,1,0,1,1,1,1,1,1,1,1,1,1,1,1,1,1,1,1,1,1,1,1,1,0,1,1,1,1,1,1,1,1,1,1,1,0,1,1,1,1,1,1,0,0,1,1,1,1,1,1,1,1,1,1,1,1,1,0,1,1,1,1,1,32,-17.031058892601962,240.001,5.285424103114341e-08,5.285424103114341e-08,25.738142698527298,25.738142698527298,21.47142679717129,21.47142679717129
1,1,1,1,1,1,1,1,0,1,1,1,1,1,1,1,0,1,0,1,1,1,1,1,1,1,1,1,1,1,1,1,1,1,1,1,1,1,1,1,0,1,1,1,1,1,1,1,1,1,1,1,0,1,1,1,1,1,1,0,0,1,1,1,1,1,1,1,1,1,1,1,1,1,0,1,1,1,1,1,33,-17.031066469947184,240.001,5.2867879657497465e-08,5.2867879657497465e-08,25.73701460256959,25.73701460256959,21.470356041254277,21.470356041254277
1,1,1,1,1,1,1,1,0,1,1,1,1,1,1,1,0,1,0,1,1,1,1,1,1,1,1,1,1,1,1,1,1,1,1,1,1,1,1,1,0,1,1,1,1,1,1,1,1,1,1,1,0,1,1,1,1,1,1,0,0,1,1,1,1,1,1,1,1,1,1,1,1,1,0,1,1,1,1,1,34,-17.031060799184623,240.001,5.2881625318855e-08,5.2881625318855e-08,25.735891253406685,25.735891253406685,21.471157352975943,21.471157352975943
1,1,1,1,1,1,1,1,0,1,1,1,1,1,1,1,0,1,0,1,1,1,1,1,1,1,1,1,1,1,1,1,1,1,1,1,1,1,1,1,0,1,1,1,1,1,1,1,1,1,1,1,0,1,1,1,1,1,1,0,0,1,1,1,1,1,1,1,1,1,1,1,1,1,0,1,1,1,1,1,35,-17.031038593097804,240.001,5.289550467905867e-08,5.289550467905867e-08,25.734773755744026,25.734773755744026,21.47429661590863,21.47429661590863
1,1,1,1,1,1,1,1,0,1,1,1,1,1,1,1,0,1,0,1,1,1,1,1,1,1,1,1,1,1,1,1,1,1,1,1,1,1,1,1,0,1,1,1,1,1,1,1,1,1,1,1,0,1,1,1,1,1,1,0,0,1,1,1,1,1,1,1,1,1,1,1,1,1,0,1,1,1,1,1,36,-17.030993488291838,240.001,5.290956931445166e-08,5.290956931445166e-08,25.733664247950315,25.733664247950315,21.48068000349688,21.48068000349688
1,1,1,1,1,1,1,1,0,1,1,1,1,1,1,1,0,1,0,1,1,1,1,1,1,1,1,1,1,1,1,1,1,1,1,1,1,1,1,1,0,1,1,1,1,1,1,1,1,1,1,1,0,1,1,1,1,1,1,0,0,1,1,1,1,1,1,1,1,1,1,1,1,1,0,1,1,1,1,1,37,-17.030912361896938,240.001,5.292392555560368e-08,5.292392555560368e-08,25.732567139352767,25.732567139352767,21.492184790494168,21.492184790494168
1,1,1,1,1,1,1,1,0,1,1,1,1,1,1,1,0,1,0,1,1,1,1,1,1,1,1,1,1,1,1,1,1,1,1,1,1,1,1,1,0,1,1,1,1,1,1,1,1,1,1,1,0,1,1,1,1,1,1,0,0,1,1,1,1,1,1,1,1,1,1,1,1,1,0,1,1,1,1,1,38,-17.030764156400846,240.001,5.293882503578883e-08,5.293882503578883e-08,25.731492863469107,25.731492863469107,21.513280735502068,21.513280735502068
1,1,1,1,1,1,1,1,0,1,1,1,1,1,1,1,0,1,0,1,1,1,1,1,1,1,1,1,1,1,1,1,1,1,1,1,1,1,1,1,0,1,1,1,1,1,1,1,1,1,1,1,0,1,1,1,1,1,1,0,0,1,1,1,1,1,1,1,1,1,1,1,1,1,0,1,1,1,1,1,39,-17.030454482617085,240.001,5.295503259611406e-08,5.295503259611406e-08,25.730473120377,25.730473120377,21.557691689416277,21.557691689416277
1,1,1,1,1,1,1,1,0,1,1,1,1,1,1,1,0,1,0,1,1,1,1,1,1,1,1,1,1,1,1,1,1,1,1,1,1,1,1,1,0,1,1,1,1,1,1,1,1,1,1,1,0,1,1,1,1,1,1,0,0,1,1,1,1,1,1,1,1,1,1,1,1,1,0,1,1,1,1,1,40,-17.029492229713302,240.001,5.2976529261803085e-08,5.2976529261803085e-08,25.729672747817233,25.729672747817233,21.698640731212862,21.698640731212862
1,1,1,1,1,1,1,1,0,1,1,1,1,1,1,1,0,1,0,1,1,1,1,1,1,1,1,1,1,1,1,1,1,1,1,1,1,1,1,1,0,1,1,1,1,1,1,1,1,1,1,1,0,1,1,1,1,1,1,0,0,1,1,1,1,1,1,1,1,1,1,1,1,1,0,1,1,1,1,1,42,-17.02946515722645,240.001,5.300415480244073e-08,5.300415480244073e-08,25.727435705812624,25.727435705812624,21.702672723363467,21.702672723363467
1,1,1,1,1,1,1,1,0,1,1,1,1,1,1,1,0,1,0,1,1,1,1,1,1,1,1,1,1,1,1,1,1,1,1,1,1,1,1,1,0,1,1,1,1,1,1,1,1,1,1,1,0,1,1,1,1,1,1,0,0,1,1,1,1,1,1,1,1,1,1,1,1,1,0,1,1,1,1,1,43,-17.03039909285174,240.001,5.3010285712703744e-08,5.3010285712703744e-08,25.725999457391776,25.725999457391776,21.565683015974685,21.565683015974685
1,1,1,1,1,1,1,1,0,1,1,1,1,1,1,1,0,1,0,1,1,1,1,1,1,1,1,1,1,1,1,1,1,1,1,1,1,1,1,1,0,1,1,1,1,1,1,1,1,1,1,1,0,1,1,1,1,1,1,0,0,1,1,1,1,1,1,1,1,1,1,1,1,1,0,1,1,1,1,1,44,-17.03067775980671,240.001,5.302172778604256e-08,5.302172778604256e-08,25.724783483076905,25.724783483076905,21.525625758310664,21.525625758310664
1,1,1,1,1,1,1,1,0,1,1,1,1,1,1,1,0,1,0,1,1,1,1,1,1,1,1,1,1,1,1,1,1,1,1,1,1,1,1,1,0,1,1,1,1,1,1,1,1,1,1,1,0,1,1,1,1,1,1,0,0,1,1,1,1,1,1,1,1,1,1,1,1,1,0,1,1,1,1,1,45,-17.030790432784443,240.001,5.303451486830697e-08,5.303451486830697e-08,25.72362356211923,25.72362356211923,21.50953305983405,21.50953305983405
1,1,1,1,1,1,1,1,0,1,1,1,1,1,1,1,0,1,0,1,1,1,1,1,1,1,1,1,1,1,1,1,1,1,1,1,1,1,1,1,0,1,1,1,1,1,1,1,1,1,1,1,0,1,1,1,1,1,1,0,0,1,1,1,1,1,1,1,1,1,1,1,1,1,0,1,1,1,1,1,46,-17.030828886397295,240.001,5.304790340054802e-08,5.304790340054802e-08,25.722488872994628,25.722488872994628,21.504054385836806,21.504054385836806
1,1,1,1,1,1,1,1,0,1,1,1,1,1,1,1,0,1,0,1,1,1,1,1,1,1,1,1,1,1,1,1,1,1,1,1,1,1,1,1,0,1,1,1,1,1,1,1,1,1,1,1,0,1,1,1,1,1,1,0,0,1,1,1,1,1,1,1,1,1,1,1,1,1,0,1,1,1,1,1,47,-17.03082007892995,240.001,5.306167510905204e-08,5.306167510905204e-08,25.72137035960607,25.72137035960607,21.50530862292492,21.50530862292492
1,1,1,1,1,1,1,1,0,1,1,1,1,1,1,1,0,1,0,1,1,1,1,1,1,1,1,1,1,1,1,1,1,1,1,1,1,1,1,1,0,1,1,1,1,1,1,1,1,1,1,1,0,1,1,1,1,1,1,0,0,1,1,1,1,1,1,1,1,1,1,1,1,1,0,1,1,1,1,1,48,-17.03077003216396,240.001,5.3075781424952106e-08,5.3075781424952106e-08,25.720265998608483,25.720265998608483,21.512442424539998,21.512442424539998
1,1,1,1,1,1,1,1,0,1,1,1,1,1,1,1,0,1,0,1,1,1,1,1,1,1,1,1,1,1,1,1,1,1,1,1,1,1,1,1,0,1,1,1,1,1,1,1,1,1,1,1,0,1,1,1,1,1,1,0,0,1,1,1,1,1,1,1,1,1,1,1,1,1,0,1,1,1,1,1,49,-17.03067124867983,240.001,5.3090283479165653e-08,5.3090283479165653e-08,25.71917830839858,25.71917830839858,21.526557532706878,21.526557532706878
1,1,1,1,1,1,1,1,0,1,1,1,1,1,1,1,0,1,0,1,1,1,1,1,1,1,1,1,1,1,1,1,1,1,1,1,1,1,1,1,0,1,1,1,1,1,1,1,1,1,1,1,0,1,1,1,1,1,1,0,0,1,1,1,1,1,1,1,1,1,1,1,1,1,0,1,1,1,1,1,50,-17.03049512807513,240.001,5.310541384974563e-08,5.310541384974563e-08,25.71811689553219,25.71811689553219,21.551836864701826,21.551836864701826
1,1,1,1,1,1,1,1,0,1,1,1,1,1,1,1,0,1,0,1,1,1,1,1,1,1,1,1,1,1,1,1,1,1,1,1,1,1,1,1,0,1,1,1,1,1,1,1,1,1,1,1,0,1,1,1,1,1,1,0,0,1,1,1,1,1,1,1,1,1,1,1,1,1,0,1,1,1,1,1,51,-17.030147873182074,240.001,5.312193510066226e-08,5.312193510066226e-08,25.717113257602268,25.717113257602268,21.60211203427292,21.60211203427292
1,1,1,1,1,1,1,1,0,1,1,1,1,1,1,1,0,1,0,1,1,1,1,1,1,1,1,1,1,1,1,1,1,1,1,1,1,1,1,1,0,1,1,1,1,1,1,1,1,1,1,1,0,1,1,1,1,1,1,0,0,1,1,1,1,1,1,1,1,1,1,1,1,1,0,1,1,1,1,1,52,-17.029137441330672,240.001,5.314384871246649e-08,5.314384871246649e-08,25.716332527618025,25.716332527618025,21.75177773823703,21.75177773823703
1,1,1,1,1,1,1,1,0,1,1,1,1,1,1,1,0,1,0,1,1,1,1,1,1,1,1,1,1,1,1,1,1,1,1,1,1,1,1,1,0,1,1,1,1,1,1,1,1,1,1,1,0,1,1,1,1,1,1,0,0,1,1,1,1,1,1,1,1,1,1,1,1,1,0,1,1,1,1,1,54,-17.028970477833212,240.001,5.3172613513322065e-08,5.3172613513322065e-08,25.714149451558505,25.714149451558505,21.77700927306088,21.77700927306088
1,1,1,1,1,1,1,1,0,1,1,1,1,1,1,1,0,1,0,1,1,1,1,1,1,1,1,1,1,1,1,1,1,1,1,1,1,1,1,1,0,1,1,1,1,1,1,1,1,1,1,1,0,1,1,1,1,1,1,0,0,1,1,1,1,1,1,1,1,1,1,1,1,1,0,1,1,1,1,1,55,-17.02979861030738,240.001,5.317958105027278e-08,5.317958105027278e-08,25.71275227340231,25.71275227340231,21.653267757315913,21.653267757315913
1,1,1,1,1,1,1,1,0,1,1,1,1,1,1,1,0,1,0,1,1,1,1,1,1,1,1,1,1,1,1,1,1,1,1,1,1,1,1,1,0,1,1,1,1,1,1,1,1,1,1,1,0,1,1,1,1,1,1,0,0,1,1,1,1,1,1,1,1,1,1,1,1,1,0,1,1,1,1,1,56,-17.02992557714762,240.001,5.319225059208201e-08,5.319225059208201e-08,25.711590763481066,25.711590763481066,21.634601911668927,21.634601911668927
1,1,1,1,1,1,1,1,0,1,1,1,1,1,1,1,0,1,0,1,1,1,1,1,1,1,1,1,1,1,1,1,1,1,1,1,1,1,1,1,0,1,1,1,1,1,1,1,1,1,1,1,0,1,1,1,1,1,1,0,0,1,1,1,1,1,1,1,1,1,1,1,1,1,0,1,1,1,1,1,57,-17.029797982026828,240.001,5.320699073947609e-08,5.320699073947609e-08,25.710515048383375,25.710515048383375,21.653360321473723,21.653360321473723
1,1,1,1,1,1,1,1,0,1,1,1,1,1,1,1,0,1,0,1,1,1,1,1,1,1,1,1,1,1,1,1,1,1,1,1,1,1,1,1,0,1,1,1,1,1,1,1,1,1,1,1,0,1,1,1,1,1,1,0,0,1,1,1,1,1,1,1,1,1,1,1,1,1,0,1,1,1,1,1,58,-17.02938453476422,240.001,5.322405804807377e-08,5.322405804807377e-08,25.7095356242813,25.7095356242813,21.714702156075468,21.714702156075468
1,1,1,1,1,1,1,1,0,1,1,1,1,1,1,1,0,1,0,1,1,1,1,1,1,1,1,1,1,1,1,1,1,1,1,1,1,1,1,1,0,1,1,1,1,1,1,1,1,1,1,1,0,1,1,1,1,1,1,0,0,1,1,1,1,1,1,1,1,1,1,1,1,1,0,1,1,1,1,1,59,-17.02813042059812,240.001,5.3247974895704446e-08,5.3247974895704446e-08,25.708838624180483,25.708838624180483,21.90621661727881,21.90621661727881
1,1,1,1,1,1,1,1,0,1,1,1,1,1,1,1,0,1,0,1,1,1,1,1,1,1,1,1,1,1,1,1,1,1,1,1,1,1,1,1,0,1,1,1,1,1,1,1,1,1,1,1,0,1,1,1,1,1,1,0,0,1,1,1,1,1,1,1,1,1,1,1,1,1,0,1,1,1,1,1,62,-17.028053525904042,240.001,5.328971928780676e-08,5.328971928780676e-08,25.70551214878904,25.70551214878904,21.91823666235092,21.91823666235092
1,1,1,1,1,1,1,1,0,1,1,1,1,1,1,1,0,1,0,1,1,1,1,1,1,1,1,1,1,1,1,1,1,1,1,1,1,1,1,1,0,1,1,1,1,1,1,1,1,1,1,1,0,1,1,1,1,1,1,0,0,1,1,1,1,1,1,1,1,1,1,1,1,1,0,1,1,1,1,1,63,-17.029268045349262,240.001,5.329352376884716e-08,5.329352376884716e-08,25.70398758715038,25.70398758715038,21.73214185575629,21.73214185575629
1,1,1,1,1,1,1,1,0,1,1,1,1,1,1,1,0,1,0,1,1,1,1,1,1,1,1,1,1,1,1,1,1,1,1,1,1,1,1,1,0,1,1,1,1,1,1,1,1,1,1,1,0,1,1,1,1,1,1,0,0,1,1,1,1,1,1,1,1,1,1,1,1,1,0,1,1,1,1,1,64,-17.02966578307163,240.001,5.330398518292389e-08,5.330398518292389e-08,25.702737421549408,25.702737421549408,21.672880819902367,21.672880819902367
1,1,1,1,1,1,1,1,0,1,1,1,1,1,1,1,0,1,0,1,1,1,1,1,1,1,1,1,1,1,1,1,1,1,1,1,1,1,1,1,0,1,1,1,1,1,1,1,1,1,1,1,0,1,1,1,1,1,1,0,0,1,1,1,1,1,1,1,1,1,1,1,1,1,0,1,1,1,1,1,65,-17.02983200656006,240.001,5.3316332821270896e-08,5.3316332821270896e-08,25.701565290120918,25.701565290120918,21.648350327726508,21.648350327726508
1,1,1,1,1,1,1,1,0,1,1,1,1,1,1,1,0,1,0,1,1,1,1,1,1,1,1,1,1,1,1,1,1,1,1,1,1,1,1,1,0,1,1,1,1,1,1,1,1,1,1,1,0,1,1,1,1,1,1,0,0,1,1,1,1,1,1,1,1,1,1,1,1,1,0,1,1,1,1,1,66,-17.029891064304646,240.001,5.3329553661514793e-08,5.3329553661514793e-08,25.700429446729398,25.700429446729398,21.639667886558946,21.639667886558946
1,1,1,1,1,1,1,1,0,1,1,1,1,1,1,1,0,1,0,1,1,1,1,1,1,1,1,1,1,1,1,1,1,1,1,1,1,1,1,1,0,1,1,1,1,1,1,1,1,1,1,1,0,1,1,1,1,1,1,0,0,1,1,1,1,1,1,1,1,1,1,1,1,1,0,1,1,1,1,1,67,-17.029885340821455,240.001,5.334330258249316e-08,5.334330258249316e-08,25.699315657572477,25.699315657572477,21.640508576894284,21.640508576894284
1,1,1,1,1,1,1,1,0,1,1,1,1,1,1,1,0,1,0,1,1,1,1,1,1,1,1,1,1,1,1,1,1,1,1,1,1,1,1,1,0,1,1,1,1,1,1,1,1,1,1,1,0,1,1,1,1,1,1,0,0,1,1,1,1,1,1,1,1,1,1,1,1,1,0,1,1,1,1,1,68,-17.02983154622667,240.001,5.33574436519808e-08,5.33574436519808e-08,25.698218309612145,25.698218309612145,21.648418071919494,21.648418071919494
1,1,1,1,1,1,1,1,0,1,1,1,1,1,1,1,0,1,0,1,1,1,1,1,1,1,1,1,1,1,1,1,1,1,1,1,1,1,1,1,0,1,1,1,1,1,1,1,1,1,1,1,0,1,1,1,1,1,1,0,0,1,1,1,1,1,1,1,1,1,1,1,1,1,0,1,1,1,1,1,69,-17.029734897459182,240.001,5.337193461207725e-08,5.337193461207725e-08,25.697135649711598,25.697135649711598,21.662664519259074,21.662664519259074
1,1,1,1,1,1,1,1,0,1,1,1,1,1,1,1,0,1,0,1,1,1,1,1,1,1,1,1,1,1,1,1,1,1,1,1,1,1,1,1,0,1,1,1,1,1,1,1,1,1,1,1,0,1,1,1,1,1,1,0,0,1,1,1,1,1,1,1,1,1,1,1,1,1,0,1,1,1,1,1,70,-17.029592725066205,240.001,5.338679755137554e-08,5.338679755137554e-08,25.69606857346833,25.69606857346833,21.683706070748915,21.683706070748915
1,1,1,1,1,1,1,1,0,1,1,1,1,1,1,1,0,1,0,1,1,1,1,1,1,1,1,1,1,1,1,1,1,1,1,1,1,1,1,1,0,1,1,1,1,1,1,1,1,1,1,1,0,1,1,1,1,1,1,0,0,1,1,1,1,1,1,1,1,1,1,1,1,1,0,1,1,1,1,1,71,-17.029392745515143,240.001,5.3402133109282765e-08,5.3402133109282765e-08,25.69502120496925,25.69502120496925,21.713475540076125,21.713475540076125
1,1,1,1,1,1,1,1,0,1,1,1,1,1,1,1,0,1,0,1,1,1,1,1,1,1,1,1,1,1,1,1,1,1,1,1,1,1,1,1,0,1,1,1,1,1,1,1,1,1,1,1,0,1,1,1,1,1,1,0,0,1,1,1,1,1,1,1,1,1,1,1,1,1,0,1,1,1,1,1,72,-17.02910259551576,240.001,5.3418206116042146e-08,5.3418206116042146e-08,25.694004409447494,25.694004409447494,21.7570316293676,21.7570316293676
1,1,1,1,1,1,1,1,0,1,1,1,1,1,1,1,0,1,0,1,1,1,1,1,1,1,1,1,1,1,1,1,1,1,1,1,1,1,1,1,0,1,1,1,1,1,1,1,1,1,1,1,0,1,1,1,1,1,1,0,0,1,1,1,1,1,1,1,1,1,1,1,1,1,0,1,1,1,1,1,73,-17.02862445052402,240.001,5.34358168700368e-08,5.34358168700368e-08,25.693051021374302,25.693051021374302,21.829769223180904,21.829769223180904
1,1,1,1,1,1,1,1,0,1,1,1,1,1,1,1,0,1,0,1,1,1,1,1,1,1,1,1,1,1,1,1,1,1,1,1,1,1,1,1,0,1,1,1,1,1,1,1,1,1,1,1,0,1,1,1,1,1,1,0,0,1,1,1,1,1,1,1,1,1,1,1,1,1,0,1,1,1,1,1,74,-17.027460838222957,240.001,5.345903616780806e-08,5.345903616780806e-08,25.692327917380283,25.692327917380283,22.012010904022397,22.012010904022397
1,1,1,1,1,1,1,1,0,1,1,1,1,1,1,1,0,1,0,1,1,1,1,1,1,1,1,1,1,1,1,1,1,1,1,1,1,1,1,1,0,1,1,1,1,1,1,1,1,1,1,1,0,1,1,1,1,1,1,0,0,1,1,1,1,1,1,1,1,1,1,1,1,1,0,1,1,1,1,1,76,-17.026889690079482,240.001,5.349112267107798e-08,5.349112267107798e-08,25.690293180337036,25.690293180337036,22.10432175482095,22.10432175482095
1,1,1,1,1,1,1,1,0,1,1,1,1,1,1,1,0,1,0,1,1,1,1,1,1,1,1,1,1,1,1,1,1,1,1,1,1,1,1,1,0,1,1,1,1,1,1,1,1,1,1,1,0,1,1,1,1,1,1,0,0,1,1,1,1,1,1,1,1,1,1,1,1,1,0,1,1,1,1,1,77,-17.02743502439873,240.001,5.350036634162336e-08,5.350036634162336e-08,25.688997417145846,25.688997417145846,22.01614121480558,22.01614121480558
1,1,1,1,1,1,1,1,0,1,1,1,1,1,1,1,0,1,0,1,1,1,1,1,1,1,1,1,1,1,1,1,1,1,1,1,1,1,1,1,0,1,1,1,1,1,1,1,1,1,1,1,0,1,1,1,1,1,1,0,0,1,1,1,1,1,1,1,1,1,1,1,1,1,0,1,1,1,1,1,78,-17.027175708278687,240.001,5.351619611871793e-08,5.351619611871793e-08,25.687971925618545,25.687971925618545,22.057850810860714,22.057850810860714
1,1,1,1,1,1,1,1,0,1,1,1,1,1,1,1,0,1,0,1,1,1,1,1,1,1,1,1,1,1,1,1,1,1,1,1,1,1,1,1,0,1,1,1,1,1,1,1,1,1,1,1,0,1,1,1,1,1,1,0,0,1,1,1,1,1,1,1,1,1,1,1,1,1,0,1,1,1,1,1,79,-17.026446790791432,240.001,5.3535873186271e-08,5.3535873186271e-08,25.687104303774973,25.687104303774973,22.17727159897497,22.17727159897497
1,1,1,1,1,1,1,1,0,1,1,1,1,1,1,1,0,1,0,1,1,1,1,1,1,1,1,1,1,1,1,1,1,1,1,1,1,1,1,1,0,1,1,1,1,1,1,1,1,1,1,1,0,1,1,1,1,1,1,0,0,1,1,1,1,1,1,1,1,1,1,1,1,1,0,1,1,1,1,1,80,-17.024694173431673,240.001,5.356394567545086e-08,5.356394567545086e-08,25.686580217485204,25.686580217485204,22.478519946978075,22.478519946978075
1,1,1,1,1,1,1,1,1,1,1,1,1,1,1,1,0,1,0,1,1,1,1,1,1,1,1,1,1,1,1,1,1,1,1,1,1,1,1,1,0,1,1,1,1,1,1,1,1,1,1,1,0,1,1,1,1,1,1,0,0,1,1,1,1,1,1,1,1,1,1,1,1,1,0,1,1,1,1,1,1,-17.024831202989223,240.001,5.247950419066197e-08,5.247950419066197e-08,25.77527156387528,25.77527156387528,22.454203276021126,22.454203276021126
1,1,1,1,1,1,1,1,1,1,1,1,1,1,1,1,0,1,0,1,1,1,1,1,1,1,1,1,1,1,1,1,1,1,1,1,1,1,1,1,0,1,1,1,1,1,1,1,1,1,1,1,0,1,1,1,1,1,1,0,0,1,1,1,1,1,1,1,1,1,1,1,1,1,0,1,1,1,1,1,2,-17.026680560576477,240.001,5.247836517545763e-08,5.247836517545763e-08,25.773516466589047,25.773516466589047,22.13861570896379,22.13861570896379
1,1,1,1,1,1,1,1,1,1,1,1,1,1,1,1,0,1,0,1,1,1,1,1,1,1,1,1,1,1,1,1,1,1,1,1,1,1,1,1,0,1,1,1,1,1,1,1,1,1,1,1,0,1,1,1,1,1,1,0,0,1,1,1,1,1,1,1,1,1,1,1,1,1,0,1,1,1,1,1,3,-17.027567744853044,240.001,5.2484951387702416e-08,5.2484951387702416e-08,25.772084262255575,25.772084262255575,21.994946871173333,21.994946871173333
1,1,1,1,1,1,1,1,1,1,1,1,1,1,1,1,0,1,0,1,1,1,1,1,1,1,1,1,1,1,1,1,1,1,1,1,1,1,1,1,0,1,1,1,1,1,1,1,1,1,1,1,0,1,1,1,1,1,1,0,0,1,1,1,1,1,1,1,1,1,1,1,1,1,0,1,1,1,1,1,4,-17.02814105890451,240.001,5.2494055752084155e-08,5.2494055752084155e-08,25.77075765946003,25.77075765946003,21.90455625557012,21.90455625557012
1,1,1,1,1,1,1,1,1,1,1,1,1,1,1,1,0,1,0,1,1,1,1,1,1,1,1,1,1,1,1,1,1,1,1,1,1,1,1,1,0,1,1,1,1,1,1,1,1,1,1,1,0,1,1,1,1,1,1,0,0,1,1,1,1,1,1,1,1,1,1,1,1,1,0,1,1,1,1,1,5,-17.02855656826435,240.001,5.2504425581601215e-08,5.2504425581601215e-08,25.769484316787757,25.769484316787757,21.84019459200407,21.84019459200407
1,1,1,1,1,1,1,1,1,1,1,1,1,1,1,1,0,1,0,1,1,1,1,1,1,1,1,1,1,1,1,1,1,1,1,1,1,1,1,1,0,1,1,1,1,1,1,1,1,1,1,1,0,1,1,1,1,1,1,0,0,1,1,1,1,1,1,1,1,1,1,1,1,1,0,1,1,1,1,1,6,-17.02887561669037,240.001,5.2515568702245754e-08,5.2515568702245754e-08,25.768243654176114,25.768243654176114,21.791409834143582,21.791409834143582
1,1,1,1,1,1,1,1,1,1,1,1,1,1,1,1,0,1,0,1,1,1,1,1,1,1,1,1,1,1,1,1,1,1,1,1,1,1,1,1,0,1,1,1,1,1,1,1,1,1,1,1,0,1,1,1,1,1,1,0,0,1,1,1,1,1,1,1,1,1,1,1,1,1,0,1,1,1,1,1,7,-17.029128118300893,240.001,5.252724520450035e-08,5.252724520450035e-08,25.767025633777703,25.767025633777703,21.753182803103943,21.753182803103943
1,1,1,1,1,1,1,1,1,1,1,1,1,1,1,1,0,1,0,1,1,1,1,1,1,1,1,1,1,1,1,1,1,1,1,1,1,1,1,1,0,1,1,1,1,1,1,1,1,1,1,1,0,1,1,1,1,1,1,0,0,1,1,1,1,1,1,1,1,1,1,1,1,1,0,1,1,1,1,1,8,-17.029330288830685,240.001,5.2539325105344706e-08,5.2539325105344706e-08,25.765824813670548,25.765824813670548,21.722814693402125,21.722814693402125
1,1,1,1,1,1,1,1,1,1,1,1,1,1,1,1,0,1,0,1,1,1,1,1,1,1,1,1,1,1,1,1,1,1,1,1,1,1,1,1,0,1,1,1,1,1,1,1,1,1,1,1,0,1,1,1,1,1,1,0,0,1,1,1,1,1,1,1,1,1,1,1,1,1,0,1,1,1,1,1,9,-17.029491066250174,240.001,5.255173682406926e-08,5.255173682406926e-08,25.764638194304254,25.764638194304254,21.69881393306124,21.69881393306124
1,1,1,1,1,1,1,1,1,1,1,1,1,1,1,1,0,1,0,1,1,1,1,1,1,1,1,1,1,1,1,1,1,1,1,1,1,1,1,1,0,1,1,1,1,1,1,1,1,1,1,1,0,1,1,1,1,1,1,0,0,1,1,1,1,1,1,1,1,1,1,1,1,1,0,1,1,1,1,1,10,-17.029614624901516,240.001,5.2564447020758594e-08,5.2564447020758594e-08,25.7634643752437,25.7634643752437,21.680458284609166,21.680458284609166
1,1,1,1,1,1,1,1,1,1,1,1,1,1,1,1,0,1,0,1,1,1,1,1,1,1,1,1,1,1,1,1,1,1,1,1,1,1,1,1,0,1,1,1,1,1,1,1,1,1,1,1,0,1,1,1,1,1,1,0,0,1,1,1,1,1,1,1,1,1,1,1,1,1,0,1,1,1,1,1,11,-17.029700998831665,240.001,5.257745562104303e-08,5.257745562104303e-08,25.76230334635531,25.76230334635531,21.667672339469895,21.667672339469895
1,1,1,1,1,1,1,1,1,1,1,1,1,1,1,1,0,1,0,1,1,1,1,1,1,1,1,1,1,1,1,1,1,1,1,1,1,1,1,1,0,1,1,1,1,1,1,1,1,1,1,1,0,1,1,1,1,1,1,0,0,1,1,1,1,1,1,1,1,1,1,1,1,1,0,1,1,1,1,1,12,-17.029745073697526,240.001,5.2590803960447996e-08,5.2590803960447996e-08,25.761156826664298,25.761156826664298,21.66116230939878,21.66116230939878
1,1,1,1,1,1,1,1,1,1,1,1,1,1,1,1,0,1,0,1,1,1,1,1,1,1,1,1,1,1,1,1,1,1,1,1,1,1,1,1,0,1,1,1,1,1,1,1,1,1,1,1,0,1,1,1,1,1,1,0,0,1,1,1,1,1,1,1,1,1,1,1,1,1,0,1,1,1,1,1,13,-17.029732680694263,240.001,5.260460626066406e-08,5.260460626066406e-08,25.76002957624715,25.76002957624715,21.662991825160457,21.662991825160457
1,1,1,1,1,1,1,1,1,1,1,1,1,1,1,1,0,1,0,1,1,1,1,1,1,1,1,1,1,1,1,1,1,1,1,1,1,1,1,1,0,1,1,1,1,1,1,1,1,1,1,1,0,1,1,1,1,1,1,0,0,1,1,1,1,1,1,1,1,1,1,1,1,1,0,1,1,1,1,1,14,-17.029628218788265,240.001,5.2619149346005065e-08,5.2619149346005065e-08,25.75893355225199,25.75893355225199,21.678443498839016,21.678443498839016
1,1,1,1,1,1,1,1,1,1,1,1,1,1,1,1,0,1,0,1,1,1,1,1,1,1,1,1,1,1,1,1,1,1,1,1,1,1,1,1,0,1,1,1,1,1,1,1,1,1,1,1,0,1,1,1,1,1,1,0,0,1,1,1,1,1,1,1,1,1,1,1,1,1,0,1,1,1,1,1,15,-17.029325715953657,240.001,5.2635286942357036e-08,5.2635286942357036e-08,25.75790433561729,25.75790433561729,21.723499260496272,21.723499260496272
1,1,1,1,1,1,1,1,1,1,1,1,1,1,1,1,0,1,0,1,1,1,1,1,1,1,1,1,1,1,1,1,1,1,1,1,1,1,1,1,0,1,1,1,1,1,1,1,1,1,1,1,0,1,1,1,1,1,1,0,0,1,1,1,1,1,1,1,1,1,1,1,1,1,0,1,1,1,1,1,16,-17.028304210495243,240.001,5.265721738936818e-08,5.265721738936818e-08,25.757116733709367,25.757116733709367,21.879171245919032,21.879171245919032
1,1,1,1,1,1,1,1,1,1,1,1,1,1,1,1,0,1,0,1,1,1,1,1,1,1,1,1,1,1,1,1,1,1,1,1,1,1,1,1,0,1,1,1,1,1,1,1,1,1,1,1,0,1,1,1,1,1,1,0,0,1,1,1,1,1,1,1,1,1,1,1,1,1,0,1,1,1,1,1,18,-17.027192261788226,240.001,5.269359100697265e-08,5.269359100697265e-08,25.75522977575765,25.75522977575765,22.055176340233192,22.055176340233192
1,1,1,1,1,1,1,1,1,1,1,1,1,1,1,1,0,1,0,1,1,1,1,1,1,1,1,1,1,1,1,1,1,1,1,1,1,1,1,1,0,1,1,1,1,1,1,1,1,1,1,1,0,1,1,1,1,1,1,0,0,1,1,1,1,1,1,1,1,1,1,1,1,1,0,1,1,1,1,1,20,-17.02859016297293,240.001,5.270973570728613e-08,5.270973570728613e-08,25.752501450850747,25.752501450850747,21.835032003394,21.835032003394
1,1,1,1,1,1,1,1,1,1,1,1,1,1,1,1,0,1,0,1,1,1,1,1,1,1,1,1,1,1,1,1,1,1,1,1,1,1,1,1,0,1,1,1,1,1,1,1,1,1,1,1,0,1,1,1,1,1,1,0,0,1,1,1,1,1,1,1,1,1,1,1,1,1,0,1,1,1,1,1,21,-17.029757672508104,240.001,5.2714027220202854e-08,5.2714027220202854e-08,25.750980362515495,25.750980362515495,21.659303195680547,21.659303195680547
1,1,1,1,1,1,1,1,1,1,1,1,1,1,1,1,0,1,0,1,1,1,1,1,1,1,1,1,1,1,1,1,1,1,1,1,1,1,1,1,0,1,1,1,1,1,1,1,1,1,1,1,0,1,1,1,1,1,1,0,0,1,1,1,1,1,1,1,1,1,1,1,1,1,0,1,1,1,1,1,22,-17.030210163232894,240.001,5.272408214028072e-08,5.272408214028072e-08,25.74969955718121,25.74969955718121,21.593051106567913,21.593051106567913
1,1,1,1,1,1,1,1,1,1,1,1,1,1,1,1,0,1,0,1,1,1,1,1,1,1,1,1,1,1,1,1,1,1,1,1,1,1,1,1,0,1,1,1,1,1,1,1,1,1,1,1,0,1,1,1,1,1,1,0,0,1,1,1,1,1,1,1,1,1,1,1,1,1,0,1,1,1,1,1,23,-17.030470156861558,240.001,5.2735687792944486e-08,5.2735687792944486e-08,25.748483697456063,25.748483697456063,21.55543294508872,21.55543294508872
1,1,1,1,1,1,1,1,1,1,1,1,1,1,1,1,0,1,0,1,1,1,1,1,1,1,1,1,1,1,1,1,1,1,1,1,1,1,1,1,0,1,1,1,1,1,1,1,1,1,1,1,0,1,1,1,1,1,1,0,0,1,1,1,1,1,1,1,1,1,1,1,1,1,0,1,1,1,1,1,24,-17.030645475414076,240.001,5.274797534017333e-08,5.274797534017333e-08,25.747296579763614,25.747296579763614,21.530247763596883,21.530247763596883
1,1,1,1,1,1,1,1,1,1,1,1,1,1,1,1,0,1,0,1,1,1,1,1,1,1,1,1,1,1,1,1,1,1,1,1,1,1,1,1,0,1,1,1,1,1,1,1,1,1,1,1,0,1,1,1,1,1,1,0,0,1,1,1,1,1,1,1,1,1,1,1,1,1,0,1,1,1,1,1,25,-17.03077396669796,240.001,5.276063989544149e-08,5.276063989544149e-08,25.746125491819193,25.746125491819193,21.51188116377794,21.51188116377794
1,1,1,1,1,1,1,1,1,1,1,1,1,1,1,1,0,1,0,1,1,1,1,1,1,1,1,1,1,1,1,1,1,1,1,1,1,1,1,1,0,1,1,1,1,1,1,1,1,1,1,1,0,1,1,1,1,1,1,0,0,1,1,1,1,1,1,1,1,1,1,1,1,1,0,1,1,1,1,1,26,-17.030872623247653,240.001,5.2773544612622303e-08,5.2773544612622303e-08,25.744964724918013,25.744964724918013,21.497831313802806,21.497831313802806
1,1,1,1,1,1,1,1,1,1,1,1,1,1,1,1,0,1,0,1,1,1,1,1,1,1,1,1,1,1,1,1,1,1,1,1,1,1,1,1,0,1,1,1,1,1,1,1,1,1,1,1,0,1,1,1,1,1,1,0,0,1,1,1,1,1,1,1,1,1,1,1,1,1,0,1,1,1,1,1,27,-17.030950240027373,240.001,5.278661868678659e-08,5.278661868678659e-08,25.743811323842944,25.743811323842944,21.486809408310002,21.486809408310002
1,1,1,1,1,1,1,1,1,1,1,1,1,1,1,1,0,1,0,1,1,1,1,1,1,1,1,1,1,1,1,1,1,1,1,1,1,1,1,1,0,1,1,1,1,1,1,1,1,1,1,1,0,1,1,1,1,1,1,0,0,1,1,1,1,1,1,1,1,1,1,1,1,1,0,1,1,1,1,1,28,-17.031011774425362,240.001,5.2799822226691784e-08,5.2799822226691784e-08,25.742663622603324,25.742663622603324,21.47809096390531,21.47809096390531
1,1,1,1,1,1,1,1,1,1,1,1,1,1,1,1,0,1,0,1,1,1,1,1,1,1,1,1,1,1,1,1,1,1,1,1,1,1,1,1,0,1,1,1,1,1,1,1,1,1,1,1,0,1,1,1,1,1,1,0,0,1,1,1,1,1,1,1,1,1,1,1,1,1,0,1,1,1,1,1,29,-17.031060133771753,240.001,5.281313185587489e-08,5.281313185587489e-08,25.741520644023677,25.741520644023677,21.471251389307714,21.471251389307714
1,1,1,1,1,1,1,1,1,1,1,1,1,1,1,1,0,1,0,1,1,1,1,1,1,1,1,1,1,1,1,1,1,1,1,1,1,1,1,1,0,1,1,1,1,1,1,1,1,1,1,1,0,1,1,1,1,1,1,0,0,1,1,1,1,1,1,1,1,1,1,1,1,1,0,1,1,1,1,1,30,-17.03109698745989,240.001,5.282653417278272e-08,5.282653417278272e-08,25.74038182692959,25.74038182692959,21.466046258250092,21.466046258250092
1,1,1,1,1,1,1,1,1,1,1,1,1,1,1,1,0,1,0,1,1,1,1,1,1,1,1,1,1,1,1,1,1,1,1,1,1,1,1,1,0,1,1,1,1,1,1,1,1,1,1,1,0,1,1,1,1,1,1,0,0,1,1,1,1,1,1,1,1,1,1,1,1,1,0,1,1,1,1,1,31,-17.03112314299325,240.001,5.284002272485491e-08,5.284002272485491e-08,25.739246899815583,25.739246899815583,21.46235586472084,21.46235586472084
1,1,1,1,1,1,1,1,1,1,1,1,1,1,1,1,0,1,0,1,1,1,1,1,1,1,1,1,1,1,1,1,1,1,1,1,1,1,1,1,0,1,1,1,1,1,1,1,1,1,1,1,0,1,1,1,1,1,1,0,0,1,1,1,1,1,1,1,1,1,1,1,1,1,0,1,1,1,1,1,32,-17.031138684752815,240.001,5.285359689575181e-08,5.285359689575181e-08,25.738115834229603,25.738115834229603,21.460164486755215,21.460164486755215
1,1,1,1,1,1,1,1,1,1,1,1,1,1,1,1,0,1,0,1,1,1,1,1,1,1,1,1,1,1,1,1,1,1,1,1,1,1,1,1,0,1,1,1,1,1,1,1,1,1,1,1,0,1,1,1,1,1,1,0,0,1,1,1,1,1,1,1,1,1,1,1,1,1,0,1,1,1,1,1,33,-17.03114293471459,240.001,5.286726223018402e-08,5.286726223018402e-08,25.736988857982894,25.736988857982894,21.459565436027148,21.459565436027148
1,1,1,1,1,1,1,1,1,1,1,1,1,1,1,1,0,1,0,1,1,1,1,1,1,1,1,1,1,1,1,1,1,1,1,1,1,1,1,1,0,1,1,1,1,1,1,1,1,1,1,1,0,1,1,1,1,1,1,0,0,1,1,1,1,1,1,1,1,1,1,1,1,1,0,1,1,1,1,1,34,-17.031134203263154,240.001,5.288103245643956e-08,5.288103245643956e-08,25.73586653889042,25.73586653889042,21.460796261238,21.460796261238
1,1,1,1,1,1,1,1,1,1,1,1,1,1,1,1,0,1,0,1,1,1,1,1,1,1,1,1,1,1,1,1,1,1,1,1,1,1,1,1,0,1,1,1,1,1,1,1,1,1,1,1,0,1,1,1,1,1,1,0,0,1,1,1,1,1,1,1,1,1,1,1,1,1,0,1,1,1,1,1,35,-17.031109172486083,240.001,5.2894934484519956e-08,5.2894934484519956e-08,25.734749991993098,25.734749991993098,21.464326634570522,21.464326634570522
1,1,1,1,1,1,1,1,1,1,1,1,1,1,1,1,0,1,0,1,1,1,1,1,1,1,1,1,1,1,1,1,1,1,1,1,1,1,1,1,0,1,1,1,1,1,1,1,1,1,1,1,0,1,1,1,1,1,1,0,0,1,1,1,1,1,1,1,1,1,1,1,1,1,0,1,1,1,1,1,36,-17.031061452922106,240.001,5.29090200993158e-08,5.29090200993158e-08,25.733641364454506,25.733641364454506,21.471064968581736,21.471064968581736
1,1,1,1,1,1,1,1,1,1,1,1,1,1,1,1,0,1,0,1,1,1,1,1,1,1,1,1,1,1,1,1,1,1,1,1,1,1,1,1,0,1,1,1,1,1,1,1,1,1,1,1,0,1,1,1,1,1,1,0,0,1,1,1,1,1,1,1,1,1,1,1,1,1,0,1,1,1,1,1,37,-17.030977899530317,240.001,5.292339580774967e-08,5.292339580774967e-08,25.732545073120807,25.732545073120807,21.482888346835022,21.482888346835022
1,1,1,1,1,1,1,1,1,1,1,1,1,1,1,1,0,1,0,1,1,1,1,1,1,1,1,1,1,1,1,1,1,1,1,1,1,1,1,1,0,1,1,1,1,1,1,1,1,1,1,1,0,1,1,1,1,1,1,0,0,1,1,1,1,1,1,1,1,1,1,1,1,1,0,1,1,1,1,1,38,-17.030827436122486,240.001,5.293831338899075e-08,5.293831338899075e-08,25.731471557942164,25.731471557942164,21.504260889082914,21.504260889082914
1,1,1,1,1,1,1,1,1,1,1,1,1,1,1,1,0,1,0,1,1,1,1,1,1,1,1,1,1,1,1,1,1,1,1,1,1,1,1,1,0,1,1,1,1,1,1,1,1,1,1,1,0,1,1,1,1,1,1,0,0,1,1,1,1,1,1,1,1,1,1,1,1,1,0,1,1,1,1,1,39,-17.030515658815787,240.001,5.2954537789671394e-08,5.2954537789671394e-08,25.730452524402896,25.730452524402896,21.54888246592644,21.54888246592644
1,1,1,1,1,1,1,1,1,1,1,1,1,1,1,1,0,1,0,1,1,1,1,1,1,1,1,1,1,1,1,1,1,1,1,1,1,1,1,1,0,1,1,1,1,1,1,1,1,1,1,1,0,1,1,1,1,1,1,0,0,1,1,1,1,1,1,1,1,1,1,1,1,1,0,1,1,1,1,1,40,-17.029551453007464,240.001,5.2976050000068735e-08,5.2976050000068735e-08,25.72965281393501,25.72965281393501,21.68983335851567,21.68983335851567
1,1,1,1,1,1,1,1,1,1,1,1,1,1,1,1,0,1,0,1,1,1,1,1,1,1,1,1,1,1,1,1,1,1,1,1,1,1,1,1,0,1,1,1,1,1,1,1,1,1,1,1,0,1,1,1,1,1,1,0,0,1,1,1,1,1,1,1,1,1,1,1,1,1,0,1,1,1,1,1,42,-17.029520790402053,240.001,5.3003704360524983e-08,5.3003704360524983e-08,25.727416980171984,25.727416980171984,21.69439112290125,21.69439112290125
1,1,1,1,1,1,1,1,1,1,1,1,1,1,1,1,0,1,0,1,1,1,1,1,1,1,1,1,1,1,1,1,1,1,1,1,1,1,1,1,0,1,1,1,1,1,1,1,1,1,1,1,0,1,1,1,1,1,1,0,0,1,1,1,1,1,1,1,1,1,1,1,1,1,0,1,1,1,1,1,43,-17.03045306926554,240.001,5.3009848690188155e-08,5.3009848690188155e-08,25.725981284831285,25.725981284831285,21.557895418452926,21.557895418452926
1,1,1,1,1,1,1,1,1,1,1,1,1,1,1,1,0,1,0,1,1,1,1,1,1,1,1,1,1,1,1,1,1,1,1,1,1,1,1,1,0,1,1,1,1,1,1,1,1,1,1,1,0,1,1,1,1,1,1,0,0,1,1,1,1,1,1,1,1,1,1,1,1,1,0,1,1,1,1,1,44,-17.030730187388055,240.001,5.302130323005818e-08,5.302130323005818e-08,25.724765830495766,25.724765830495766,21.518130338348268,21.518130338348268
1,1,1,1,1,1,1,1,1,1,1,1,1,1,1,1,0,1,0,1,1,1,1,1,1,1,1,1,1,1,1,1,1,1,1,1,1,1,1,1,0,1,1,1,1,1,1,1,1,1,1,1,0,1,1,1,1,1,1,0,0,1,1,1,1,1,1,1,1,1,1,1,1,1,0,1,1,1,1,1,45,-17.03084140086731,240.001,5.303410204022901e-08,5.303410204022901e-08,25.72360640025756,25.72360640025756,21.502272867338945,21.502272867338945
1,1,1,1,1,1,1,1,1,1,1,1,1,1,1,1,0,1,0,1,1,1,1,1,1,1,1,1,1,1,1,1,1,1,1,1,1,1,1,1,0,1,1,1,1,1,1,1,1,1,1,1,0,1,1,1,1,1,1,0,0,1,1,1,1,1,1,1,1,1,1,1,1,1,0,1,1,1,1,1,46,-17.03087847531983,240.001,5.304750164623899e-08,5.304750164623899e-08,25.722472175162785,25.722472175162785,21.496999326381232,21.496999326381232
1,1,1,1,1,1,1,1,1,1,1,1,1,1,1,1,0,1,0,1,1,1,1,1,1,1,1,1,1,1,1,1,1,1,1,1,1,1,1,1,0,1,1,1,1,1,1,1,1,1,1,1,0,1,1,1,1,1,1,0,0,1,1,1,1,1,1,1,1,1,1,1,1,1,0,1,1,1,1,1,47,-17.030868362185394,240.001,5.3061283833059784e-08,5.3061283833059784e-08,25.72135410127832,25.72135410127832,21.49843720738831,21.49843720738831
1,1,1,1,1,1,1,1,1,1,1,1,1,1,1,1,0,1,0,1,1,1,1,1,1,1,1,1,1,1,1,1,1,1,1,1,1,1,1,1,0,1,1,1,1,1,1,1,1,1,1,1,0,1,1,1,1,1,1,0,0,1,1,1,1,1,1,1,1,1,1,1,1,1,0,1,1,1,1,1,48,-17.0308170774815,240.001,5.307540007916951e-08,5.307540007916951e-08,25.720250157158247,25.720250157158247,21.505736129682735,21.505736129682735
1,1,1,1,1,1,1,1,1,1,1,1,1,1,1,1,0,1,0,1,1,1,1,1,1,1,1,1,1,1,1,1,1,1,1,1,1,1,1,1,0,1,1,1,1,1,1,1,1,1,1,1,0,1,1,1,1,1,1,0,0,1,1,1,1,1,1,1,1,1,1,1,1,1,0,1,1,1,1,1,49,-17.030717118839455,240.001,5.3089911554742724e-08,5.3089911554742724e-08,25.71916286288161,25.71916286288161,21.519997509426098,21.519997509426098
1,1,1,1,1,1,1,1,1,1,1,1,1,1,1,1,0,1,0,1,1,1,1,1,1,1,1,1,1,1,1,1,1,1,1,1,1,1,1,1,0,1,1,1,1,1,1,1,1,1,1,1,0,1,1,1,1,1,1,0,0,1,1,1,1,1,1,1,1,1,1,1,1,1,0,1,1,1,1,1,50,-17.030539881753512,240.001,5.310505086814793e-08,5.310505086814793e-08,25.718101826481465,25.718101826481465,21.545399320018348,21.545399320018348
1,1,1,1,1,1,1,1,1,1,1,1,1,1,1,1,0,1,0,1,1,1,1,1,1,1,1,1,1,1,1,1,1,1,1,1,1,1,1,1,0,1,1,1,1,1,1,1,1,1,1,1,0,1,1,1,1,1,1,0,0,1,1,1,1,1,1,1,1,1,1,1,1,1,0,1,1,1,1,1,51,-17.030191566438205,240.001,5.312158059535885e-08,5.312158059535885e-08,25.717098546763758,25.717098546763758,21.595754295782466,21.595754295782466
1,1,1,1,1,1,1,1,1,1,1,1,1,1,1,1,0,1,0,1,1,1,1,1,1,1,1,1,1,1,1,1,1,1,1,1,1,1,1,1,0,1,1,1,1,1,1,1,1,1,1,1,0,1,1,1,1,1,1,0,0,1,1,1,1,1,1,1,1,1,1,1,1,1,0,1,1,1,1,1,52,-17.029180134384735,240.001,5.314350213570903e-08,5.314350213570903e-08,25.716318157101334,25.716318157101334,21.745349271323878,21.745349271323878
1,1,1,1,1,1,1,1,1,1,1,1,1,1,1,1,0,1,0,1,1,1,1,1,1,1,1,1,1,1,1,1,1,1,1,1,1,1,1,1,0,1,1,1,1,1,1,1,1,1,1,1,0,1,1,1,1,1,1,0,0,1,1,1,1,1,1,1,1,1,1,1,1,1,0,1,1,1,1,1,54,-17.02901127538001,240.001,5.317228213925501e-08,5.317228213925501e-08,25.71413571951925,25.71413571951925,21.770830487992775,21.770830487992775
1,1,1,1,1,1,1,1,1,1,1,1,1,1,1,1,0,1,0,1,1,1,1,1,1,1,1,1,1,1,1,1,1,1,1,1,1,1,1,1,0,1,1,1,1,1,1,1,1,1,1,1,0,1,1,1,1,1,1,0,0,1,1,1,1,1,1,1,1,1,1,1,1,1,0,1,1,1,1,1,55,-17.02983850768479,240.001,5.317925698156343e-08,5.317925698156343e-08,25.71273884138591,25.71273884138591,21.647393712640223,21.647393712640223
1,1,1,1,1,1,1,1,1,1,1,1,1,1,1,1,0,1,0,1,1,1,1,1,1,1,1,1,1,1,1,1,1,1,1,1,1,1,1,1,0,1,1,1,1,1,1,1,1,1,1,1,0,1,1,1,1,1,1,0,0,1,1,1,1,1,1,1,1,1,1,1,1,1,0,1,1,1,1,1,56,-17.029964623205203,240.001,5.319193336932872e-08,5.319193336932872e-08,25.711577617531212,25.711577617531212,21.6288775950868,21.6288775950868
1,1,1,1,1,1,1,1,1,1,1,1,1,1,1,1,0,1,0,1,1,1,1,1,1,1,1,1,1,1,1,1,1,1,1,1,1,1,1,1,0,1,1,1,1,1,1,1,1,1,1,1,0,1,1,1,1,1,1,0,0,1,1,1,1,1,1,1,1,1,1,1,1,1,0,1,1,1,1,1,57,-17.029836215989366,240.001,5.320668002456586e-08,5.320668002456586e-08,25.710502176156783,25.710502176156783,21.647730902779088,21.647730902779088
1,1,1,1,1,1,1,1,1,1,1,1,1,1,1,1,0,1,0,1,1,1,1,1,1,1,1,1,1,1,1,1,1,1,1,1,1,1,1,1,0,1,1,1,1,1,1,1,1,1,1,1,0,1,1,1,1,1,1,0,0,1,1,1,1,1,1,1,1,1,1,1,1,1,0,1,1,1,1,1,58,-17.029421993904496,240.001,5.322375351720303e-08,5.322375351720303e-08,25.709523014139762,25.709523014139762,21.709108874878464,21.709108874878464
1,1,1,1,1,1,1,1,1,1,1,1,1,1,1,1,0,1,0,1,1,1,1,1,1,1,1,1,1,1,1,1,1,1,1,1,1,1,1,1,0,1,1,1,1,1,1,1,1,1,1,1,0,1,1,1,1,1,1,0,0,1,1,1,1,1,1,1,1,1,1,1,1,1,0,1,1,1,1,1,59,-17.028167147784433,240.001,5.324767613387445e-08,5.324767613387445e-08,25.708826264301734,25.708826264301734,21.900487130883892,21.900487130883892
1,1,1,1,1,1,1,1,1,1,1,1,1,1,1,1,0,1,0,1,1,1,1,1,1,1,1,1,1,1,1,1,1,1,1,1,1,1,1,1,0,1,1,1,1,1,1,1,1,1,1,1,0,1,1,1,1,1,1,0,0,1,1,1,1,1,1,1,1,1,1,1,1,1,0,1,1,1,1,1,62,-17.028088174737515,240.001,5.328943720999955e-08,5.328943720999955e-08,25.705500488472115,25.705500488472115,21.912816324912782,21.912816324912782
1,1,1,1,1,1,1,1,1,1,1,1,1,1,1,1,0,1,0,1,1,1,1,1,1,1,1,1,1,1,1,1,1,1,1,1,1,1,1,1,0,1,1,1,1,1,1,1,1,1,1,1,0,1,1,1,1,1,1,0,0,1,1,1,1,1,1,1,1,1,1,1,1,1,0,1,1,1,1,1,63,-17.02930203627207,240.001,5.32932470719895e-08,5.32932470719895e-08,25.70397614460154,25.70397614460154,21.72704586278547,21.72704586278547
1,1,1,1,1,1,1,1,1,1,1,1,1,1,1,1,0,1,0,1,1,1,1,1,1,1,1,1,1,1,1,1,1,1,1,1,1,1,1,1,0,1,1,1,1,1,1,1,1,1,1,1,0,1,1,1,1,1,1,0,0,1,1,1,1,1,1,1,1,1,1,1,1,1,0,1,1,1,1,1,64,-17.02969915050167,240.001,5.330371352317884e-08,5.330371352317884e-08,25.702726187666883,25.702726187666883,21.66794555690697,21.66794555690697
1,1,1,1,1,1,1,1,1,1,1,1,1,1,1,1,0,1,0,1,1,1,1,1,1,1,1,1,1,1,1,1,1,1,1,1,1,1,1,1,0,1,1,1,1,1,1,1,1,1,1,1,0,1,1,1,1,1,1,0,0,1,1,1,1,1,1,1,1,1,1,1,1,1,0,1,1,1,1,1,65,-17.029864775689244,240.001,5.331606597747754e-08,5.331606597747754e-08,25.701554257122265,25.701554257122265,21.64353060822197,21.64353060822197
1,1,1,1,1,1,1,1,1,1,1,1,1,1,1,1,0,1,0,1,1,1,1,1,1,1,1,1,1,1,1,1,1,1,1,1,1,1,1,1,0,1,1,1,1,1,1,1,1,1,1,1,0,1,1,1,1,1,1,0,0,1,1,1,1,1,1,1,1,1,1,1,1,1,0,1,1,1,1,1,66,-17.02992325745914,240.001,5.3329291445890654e-08,5.3329291445890654e-08,25.700418607415465,25.700418607415465,21.634942223708666,21.634942223708666
1,1,1,1,1,1,1,1,1,1,1,1,1,1,1,1,0,1,0,1,1,1,1,1,1,1,1,1,1,1,1,1,1,1,1,1,1,1,1,1,0,1,1,1,1,1,1,1,1,1,1,1,0,1,1,1,1,1,1,0,0,1,1,1,1,1,1,1,1,1,1,1,1,1,0,1,1,1,1,1,67,-17.029916978656814,240.001,5.334304482424667e-08,5.334304482424667e-08,25.69930500517468,25.69930500517468,21.63586349408609,21.63586349408609
1,1,1,1,1,1,1,1,1,1,1,1,1,1,1,1,0,1,0,1,1,1,1,1,1,1,1,1,1,1,1,1,1,1,1,1,1,1,1,1,0,1,1,1,1,1,1,1,1,1,1,1,0,1,1,1,1,1,1,0,0,1,1,1,1,1,1,1,1,1,1,1,1,1,0,1,1,1,1,1,68,-17.029862648148185,240.001,5.3357190191823634e-08,5.3357190191823634e-08,25.69820783772865,25.69820783772865,21.643843368089698,21.643843368089698
1,1,1,1,1,1,1,1,1,1,1,1,1,1,1,1,0,1,0,1,1,1,1,1,1,1,1,1,1,1,1,1,1,1,1,1,1,1,1,1,0,1,1,1,1,1,1,1,1,1,1,1,0,1,1,1,1,1,1,0,0,1,1,1,1,1,1,1,1,1,1,1,1,1,0,1,1,1,1,1,69,-17.029765481840297,240.001,5.337168529954899e-08,5.337168529954899e-08,25.697125352267616,25.697125352267616,21.658151226726744,21.658151226726744
1,1,1,1,1,1,1,1,1,1,1,1,1,1,1,1,0,1,0,1,1,1,1,1,1,1,1,1,1,1,1,1,1,1,1,1,1,1,1,1,0,1,1,1,1,1,1,1,1,1,1,1,0,1,1,1,1,1,1,0,0,1,1,1,1,1,1,1,1,1,1,1,1,1,0,1,1,1,1,1,70,-17.0296228094074,240.001,5.338655224297507e-08,5.338655224297507e-08,25.696058444684375,25.696058444684375,21.679245126219556,21.679245126219556
1,1,1,1,1,1,1,1,1,1,1,1,1,1,1,1,0,1,0,1,1,1,1,1,1,1,1,1,1,1,1,1,1,1,1,1,1,1,1,1,0,1,1,1,1,1,1,1,1,1,1,1,0,1,1,1,1,1,1,0,0,1,1,1,1,1,1,1,1,1,1,1,1,1,0,1,1,1,1,1,71,-17.029422346609607,240.001,5.3401891666470476e-08,5.3401891666470476e-08,25.69501123932978,25.69501123932978,21.709056244047634,21.709056244047634
1,1,1,1,1,1,1,1,1,1,1,1,1,1,1,1,0,1,0,1,1,1,1,1,1,1,1,1,1,1,1,1,1,1,1,1,1,1,1,1,0,1,1,1,1,1,1,1,1,1,1,1,0,1,1,1,1,1,1,0,0,1,1,1,1,1,1,1,1,1,1,1,1,1,0,1,1,1,1,1,72,-17.029131729719154,240.001,5.341796840173834e-08,5.341796840173834e-08,25.69399460165875,25.69399460165875,21.752638476143172,21.752638476143172
1,1,1,1,1,1,1,1,1,1,1,1,1,1,1,1,0,1,0,1,1,1,1,1,1,1,1,1,1,1,1,1,1,1,1,1,1,1,1,1,0,1,1,1,1,1,1,1,1,1,1,1,0,1,1,1,1,1,1,0,0,1,1,1,1,1,1,1,1,1,1,1,1,1,0,1,1,1,1,1,73,-17.028653134503568,240.001,5.343558273829896e-08,5.343558273829896e-08,25.69304136626911,25.69304136626911,21.82537139461607,21.82537139461607
1,1,1,1,1,1,1,1,1,1,1,1,1,1,1,1,0,1,0,1,1,1,1,1,1,1,1,1,1,1,1,1,1,1,1,1,1,1,1,1,0,1,1,1,1,1,1,1,1,1,1,1,0,1,1,1,1,1,1,0,0,1,1,1,1,1,1,1,1,1,1,1,1,1,0,1,1,1,1,1,74,-17.027489093279577,240.001,5.3458805402819776e-08,5.3458805402819776e-08,25.692318409421354,25.692318409421354,22.007494456931305,22.007494456931305
1,1,1,1,1,1,1,1,1,1,1,1,1,1,1,1,0,1,0,1,1,1,1,1,1,1,1,1,1,1,1,1,1,1,1,1,1,1,1,1,0,1,1,1,1,1,1,1,1,1,1,1,0,1,1,1,1,1,1,0,0,1,1,1,1,1,1,1,1,1,1,1,1,1,0,1,1,1,1,1,76,-17.026917107463436,240.001,5.3490898597228663e-08,5.3490898597228663e-08,25.690283955549397,25.690283955549397,22.099845624693497,22.099845624693497
1,1,1,1,1,1,1,1,1,1,1,1,1,1,1,1,0,1,0,1,1,1,1,1,1,1,1,1,1,1,1,1,1,1,1,1,1,1,1,1,0,1,1,1,1,1,1,1,1,1,1,1,0,1,1,1,1,1,1,0,0,1,1,1,1,1,1,1,1,1,1,1,1,1,0,1,1,1,1,1,77,-17.02746203268413,240.001,5.350014558932318e-08,5.350014558932318e-08,25.688988328682342,25.688988328682342,22.011819880116988,22.011819880116988
1,1,1,1,1,1,1,1,1,1,1,1,1,1,1,1,0,1,0,1,1,1,1,1,1,1,1,1,1,1,1,1,1,1,1,1,1,1,1,1,0,1,1,1,1,1,1,1,1,1,1,1,0,1,1,1,1,1,1,0,0,1,1,1,1,1,1,1,1,1,1,1,1,1,0,1,1,1,1,1,78,-17.02720232756173,240.001,5.351597847486209e-08,5.351597847486209e-08,25.687962968599386,25.687962968599386,22.05355086169051,22.05355086169051
1,1,1,1,1,1,1,1,1,1,1,1,1,1,1,1,0,1,0,1,1,1,1,1,1,1,1,1,1,1,1,1,1,1,1,1,1,1,1,1,0,1,1,1,1,1,1,1,1,1,1,1,0,1,1,1,1,1,1,0,0,1,1,1,1,1,1,1,1,1,1,1,1,1,0,1,1,1,1,1,79,-17.02647303692575,240.001,5.3535658494769865e-08,5.3535658494769865e-08,25.687095473910475,25.687095473910475,22.17291448796906,22.17291448796906
1,1,1,1,1,1,1,1,1,1,1,1,1,1,1,1,0,1,0,1,1,1,1,1,1,1,1,1,1,1,1,1,1,1,1,1,1,1,1,1,0,1,1,1,1,1,1,1,1,1,1,1,0,1,1,1,1,1,1,0,0,1,1,1,1,1,1,1,1,1,1,1,1,1,0,1,1,1,1,1,80,-17.02472006711824,240.001,5.3563733708348177e-08,5.3563733708348177e-08,25.686571510046598,25.686571510046598,22.47391457934164,22.47391457934164
1,1,1,1,1,1,1,1,1,1,1,1,1,1,1,1,0,1,0,1,1,1,1,1,1,1,1,1,1,1,1,1,1,1,1,1,1,1,1,1,0,1,1,1,1,1,1,1,1,1,1,1,0,1,1,1,1,1,1,0,0,1,1,1,1,1,1,1,1,1,1,1,1,1,1,1,1,1,1,1,1,-17.024856047285915,240.001,5.247930493042144e-08,5.247930493042144e-08,25.775263209404194,25.775263209404194,22.449808976419135,22.449808976419135
1,1,1,1,1,1,1,1,1,1,1,1,1,1,1,1,0,1,0,1,1,1,1,1,1,1,1,1,1,1,1,1,1,1,1,1,1,1,1,1,0,1,1,1,1,1,1,1,1,1,1,1,0,1,1,1,1,1,1,0,0,1,1,1,1,1,1,1,1,1,1,1,1,1,1,1,1,1,1,1,2,-17.02670572754458,240.001,5.247816337939382e-08,5.247816337939382e-08,25.773507999662037,25.773507999662037,22.134474446991042,22.134474446991042
1,1,1,1,1,1,1,1,1,1,1,1,1,1,1,1,0,1,0,1,1,1,1,1,1,1,1,1,1,1,1,1,1,1,1,1,1,1,1,1,0,1,1,1,1,1,1,1,1,1,1,1,0,1,1,1,1,1,1,0,0,1,1,1,1,1,1,1,1,1,1,1,1,1,1,1,1,1,1,1,3,-17.027593252901063,240.001,5.248474685397504e-08,5.248474685397504e-08,25.772075678685887,25.772075678685887,21.990885199038278,21.990885199038278
1,1,1,1,1,1,1,1,1,1,1,1,1,1,1,1,0,1,0,1,1,1,1,1,1,1,1,1,1,1,1,1,1,1,1,1,1,1,1,1,0,1,1,1,1,1,1,1,1,1,1,1,0,1,1,1,1,1,1,0,0,1,1,1,1,1,1,1,1,1,1,1,1,1,1,1,1,1,1,1,4,-17.028166920764775,240.001,5.24938483601415e-08,5.24938483601415e-08,25.770748955609935,25.770748955609935,21.900522523173784,21.900522523173784
1,1,1,1,1,1,1,1,1,1,1,1,1,1,1,1,0,1,0,1,1,1,1,1,1,1,1,1,1,1,1,1,1,1,1,1,1,1,1,1,0,1,1,1,1,1,1,1,1,1,1,1,0,1,1,1,1,1,1,0,0,1,1,1,1,1,1,1,1,1,1,1,1,1,1,1,1,1,1,1,5,-17.02858279564015,240.001,5.250421522762902e-08,5.250421522762902e-08,25.76947548904091,25.76947548904091,21.836163639292415,21.836163639292415
1,1,1,1,1,1,1,1,1,1,1,1,1,1,1,1,0,1,0,1,1,1,1,1,1,1,1,1,1,1,1,1,1,1,1,1,1,1,1,1,0,1,1,1,1,1,1,1,1,1,1,1,0,1,1,1,1,1,1,0,0,1,1,1,1,1,1,1,1,1,1,1,1,1,1,1,1,1,1,1,6,-17.028902221166227,240.001,5.2515355286643594e-08,5.2515355286643594e-08,25.76823469882965,25.76823469882965,21.787366306743507,21.787366306743507
1,1,1,1,1,1,1,1,1,1,1,1,1,1,1,1,0,1,0,1,1,1,1,1,1,1,1,1,1,1,1,1,1,1,1,1,1,1,1,1,0,1,1,1,1,1,1,1,1,1,1,1,0,1,1,1,1,1,1,0,0,1,1,1,1,1,1,1,1,1,1,1,1,1,1,1,1,1,1,1,7,-17.02915511166195,240.001,5.252702862758915e-08,5.252702862758915e-08,25.767016547000363,25.767016547000363,21.749115897946844,21.749115897946844
1,1,1,1,1,1,1,1,1,1,1,1,1,1,1,1,0,1,0,1,1,1,1,1,1,1,1,1,1,1,1,1,1,1,1,1,1,1,1,1,0,1,1,1,1,1,1,1,1,1,1,1,0,1,1,1,1,1,1,0,0,1,1,1,1,1,1,1,1,1,1,1,1,1,1,1,1,1,1,1,8,-17.029357683219096,240.001,5.253910526535396e-08,5.253910526535396e-08,25.76581559147876,25.76581559147876,21.71871595195038,21.71871595195038
1,1,1,1,1,1,1,1,1,1,1,1,1,1,1,1,0,1,0,1,1,1,1,1,1,1,1,1,1,1,1,1,1,1,1,1,1,1,1,1,0,1,1,1,1,1,1,1,1,1,1,1,0,1,1,1,1,1,1,0,0,1,1,1,1,1,1,1,1,1,1,1,1,1,1,1,1,1,1,1,9,-17.029518874264554,240.001,5.255151361592803e-08,5.255151361592803e-08,25.76462883254413,25.76462883254413,21.694676100035167,21.694676100035167
1,1,1,1,1,1,1,1,1,1,1,1,1,1,1,1,0,1,0,1,1,1,1,1,1,1,1,1,1,1,1,1,1,1,1,1,1,1,1,1,0,1,1,1,1,1,1,1,1,1,1,1,0,1,1,1,1,1,1,0,0,1,1,1,1,1,1,1,1,1,1,1,1,1,1,1,1,1,1,1,10,-17.029642859676745,240.001,5.2564220335172715e-08,5.2564220335172715e-08,25.76345486957473,25.76345486957473,21.676274572086637,21.676274572086637
1,1,1,1,1,1,1,1,1,1,1,1,1,1,1,1,0,1,0,1,1,1,1,1,1,1,1,1,1,1,1,1,1,1,1,1,1,1,1,1,0,1,1,1,1,1,1,1,1,1,1,1,0,1,1,1,1,1,1,0,0,1,1,1,1,1,1,1,1,1,1,1,1,1,1,1,1,1,1,1,11,-17.02972967411805,240.001,5.2577225343595405e-08,5.2577225343595405e-08,25.762293692233538,25.762293692233538,21.66343578605259,21.66343578605259
1,1,1,1,1,1,1,1,1,1,1,1,1,1,1,1,0,1,0,1,1,1,1,1,1,1,1,1,1,1,1,1,1,1,1,1,1,1,1,1,0,1,1,1,1,1,1,1,1,1,1,1,0,1,1,1,1,1,1,0,0,1,1,1,1,1,1,1,1,1,1,1,1,1,1,1,1,1,1,1,12,-17.029774203957526,240.001,5.259056997046989e-08,5.259056997046989e-08,25.761147019322898,25.761147019322898,21.656864969842758,21.656864969842758
1,1,1,1,1,1,1,1,1,1,1,1,1,1,1,1,0,1,0,1,1,1,1,1,1,1,1,1,1,1,1,1,1,1,1,1,1,1,1,1,0,1,1,1,1,1,1,1,1,1,1,1,0,1,1,1,1,1,1,0,0,1,1,1,1,1,1,1,1,1,1,1,1,1,1,1,1,1,1,1,13,-17.02976228125143,240.001,5.2604368429394377e-08,5.2604368429394377e-08,25.76001961067043,25.76001961067043,21.658623314773962,21.658623314773962
1,1,1,1,1,1,1,1,1,1,1,1,1,1,1,1,0,1,0,1,1,1,1,1,1,1,1,1,1,1,1,1,1,1,1,1,1,1,1,1,0,1,1,1,1,1,1,1,1,1,1,1,0,1,1,1,1,1,1,0,0,1,1,1,1,1,1,1,1,1,1,1,1,1,1,1,1,1,1,1,14,-17.02965830613161,240.001,5.261890753259985e-08,5.261890753259985e-08,25.758923423131105,25.758923423131105,21.673987473026965,21.673987473026965
1,1,1,1,1,1,1,1,1,1,1,1,1,1,1,1,0,1,0,1,1,1,1,1,1,1,1,1,1,1,1,1,1,1,1,1,1,1,1,1,0,1,1,1,1,1,1,1,1,1,1,1,0,1,1,1,1,1,1,0,0,1,1,1,1,1,1,1,1,1,1,1,1,1,1,1,1,1,1,1,15,-17.029356308643106,240.001,5.2635040981527784e-08,5.2635040981527784e-08,25.757894037237364,25.757894037237364,21.7189215241237,21.7189215241237
1,1,1,1,1,1,1,1,1,1,1,1,1,1,1,1,0,1,0,1,1,1,1,1,1,1,1,1,1,1,1,1,1,1,1,1,1,1,1,1,0,1,1,1,1,1,1,1,1,1,1,1,0,1,1,1,1,1,1,0,0,1,1,1,1,1,1,1,1,1,1,1,1,1,1,1,1,1,1,1,16,-17.028335334270484,240.001,5.2656967020348576e-08,5.2656967020348576e-08,25.757106259362175,25.757106259362175,21.874345348845615,21.874345348845615
1,1,1,1,1,1,1,1,1,1,1,1,1,1,1,1,0,1,0,1,1,1,1,1,1,1,1,1,1,1,1,1,1,1,1,1,1,1,1,1,0,1,1,1,1,1,1,1,1,1,1,1,0,1,1,1,1,1,1,0,0,1,1,1,1,1,1,1,1,1,1,1,1,1,1,1,1,1,1,1,18,-17.027224491811275,240.001,5.269333152141094e-08,5.269333152141094e-08,25.755218932287104,25.755218932287104,22.049973782193785,22.049973782193785
1,1,1,1,1,1,1,1,1,1,1,1,1,1,1,1,0,1,0,1,1,1,1,1,1,1,1,1,1,1,1,1,1,1,1,1,1,1,1,1,0,1,1,1,1,1,1,1,1,1,1,1,0,1,1,1,1,1,1,0,0,1,1,1,1,1,1,1,1,1,1,1,1,1,1,1,1,1,1,1,20,-17.028623547511625,240.001,5.270946689184299e-08,5.270946689184299e-08,25.752490215040314,25.752490215040314,21.829907744927826,21.829907744927826
1,1,1,1,1,1,1,1,1,1,1,1,1,1,1,1,0,1,0,1,1,1,1,1,1,1,1,1,1,1,1,1,1,1,1,1,1,1,1,1,0,1,1,1,1,1,1,1,1,1,1,1,0,1,1,1,1,1,1,0,0,1,1,1,1,1,1,1,1,1,1,1,1,1,1,1,1,1,1,1,21,-17.029791660444882,240.001,5.271375356418325e-08,5.271375356418325e-08,25.75096892030592,25.75096892030592,21.654291785010237,21.654291785010237
1,1,1,1,1,1,1,1,1,1,1,1,1,1,1,1,0,1,0,1,1,1,1,1,1,1,1,1,1,1,1,1,1,1,1,1,1,1,1,1,0,1,1,1,1,1,1,1,1,1,1,1,0,1,1,1,1,1,1,0,0,1,1,1,1,1,1,1,1,1,1,1,1,1,1,1,1,1,1,1,22,-17.03024478686457,240.001,5.2723803327962994e-08,5.2723803327962994e-08,25.74968789970965,25.74968789970965,21.588022738790514,21.588022738790514
1,1,1,1,1,1,1,1,1,1,1,1,1,1,1,1,0,1,0,1,1,1,1,1,1,1,1,1,1,1,1,1,1,1,1,1,1,1,1,1,0,1,1,1,1,1,1,1,1,1,1,1,0,1,1,1,1,1,1,0,0,1,1,1,1,1,1,1,1,1,1,1,1,1,1,1,1,1,1,1,23,-17.03050544325689,240.001,5.273540358946624e-08,5.273540358946624e-08,25.748471816147514,25.748471816147514,21.550352247914702,21.550352247914702
1,1,1,1,1,1,1,1,1,1,1,1,1,1,1,1,0,1,0,1,1,1,1,1,1,1,1,1,1,1,1,1,1,1,1,1,1,1,1,1,0,1,1,1,1,1,1,1,1,1,1,1,0,1,1,1,1,1,1,0,0,1,1,1,1,1,1,1,1,1,1,1,1,1,1,1,1,1,1,1,24,-17.03068145174337,240.001,5.274768551767817e-08,5.274768551767817e-08,25.747284465706826,25.747284465706826,21.52509751213067,21.52509751213067
1,1,1,1,1,1,1,1,1,1,1,1,1,1,1,1,0,1,0,1,1,1,1,1,1,1,1,1,1,1,1,1,1,1,1,1,1,1,1,1,0,1,1,1,1,1,1,1,1,1,1,1,0,1,1,1,1,1,1,0,0,1,1,1,1,1,1,1,1,1,1,1,1,1,1,1,1,1,1,1,25,-17.03081066122847,240.001,5.276034421984963e-08,5.276034421984963e-08,25.746113135628402,25.746113135628402,21.506650159119147,21.506650159119147
1,1,1,1,1,1,1,1,1,1,1,1,1,1,1,1,0,1,0,1,1,1,1,1,1,1,1,1,1,1,1,1,1,1,1,1,1,1,1,1,0,1,1,1,1,1,1,1,1,1,1,1,0,1,1,1,1,1,1,0,0,1,1,1,1,1,1,1,1,1,1,1,1,1,1,1,1,1,1,1,26,-17.030910065733302,240.001,5.2773242838930346e-08,5.2773242838930346e-08,25.74495211666036,25.74495211666036,21.49251085741167,21.49251085741167
1,1,1,1,1,1,1,1,1,1,1,1,1,1,1,1,0,1,0,1,1,1,1,1,1,1,1,1,1,1,1,1,1,1,1,1,1,1,1,1,0,1,1,1,1,1,1,1,1,1,1,1,0,1,1,1,1,1,1,0,0,1,1,1,1,1,1,1,1,1,1,1,1,1,1,1,1,1,1,1,27,-17.030988461953065,240.001,5.2786310556475454e-08,5.2786310556475454e-08,25.74379845297927,25.74379845297927,21.481391925555947,21.481391925555947
1,1,1,1,1,1,1,1,1,1,1,1,1,1,1,1,0,1,0,1,1,1,1,1,1,1,1,1,1,1,1,1,1,1,1,1,1,1,1,1,0,1,1,1,1,1,1,1,1,1,1,1,0,1,1,1,1,1,1,0,0,1,1,1,1,1,1,1,1,1,1,1,1,1,1,1,1,1,1,1,28,-17.0310508092119,240.001,5.2799507465772394e-08,5.2799507465772394e-08,25.74265047793007,25.74265047793007,21.472569351413036,21.472569351413036
1,1,1,1,1,1,1,1,1,1,1,1,1,1,1,1,0,1,0,1,1,1,1,1,1,1,1,1,1,1,1,1,1,1,1,1,1,1,1,1,0,1,1,1,1,1,1,1,1,1,1,1,0,1,1,1,1,1,1,0,0,1,1,1,1,1,1,1,1,1,1,1,1,1,1,1,1,1,1,1,29,-17.03110001697565,240.001,5.28128101731036e-08,5.28128101731036e-08,25.74150721361155,25.74150721361155,21.465618651736918,21.465618651736918
1,1,1,1,1,1,1,1,1,1,1,1,1,1,1,1,0,1,0,1,1,1,1,1,1,1,1,1,1,1,1,1,1,1,1,1,1,1,1,1,0,1,1,1,1,1,1,1,1,1,1,1,0,1,1,1,1,1,1,0,0,1,1,1,1,1,1,1,1,1,1,1,1,1,1,1,1,1,1,1,30,-17.031137756982616,240.001,5.282620525785638e-08,5.282620525785638e-08,25.740368098056884,25.740368098056884,21.46029527094029,21.46029527094029
1,1,1,1,1,1,1,1,1,1,1,1,1,1,1,1,0,1,0,1,1,1,1,1,1,1,1,1,1,1,1,1,1,1,1,1,1,1,1,1,0,1,1,1,1,1,1,1,1,1,1,1,0,1,1,1,1,1,1,0,0,1,1,1,1,1,1,1,1,1,1,1,1,1,1,1,1,1,1,1,31,-17.031164839308275,240.001,5.283968624648491e-08,5.283968624648491e-08,25.73923285889454,25.73923285889454,21.456479188091123,21.456479188091123
1,1,1,1,1,1,1,1,1,1,1,1,1,1,1,1,0,1,0,1,1,1,1,1,1,1,1,1,1,1,1,1,1,1,1,1,1,1,1,1,0,1,1,1,1,1,1,1,1,1,1,1,0,1,1,1,1,1,1,0,0,1,1,1,1,1,1,1,1,1,1,1,1,1,1,1,1,1,1,1,32,-17.03118135115679,240.001,5.2853252499545156e-08,5.2853252499545156e-08,25.738101466724515,25.738101466724515,21.454154189634977,21.454154189634977
1,1,1,1,1,1,1,1,1,1,1,1,1,1,1,1,0,1,0,1,1,1,1,1,1,1,1,1,1,1,1,1,1,1,1,1,1,1,1,1,0,1,1,1,1,1,1,1,1,1,1,1,0,1,1,1,1,1,1,0,0,1,1,1,1,1,1,1,1,1,1,1,1,1,1,1,1,1,1,1,33,-17.03118661760906,240.001,5.286690953626321e-08,5.286690953626321e-08,25.736974148318374,25.736974148318374,21.45341289150561,21.45341289150561
1,1,1,1,1,1,1,1,1,1,1,1,1,1,1,1,0,1,0,1,1,1,1,1,1,1,1,1,1,1,1,1,1,1,1,1,1,1,1,1,0,1,1,1,1,1,1,1,1,1,1,1,0,1,1,1,1,1,1,0,0,1,1,1,1,1,1,1,1,1,1,1,1,1,1,1,1,1,1,1,34,-17.03117895247495,240.001,5.288067105671151e-08,5.288067105671151e-08,25.735851470347985,25.735851470347985,21.45449186623388,21.45449186623388
1,1,1,1,1,1,1,1,1,1,1,1,1,1,1,1,0,1,0,1,1,1,1,1,1,1,1,1,1,1,1,1,1,1,1,1,1,1,1,1,0,1,1,1,1,1,1,1,1,1,1,1,0,1,1,1,1,1,1,0,0,1,1,1,1,1,1,1,1,1,1,1,1,1,1,1,1,1,1,1,35,-17.031155041638655,240.001,5.289456393945069e-08,5.289456393945069e-08,25.7347345465936,25.7347345465936,21.457859361673677,21.457859361673677
1,1,1,1,1,1,1,1,1,1,1,1,1,1,1,1,0,1,0,1,1,1,1,1,1,1,1,1,1,1,1,1,1,1,1,1,1,1,1,1,0,1,1,1,1,1,1,1,1,1,1,1,0,1,1,1,1,1,1,0,0,1,1,1,1,1,1,1,1,1,1,1,1,1,1,1,1,1,1,1,36,-17.03110849988053,240.001,5.290863993392532e-08,5.290863993392532e-08,25.733625522822532,25.733625522822532,21.464421539056026,21.464421539056026
1,1,1,1,1,1,1,1,1,1,1,1,1,1,1,1,0,1,0,1,1,1,1,1,1,1,1,1,1,1,1,1,1,1,1,1,1,1,1,1,0,1,1,1,1,1,1,1,1,1,1,1,0,1,1,1,1,1,1,0,0,1,1,1,1,1,1,1,1,1,1,1,1,1,1,1,1,1,1,1,37,-17.03102618697329,240.001,5.292300550611896e-08,5.292300550611896e-08,25.73252881432357,25.73252881432357,21.47605144479509,21.47605144479509
1,1,1,1,1,1,1,1,1,1,1,1,1,1,1,1,0,1,0,1,1,1,1,1,1,1,1,1,1,1,1,1,1,1,1,1,1,1,1,1,0,1,1,1,1,1,1,1,1,1,1,1,0,1,1,1,1,1,1,0,0,1,1,1,1,1,1,1,1,1,1,1,1,1,1,1,1,1,1,1,38,-17.030877032404742,240.001,5.2937912385033695e-08,5.2937912385033695e-08,25.73145485928248,25.73145485928248,21.497204450505606,21.497204450505606
1,1,1,1,1,1,1,1,1,1,1,1,1,1,1,1,0,1,0,1,1,1,1,1,1,1,1,1,1,1,1,1,1,1,1,1,1,1,1,1,0,1,1,1,1,1,1,1,1,1,1,1,0,1,1,1,1,1,1,0,0,1,1,1,1,1,1,1,1,1,1,1,1,1,1,1,1,1,1,1,39,-17.03056663984048,240.001,5.2954125444123795e-08,5.2954125444123795e-08,25.7304353610831,25.7304353610831,21.54155485351294,21.54155485351294
1,1,1,1,1,1,1,1,1,1,1,1,1,1,1,1,0,1,0,1,1,1,1,1,1,1,1,1,1,1,1,1,1,1,1,1,1,1,1,1,0,1,1,1,1,1,1,1,1,1,1,1,0,1,1,1,1,1,1,0,0,1,1,1,1,1,1,1,1,1,1,1,1,1,1,1,1,1,1,1,40,-17.029603911095958,240.001,5.297562547966196e-08,5.297562547966196e-08,25.7296351579144,25.7296351579144,21.682046860408143,21.682046860408143
1,1,1,1,1,1,1,1,1,1,1,1,1,1,1,1,0,1,0,1,1,1,1,1,1,1,1,1,1,1,1,1,1,1,1,1,1,1,1,1,0,1,1,1,1,1,1,1,1,1,1,1,0,1,1,1,1,1,1,0,0,1,1,1,1,1,1,1,1,1,1,1,1,1,1,1,1,1,1,1,42,-17.029576429749856,240.001,5.300325385557953e-08,5.300325385557953e-08,25.727398253837286,25.727398253837286,21.68612426266465,21.68612426266465
1,1,1,1,1,1,1,1,1,1,1,1,1,1,1,1,0,1,0,1,1,1,1,1,1,1,1,1,1,1,1,1,1,1,1,1,1,1,1,1,0,1,1,1,1,1,1,1,1,1,1,1,0,1,1,1,1,1,1,0,0,1,1,1,1,1,1,1,1,1,1,1,1,1,1,1,1,1,1,1,43,-17.030510428033978,240.001,5.300938426246876e-08,5.300938426246876e-08,25.72596197546014,25.72596197546014,21.54963499239816,21.54963499239816
1,1,1,1,1,1,1,1,1,1,1,1,1,1,1,1,0,1,0,1,1,1,1,1,1,1,1,1,1,1,1,1,1,1,1,1,1,1,1,1,0,1,1,1,1,1,1,1,1,1,1,1,0,1,1,1,1,1,1,0,0,1,1,1,1,1,1,1,1,1,1,1,1,1,1,1,1,1,1,1,44,-17.0307893914626,240.001,5.3020823771403846e-08,5.3020823771403846e-08,25.724745898784718,25.724745898784718,21.50968151752393,21.50968151752393
1,1,1,1,1,1,1,1,1,1,1,1,1,1,1,1,0,1,0,1,1,1,1,1,1,1,1,1,1,1,1,1,1,1,1,1,1,1,1,1,0,1,1,1,1,1,1,1,1,1,1,1,0,1,1,1,1,1,1,0,0,1,1,1,1,1,1,1,1,1,1,1,1,1,1,1,1,1,1,1,45,-17.030902577220253,240.001,5.30336064932604e-08,5.30336064932604e-08,25.723585804269167,25.723585804269167,21.493574433308446,21.493574433308446
1,1,1,1,1,1,1,1,1,1,1,1,1,1,1,1,0,1,0,1,1,1,1,1,1,1,1,1,1,1,1,1,1,1,1,1,1,1,1,1,0,1,1,1,1,1,1,1,1,1,1,1,0,1,1,1,1,1,1,0,0,1,1,1,1,1,1,1,1,1,1,1,1,1,1,1,1,1,1,1,46,-17.030941761831922,240.001,5.304698887548084e-08,5.304698887548084e-08,25.722450868872222,25.722450868872222,21.488011996939434,21.488011996939434
1,1,1,1,1,1,1,1,1,1,1,1,1,1,1,1,0,1,0,1,1,1,1,1,1,1,1,1,1,1,1,1,1,1,1,1,1,1,1,1,0,1,1,1,1,1,1,1,1,1,1,1,0,1,1,1,1,1,1,0,0,1,1,1,1,1,1,1,1,1,1,1,1,1,1,1,1,1,1,1,47,-17.030933910837266,240.001,5.306075259084747e-08,5.306075259084747e-08,25.721332033805126,25.721332033805126,21.489125915293492,21.489125915293492
1,1,1,1,1,1,1,1,1,1,1,1,1,1,1,1,0,1,0,1,1,1,1,1,1,1,1,1,1,1,1,1,1,1,1,1,1,1,1,1,0,1,1,1,1,1,1,1,1,1,1,1,0,1,1,1,1,1,1,0,0,1,1,1,1,1,1,1,1,1,1,1,1,1,1,1,1,1,1,1,48,-17.030885056990037,240.001,5.307484898133899e-08,5.307484898133899e-08,25.720227271985124,25.720227271985124,21.49606380127119,21.49606380127119
1,1,1,1,1,1,1,1,1,1,1,1,1,1,1,1,0,1,0,1,1,1,1,1,1,1,1,1,1,1,1,1,1,1,1,1,1,1,1,1,0,1,1,1,1,1,1,1,1,1,1,1,0,1,1,1,1,1,1,0,0,1,1,1,1,1,1,1,1,1,1,1,1,1,1,1,1,1,1,1,49,-17.03078771760025,240.001,5.30893390544633e-08,5.30893390544633e-08,25.719139096945653,25.719139096945653,21.509920164909243,21.509920164909243
1,1,1,1,1,1,1,1,1,1,1,1,1,1,1,1,0,1,0,1,1,1,1,1,1,1,1,1,1,1,1,1,1,1,1,1,1,1,1,1,0,1,1,1,1,1,1,1,1,1,1,1,0,1,1,1,1,1,1,0,0,1,1,1,1,1,1,1,1,1,1,1,1,1,1,1,1,1,1,1,50,-17.030613311586322,240.001,5.3104455221495946e-08,5.3104455221495946e-08,25.718077109059372,25.718077109059372,21.534857370627645,21.534857370627645
1,1,1,1,1,1,1,1,1,1,1,1,1,1,1,1,0,1,0,1,1,1,1,1,1,1,1,1,1,1,1,1,1,1,1,1,1,1,1,1,0,1,1,1,1,1,1,1,1,1,1,1,0,1,1,1,1,1,1,0,0,1,1,1,1,1,1,1,1,1,1,1,1,1,1,1,1,1,1,1,51,-17.03026806841072,240.001,5.312095980143121e-08,5.312095980143121e-08,25.71707279797846,25.71707279797846,21.584644822922044,21.584644822922044
1,1,1,1,1,1,1,1,1,1,1,1,1,1,1,1,0,1,0,1,1,1,1,1,1,1,1,1,1,1,1,1,1,1,1,1,1,1,1,1,0,1,1,1,1,1,1,1,1,1,1,1,0,1,1,1,1,1,1,0,0,1,1,1,1,1,1,1,1,1,1,1,1,1,1,1,1,1,1,1,52,-17.029259996140716,240.001,5.314285371945286e-08,5.314285371945286e-08,25.716291284950607,25.716291284950607,21.733349480901524,21.733349480901524
1,1,1,1,1,1,1,1,1,1,1,1,1,1,1,1,0,1,0,1,1,1,1,1,1,1,1,1,1,1,1,1,1,1,1,1,1,1,1,1,0,1,1,1,1,1,1,1,1,1,1,1,0,1,1,1,1,1,1,0,0,1,1,1,1,1,1,1,1,1,1,1,1,1,1,1,1,1,1,1,54,-17.029098752497305,240.001,5.3171571483973e-08,5.3171571483973e-08,25.714106286878806,25.714106286878806,21.757611448699077,21.757611448699077
1,1,1,1,1,1,1,1,1,1,1,1,1,1,1,1,0,1,0,1,1,1,1,1,1,1,1,1,1,1,1,1,1,1,1,1,1,1,1,1,0,1,1,1,1,1,1,1,1,1,1,1,0,1,1,1,1,1,1,0,0,1,1,1,1,1,1,1,1,1,1,1,1,1,1,1,1,1,1,1,55,-17.029930333009112,240.001,5.317851097586259e-08,5.317851097586259e-08,25.71270793989735,25.71270793989735,21.63390428142052,21.63390428142052
1,1,1,1,1,1,1,1,1,1,1,1,1,1,1,1,0,1,0,1,1,1,1,1,1,1,1,1,1,1,1,1,1,1,1,1,1,1,1,1,0,1,1,1,1,1,1,1,1,1,1,1,0,1,1,1,1,1,1,0,0,1,1,1,1,1,1,1,1,1,1,1,1,1,1,1,1,1,1,1,56,-17.030061280736184,240.001,5.319114792255326e-08,5.319114792255326e-08,25.71154508959608,25.71154508959608,21.614739345380016,21.614739345380016
1,1,1,1,1,1,1,1,1,1,1,1,1,1,1,1,0,1,0,1,1,1,1,1,1,1,1,1,1,1,1,1,1,1,1,1,1,1,1,1,0,1,1,1,1,1,1,1,1,1,1,1,0,1,1,1,1,1,1,0,0,1,1,1,1,1,1,1,1,1,1,1,1,1,1,1,1,1,1,1,57,-17.029938252931608,240.001,5.3205850610569094e-08,5.3205850610569094e-08,25.710467839873452,25.710467839873452,21.632742766716614,21.632742766716614
1,1,1,1,1,1,1,1,1,1,1,1,1,1,1,1,0,1,0,1,1,1,1,1,1,1,1,1,1,1,1,1,1,1,1,1,1,1,1,1,0,1,1,1,1,1,1,1,1,1,1,1,0,1,1,1,1,1,1,0,0,1,1,1,1,1,1,1,1,1,1,1,1,1,1,1,1,1,1,1,58,-17.029530055391305,240.001,5.3222874792015754e-08,5.3222874792015754e-08,25.70948665534678,25.70948665534678,21.69301345135405,21.69301345135405
1,1,1,1,1,1,1,1,1,1,1,1,1,1,1,1,0,1,0,1,1,1,1,1,1,1,1,1,1,1,1,1,1,1,1,1,1,1,1,1,0,1,1,1,1,1,1,1,1,1,1,1,0,1,1,1,1,1,1,0,0,1,1,1,1,1,1,1,1,1,1,1,1,1,1,1,1,1,1,1,59,-17.028282024519076,240.001,5.3246741404388875e-08,5.3246741404388875e-08,25.708787625902787,25.708787625902787,21.882614548056473,21.882614548056473
1,1,1,1,1,1,1,1,1,1,1,1,1,1,1,1,0,1,0,1,1,1,1,1,1,1,1,1,1,1,1,1,1,1,1,1,1,1,1,1,0,1,1,1,1,1,1,1,1,1,1,1,0,1,1,1,1,1,1,0,0,1,1,1,1,1,1,1,1,1,1,1,1,1,1,1,1,1,1,1,62,-17.02822958158859,240.001,5.328828567269043e-08,5.328828567269043e-08,25.705452929807233,25.705452929807233,21.89076458213971,21.89076458213971
1,1,1,1,1,1,1,1,1,1,1,1,1,1,1,1,0,1,0,1,1,1,1,1,1,1,1,1,1,1,1,1,1,1,1,1,1,1,1,1,0,1,1,1,1,1,1,1,1,1,1,1,0,1,1,1,1,1,1,0,0,1,1,1,1,1,1,1,1,1,1,1,1,1,1,1,1,1,1,1,63,-17.029455167967424,240.001,5.329200013801323e-08,5.329200013801323e-08,25.703924628572405,25.703924628572405,21.70416139527736,21.70416139527736
1,1,1,1,1,1,1,1,1,1,1,1,1,1,1,1,0,1,0,1,1,1,1,1,1,1,1,1,1,1,1,1,1,1,1,1,1,1,1,1,0,1,1,1,1,1,1,1,1,1,1,1,0,1,1,1,1,1,1,0,0,1,1,1,1,1,1,1,1,1,1,1,1,1,1,1,1,1,1,1,64,-17.029866193255806,240.001,5.3302353088537614e-08,5.3302353088537614e-08,25.70266998837156,25.70266998837156,21.643322230805172,21.643322230805172
1,1,1,1,1,1,1,1,1,1,1,1,1,1,1,1,0,1,0,1,1,1,1,1,1,1,1,1,1,1,1,1,1,1,1,1,1,1,1,1,0,1,1,1,1,1,1,1,1,1,1,1,0,1,1,1,1,1,1,0,0,1,1,1,1,1,1,1,1,1,1,1,1,1,1,1,1,1,1,1,65,-17.030048530998776,240.001,5.3314569084193907e-08,5.3314569084193907e-08,25.701492435343894,25.701492435343894,21.616601654532353,21.616601654532353
1,1,1,1,1,1,1,1,1,1,1,1,1,1,1,1,0,1,0,1,1,1,1,1,1,1,1,1,1,1,1,1,1,1,1,1,1,1,1,1,0,1,1,1,1,1,1,1,1,1,1,1,0,1,1,1,1,1,1,0,0,1,1,1,1,1,1,1,1,1,1,1,1,1,1,1,1,1,1,1,66,-17.03012745211446,240.001,5.3327627610397786e-08,5.3327627610397786e-08,25.70034991162506,25.70034991162506,21.605086644967226,21.605086644967226
1,1,1,1,1,1,1,1,1,1,1,1,1,1,1,1,0,1,0,1,1,1,1,1,1,1,1,1,1,1,1,1,1,1,1,1,1,1,1,1,0,1,1,1,1,1,1,1,1,1,1,1,0,1,1,1,1,1,1,0,0,1,1,1,1,1,1,1,1,1,1,1,1,1,1,1,1,1,1,1,67,-17.03014673541511,240.001,5.334117216569458e-08,5.334117216569458e-08,25.69922771431972,25.69922771431972,21.602277712537358,21.602277712537358
1,1,1,1,1,1,1,1,1,1,1,1,1,1,1,1,0,1,0,1,1,1,1,1,1,1,1,1,1,1,1,1,1,1,1,1,1,1,1,1,0,1,1,1,1,1,1,1,1,1,1,1,0,1,1,1,1,1,1,0,0,1,1,1,1,1,1,1,1,1,1,1,1,1,1,1,1,1,1,1,68,-17.030125287707357,240.001,5.335504886852291e-08,5.335504886852291e-08,25.698119492121467,25.698119492121467,21.60540203939896,21.60540203939896
1,1,1,1,1,1,1,1,1,1,1,1,1,1,1,1,0,1,0,1,1,1,1,1,1,1,1,1,1,1,1,1,1,1,1,1,1,1,1,1,0,1,1,1,1,1,1,1,1,1,1,1,0,1,1,1,1,1,1,0,0,1,1,1,1,1,1,1,1,1,1,1,1,1,1,1,1,1,1,1,69,-17.030071993465445,240.001,5.336918548263097e-08,5.336918548263097e-08,25.69702225976122,25.69702225976122,21.613175187751537,21.613175187751537
1,1,1,1,1,1,1,1,1,1,1,1,1,1,1,1,0,1,0,1,1,1,1,1,1,1,1,1,1,1,1,1,1,1,1,1,1,1,1,1,0,1,1,1,1,1,1,1,1,1,1,1,0,1,1,1,1,1,1,0,0,1,1,1,1,1,1,1,1,1,1,1,1,1,1,1,1,1,1,1,70,-17.02999079764503,240.001,5.3383550021497947e-08,5.3383550021497947e-08,25.695934691151713,25.695934691151713,21.625044502956946,21.625044502956946
1,1,1,1,1,1,1,1,1,1,1,1,1,1,1,1,0,1,0,1,1,1,1,1,1,1,1,1,1,1,1,1,1,1,1,1,1,1,1,1,0,1,1,1,1,1,1,1,1,1,1,1,0,1,1,1,1,1,1,0,0,1,1,1,1,1,1,1,1,1,1,1,1,1,1,1,1,1,1,1,71,-17.029882683291653,240.001,5.339813465173539e-08,5.339813465173539e-08,25.694856455150816,25.694856455150816,21.640898981490146,21.640898981490146
1,1,1,1,1,1,1,1,1,1,1,1,1,1,1,1,0,1,0,1,1,1,1,1,1,1,1,1,1,1,1,1,1,1,1,1,1,1,1,1,0,1,1,1,1,1,1,1,1,1,1,1,0,1,1,1,1,1,1,0,0,1,1,1,1,1,1,1,1,1,1,1,1,1,1,1,1,1,1,1,72,-17.029746399199105,240.001,5.341294978297613e-08,5.341294978297613e-08,25.693787971063763,25.693787971063763,21.660966677679593,21.660966677679593
1,1,1,1,1,1,1,1,1,1,1,1,1,1,1,1,0,1,0,1,1,1,1,1,1,1,1,1,1,1,1,1,1,1,1,1,1,1,1,1,0,1,1,1,1,1,1,1,1,1,1,1,0,1,1,1,1,1,1,0,0,1,1,1,1,1,1,1,1,1,1,1,1,1,1,1,1,1,1,1,73,-17.02957851459654,240.001,5.3428023648314284e-08,5.3428023648314284e-08,25.692730390122446,25.692730390122446,21.685814801023735,21.685814801023735
1,1,1,1,1,1,1,1,1,1,1,1,1,1,1,1,0,1,0,1,1,1,1,1,1,1,1,1,1,1,1,1,1,1,1,1,1,1,1,1,0,1,1,1,1,1,1,1,1,1,1,1,0,1,1,1,1,1,1,0,0,1,1,1,1,1,1,1,1,1,1,1,1,1,1,1,1,1,1,1,74,-17.02937290544902,240.001,5.344340653173693e-08,5.344340653173693e-08,25.691685767768227,25.691685767768227,21.71644006543458,21.71644006543458
1,1,1,1,1,1,1,1,1,1,1,1,1,1,1,1,0,1,0,1,1,1,1,1,1,1,1,1,1,1,1,1,1,1,1,1,1,1,1,1,0,1,1,1,1,1,1,1,1,1,1,1,0,1,1,1,1,1,1,0,0,1,1,1,1,1,1,1,1,1,1,1,1,1,1,1,1,1,1,1,75,-17.029119450681723,240.001,5.345918146640403e-08,5.345918146640403e-08,25.690657501062482,25.690657501062482,21.754489496852276,21.754489496852276
1,1,1,1,1,1,1,1,1,1,1,1,1,1,1,1,0,1,0,1,1,1,1,1,1,1,1,1,1,1,1,1,1,1,1,1,1,1,1,1,0,1,1,1,1,1,1,1,1,1,1,1,0,1,1,1,1,1,1,0,0,1,1,1,1,1,1,1,1,1,1,1,1,1,1,1,1,1,1,1,76,-17.028801184701912,240.001,5.34754875861373e-08,5.34754875861373e-08,25.6896512839838,25.6896512839838,21.80274241824762,21.80274241824762
1,1,1,1,1,1,1,1,1,1,1,1,1,1,1,1,0,1,0,1,1,1,1,1,1,1,1,1,1,1,1,1,1,1,1,1,1,1,1,1,0,1,1,1,1,1,1,1,1,1,1,1,0,1,1,1,1,1,1,0,0,1,1,1,1,1,1,1,1,1,1,1,1,1,1,1,1,1,1,1,77,-17.02838770176402,240.001,5.349257420856505e-08,5.349257420856505e-08,25.68867731990744,25.68867731990744,21.866237511649686,21.866237511649686
1,1,1,1,1,1,1,1,1,1,1,1,1,1,1,1,0,1,0,1,1,1,1,1,1,1,1,1,1,1,1,1,1,1,1,1,1,1,1,1,0,1,1,1,1,1,1,1,1,1,1,1,0,1,1,1,1,1,1,0,0,1,1,1,1,1,1,1,1,1,1,1,1,1,1,1,1,1,1,1,78,-17.027817328371164,240.001,5.3510947026521146e-08,5.3510947026521146e-08,25.687756300598142,25.687756300598142,21.955366730535406,21.955366730535406
1,1,1,1,1,1,1,1,1,1,1,1,1,1,1,1,0,1,0,1,1,1,1,1,1,1,1,1,1,1,1,1,1,1,1,1,1,1,1,1,0,1,1,1,1,1,1,1,1,1,1,1,0,1,1,1,1,1,1,0,0,1,1,1,1,1,1,1,1,1,1,1,1,1,1,1,1,1,1,1,79,-17.026933779251063,240.001,5.353188763330294e-08,5.353188763330294e-08,25.686940643953005,25.686940643953005,22.09712604812763,22.09712604812763
1,1,1,1,1,1,1,1,1,1,1,1,1,1,1,1,0,1,0,1,1,1,1,1,1,1,1,1,1,1,1,1,1,1,1,1,1,1,1,1,0,1,1,1,1,1,1,1,1,1,1,1,0,1,1,1,1,1,1,0,0,1,1,1,1,1,1,1,1,1,1,1,1,1,1,1,1,1,1,1,80,-17.025088639566572,240.001,5.356071513037721e-08,5.356071513037721e-08,25.686447690644005,25.686447690644005,22.408882580395108,22.408882580395108
1,1,1,1,1,1,1,1,1,1,1,1,1,1,1,1,1,1,0,1,1,1,1,1,1,1,1,1,1,1,1,1,1,1,1,1,1,1,1,1,0,1,1,1,1,1,1,1,1,1,1,1,0,1,1,1,1,1,1,0,0,1,1,1,1,1,1,1,1,1,1,1,1,1,1,1,1,1,1,1,1,-17.024971016868616,240.001,5.2478382693905244e-08,5.2478382693905244e-08,25.775224560525402,25.775224560525402,22.42953126557375,22.42953126557375
1,1,1,1,1,1,1,1,1,1,1,1,1,1,1,1,1,1,0,1,1,1,1,1,1,1,1,1,1,1,1,1,1,1,1,1,1,1,1,1,0,1,1,1,1,1,1,1,1,1,1,1,0,1,1,1,1,1,1,0,0,1,1,1,1,1,1,1,1,1,1,1,1,1,1,1,1,1,1,1,2,-17.026828283806374,240.001,5.247718052237851e-08,5.247718052237851e-08,25.773466782636987,25.773466782636987,22.114363537225103,22.114363537225103
1,1,1,1,1,1,1,1,1,1,1,1,1,1,1,1,1,1,0,1,1,1,1,1,1,1,1,1,1,1,1,1,1,1,1,1,1,1,1,1,0,1,1,1,1,1,1,1,1,1,1,1,0,1,1,1,1,1,1,0,0,1,1,1,1,1,1,1,1,1,1,1,1,1,1,1,1,1,1,1,3,-17.027724529134463,240.001,5.24836940318289e-08,5.24836940318289e-08,25.77203152098919,25.77203152098919,21.970041446334708,21.970041446334708
1,1,1,1,1,1,1,1,1,1,1,1,1,1,1,1,1,1,0,1,1,1,1,1,1,1,1,1,1,1,1,1,1,1,1,1,1,1,1,1,0,1,1,1,1,1,1,1,1,1,1,1,0,1,1,1,1,1,1,0,0,1,1,1,1,1,1,1,1,1,1,1,1,1,1,1,1,1,1,1,4,-17.02830827676815,240.001,5.249271456031531e-08,5.249271456031531e-08,25.7707014026599,25.7707014026599,21.878540447303397,21.878540447303397
1,1,1,1,1,1,1,1,1,1,1,1,1,1,1,1,1,1,0,1,1,1,1,1,1,1,1,1,1,1,1,1,1,1,1,1,1,1,1,1,0,1,1,1,1,1,1,1,1,1,1,1,0,1,1,1,1,1,1,0,0,1,1,1,1,1,1,1,1,1,1,1,1,1,1,1,1,1,1,1,5,-17.0287359222865,240.001,5.250298680943137e-08,5.250298680943137e-08,25.76942397356682,25.76942397356682,21.812703125601605,21.812703125601605
1,1,1,1,1,1,1,1,1,1,1,1,1,1,1,1,1,1,0,1,1,1,1,1,1,1,1,1,1,1,1,1,1,1,1,1,1,1,1,1,0,1,1,1,1,1,1,1,1,1,1,1,0,1,1,1,1,1,1,0,0,1,1,1,1,1,1,1,1,1,1,1,1,1,1,1,1,1,1,1,6,-17.029069267007614,240.001,5.251401493978009e-08,5.251401493978009e-08,25.768178499172613,25.768178499172613,21.762062662270345,21.762062662270345
1,1,1,1,1,1,1,1,1,1,1,1,1,1,1,1,1,1,0,1,1,1,1,1,1,1,1,1,1,1,1,1,1,1,1,1,1,1,1,1,0,1,1,1,1,1,1,1,1,1,1,1,0,1,1,1,1,1,1,0,0,1,1,1,1,1,1,1,1,1,1,1,1,1,1,1,1,1,1,1,7,-17.029338868446075,240.001,5.252555387151914e-08,5.252555387151914e-08,25.766954725043192,25.766954725043192,21.721530600218117,21.721530600218117
1,1,1,1,1,1,1,1,1,1,1,1,1,1,1,1,1,1,0,1,1,1,1,1,1,1,1,1,1,1,1,1,1,1,1,1,1,1,1,1,0,1,1,1,1,1,1,1,1,1,1,1,0,1,1,1,1,1,1,0,0,1,1,1,1,1,1,1,1,1,1,1,1,1,1,1,1,1,1,1,8,-17.02956187323857,240.001,5.253746613298823e-08,5.253746613298823e-08,25.76574689620034,25.76574689620034,21.68828555096567,21.68828555096567
1,1,1,1,1,1,1,1,1,1,1,1,1,1,1,1,1,1,0,1,1,1,1,1,1,1,1,1,1,1,1,1,1,1,1,1,1,1,1,1,0,1,1,1,1,1,1,1,1,1,1,1,0,1,1,1,1,1,1,0,0,1,1,1,1,1,1,1,1,1,1,1,1,1,1,1,1,1,1,1,9,-17.029748617069327,240.001,5.254966889473481e-08,5.254966889473481e-08,25.764551543254306,25.764551543254306,21.660639360211285,21.660639360211285
1,1,1,1,1,1,1,1,1,1,1,1,1,1,1,1,1,1,0,1,1,1,1,1,1,1,1,1,1,1,1,1,1,1,1,1,1,1,1,1,0,1,1,1,1,1,1,1,1,1,1,1,0,1,1,1,1,1,1,0,0,1,1,1,1,1,1,1,1,1,1,1,1,1,1,1,1,1,1,1,10,-17.02990547267492,240.001,5.256211112050319e-08,5.256211112050319e-08,25.76336652695764,25.76336652695764,21.637552237206666,21.637552237206666
1,1,1,1,1,1,1,1,1,1,1,1,1,1,1,1,1,1,0,1,1,1,1,1,1,1,1,1,1,1,1,1,1,1,1,1,1,1,1,1,0,1,1,1,1,1,1,1,1,1,1,1,0,1,1,1,1,1,1,0,0,1,1,1,1,1,1,1,1,1,1,1,1,1,1,1,1,1,1,1,11,-17.03003614226904,240.001,5.257476320445383e-08,5.257476320445383e-08,25.762190604628714,25.762190604628714,21.61841199263291,21.61841199263291
1,1,1,1,1,1,1,1,1,1,1,1,1,1,1,1,1,1,0,1,1,1,1,1,1,1,1,1,1,1,1,1,1,1,1,1,1,1,1,1,0,1,1,1,1,1,1,1,1,1,1,1,0,1,1,1,1,1,1,0,0,1,1,1,1,1,1,1,1,1,1,1,1,1,1,1,1,1,1,1,12,-17.030142125244403,240.001,5.258761323069853e-08,5.258761323069853e-08,25.761023273344694,25.761023273344694,21.602949096232397,21.602949096232397
1,1,1,1,1,1,1,1,1,1,1,1,1,1,1,1,1,1,0,1,1,1,1,1,1,1,1,1,1,1,1,1,1,1,1,1,1,1,1,1,0,1,1,1,1,1,1,1,1,1,1,1,0,1,1,1,1,1,1,0,0,1,1,1,1,1,1,1,1,1,1,1,1,1,1,1,1,1,1,1,13,-17.030222516197913,240.001,5.2600668616383615e-08,5.2600668616383615e-08,25.759864837975645,25.759864837975645,21.591256429889047,21.591256429889047
1,1,1,1,1,1,1,1,1,1,1,1,1,1,1,1,1,1,0,1,1,1,1,1,1,1,1,1,1,1,1,1,1,1,1,1,1,1,1,1,0,1,1,1,1,1,1,1,1,1,1,1,0,1,1,1,1,1,1,0,0,1,1,1,1,1,1,1,1,1,1,1,1,1,1,1,1,1,1,1,14,-17.03027281659269,240.001,5.2613965694604024e-08,5.2613965694604024e-08,25.758716810488984,25.758716810488984,21.58395623016366,21.58395623016366
1,1,1,1,1,1,1,1,1,1,1,1,1,1,1,1,1,1,0,1,1,1,1,1,1,1,1,1,1,1,1,1,1,1,1,1,1,1,1,1,0,1,1,1,1,1,1,1,1,1,1,1,0,1,1,1,1,1,1,0,0,1,1,1,1,1,1,1,1,1,1,1,1,1,1,1,1,1,1,1,15,-17.030281416230107,240.001,5.2627598067035535e-08,5.2627598067035535e-08,25.75758309185034,25.75758309185034,21.582709366035676,21.582709366035676
1,1,1,1,1,1,1,1,1,1,1,1,1,1,1,1,1,1,0,1,1,1,1,1,1,1,1,1,1,1,1,1,1,1,1,1,1,1,1,1,0,1,1,1,1,1,1,1,1,1,1,1,0,1,1,1,1,1,1,0,0,1,1,1,1,1,1,1,1,1,1,1,1,1,1,1,1,1,1,1,16,-17.030218530783223,240.001,5.2641805740625125e-08,5.2641805740625125e-08,25.756473687143597,25.756473687143597,21.59183536269342,21.59183536269342
1,1,1,1,1,1,1,1,1,1,1,1,1,1,1,1,1,1,0,1,1,1,1,1,1,1,1,1,1,1,1,1,1,1,1,1,1,1,1,1,0,1,1,1,1,1,1,1,1,1,1,1,0,1,1,1,1,1,1,0,0,1,1,1,1,1,1,1,1,1,1,1,1,1,1,1,1,1,1,1,17,-17.029990884122636,240.001,5.265734033382166e-08,5.265734033382166e-08,25.75541992015472,25.75541992015472,21.62503184439004,21.62503184439004
1,1,1,1,1,1,1,1,1,1,1,1,1,1,1,1,1,1,0,1,1,1,1,1,1,1,1,1,1,1,1,1,1,1,1,1,1,1,1,1,0,1,1,1,1,1,1,1,1,1,1,1,0,1,1,1,1,1,1,0,0,1,1,1,1,1,1,1,1,1,1,1,1,1,1,1,1,1,1,1,18,-17.029108349540554,240.001,5.267815265471909e-08,5.267815265471909e-08,25.754586285574344,25.754586285574344,21.756163628741916,21.756163628741916
1,1,1,1,1,1,1,1,1,1,1,1,1,1,1,1,1,1,0,1,1,1,1,1,1,1,1,1,1,1,1,1,1,1,1,1,1,1,1,1,0,1,1,1,1,1,1,1,1,1,1,1,0,1,1,1,1,1,1,0,0,1,1,1,1,1,1,1,1,1,1,1,1,1,1,1,1,1,1,1,20,-17.029238415964542,240.001,5.270451269328564e-08,5.270451269328564e-08,25.75228356210222,25.75228356210222,21.736588808050005,21.736588808050005
1,1,1,1,1,1,1,1,1,1,1,1,1,1,1,1,1,1,0,1,1,1,1,1,1,1,1,1,1,1,1,1,1,1,1,1,1,1,1,1,0,1,1,1,1,1,1,1,1,1,1,1,0,1,1,1,1,1,1,0,0,1,1,1,1,1,1,1,1,1,1,1,1,1,1,1,1,1,1,1,21,-17.03025197444418,240.001,5.2710045206104005e-08,5.2710045206104005e-08,25.75081413873292,25.75081413873292,21.586979615547477,21.586979615547477
1,1,1,1,1,1,1,1,1,1,1,1,1,1,1,1,1,1,0,1,1,1,1,1,1,1,1,1,1,1,1,1,1,1,1,1,1,1,1,1,0,1,1,1,1,1,1,1,1,1,1,1,0,1,1,1,1,1,1,0,0,1,1,1,1,1,1,1,1,1,1,1,1,1,1,1,1,1,1,1,22,-17.030612710651745,240.001,5.272083907023662e-08,5.272083907023662e-08,25.749564153482293,25.749564153482293,21.534943540716075,21.534943540716075
1,1,1,1,1,1,1,1,1,1,1,1,1,1,1,1,1,1,0,1,1,1,1,1,1,1,1,1,1,1,1,1,1,1,1,1,1,1,1,1,0,1,1,1,1,1,1,1,1,1,1,1,0,1,1,1,1,1,1,0,0,1,1,1,1,1,1,1,1,1,1,1,1,1,1,1,1,1,1,1,23,-17.0308118797766,240.001,5.273293438336132e-08,5.273293438336132e-08,25.748368732142282,25.748368732142282,21.506476555750265,21.506476555750265
1,1,1,1,1,1,1,1,1,1,1,1,1,1,1,1,1,1,0,1,1,1,1,1,1,1,1,1,1,1,1,1,1,1,1,1,1,1,1,1,0,1,1,1,1,1,1,1,1,1,1,1,0,1,1,1,1,1,1,0,0,1,1,1,1,1,1,1,1,1,1,1,1,1,1,1,1,1,1,1,24,-17.03094401339974,240.001,5.2745569494039424e-08,5.2745569494039424e-08,25.747196128912492,25.747196128912492,21.48769259132174,21.48769259132174
1,1,1,1,1,1,1,1,1,1,1,1,1,1,1,1,1,1,0,1,1,1,1,1,1,1,1,1,1,1,1,1,1,1,1,1,1,1,1,1,0,1,1,1,1,1,1,1,1,1,1,1,0,1,1,1,1,1,1,0,0,1,1,1,1,1,1,1,1,1,1,1,1,1,1,1,1,1,1,1,25,-17.031040338945825,240.001,5.2758492869169035e-08,5.2758492869169035e-08,25.74603585371201,25.74603585371201,21.47404972465829,21.47404972465829
1,1,1,1,1,1,1,1,1,1,1,1,1,1,1,1,1,1,0,1,1,1,1,1,1,1,1,1,1,1,1,1,1,1,1,1,1,1,1,1,0,1,1,1,1,1,1,1,1,1,1,1,0,1,1,1,1,1,1,0,0,1,1,1,1,1,1,1,1,1,1,1,1,1,1,1,1,1,1,1,26,-17.031114179480507,240.001,5.277159722372667e-08,5.277159722372667e-08,25.744883430017296,25.744883430017296,21.46362021354442,21.46362021354442
1,1,1,1,1,1,1,1,1,1,1,1,1,1,1,1,1,1,0,1,1,1,1,1,1,1,1,1,1,1,1,1,1,1,1,1,1,1,1,1,0,1,1,1,1,1,1,1,1,1,1,1,0,1,1,1,1,1,1,0,0,1,1,1,1,1,1,1,1,1,1,1,1,1,1,1,1,1,1,1,27,-17.0311721321134,240.001,5.27848294544586e-08,5.27848294544586e-08,25.7437366408254,25.7437366408254,21.4554521512485,21.4554521512485
1,1,1,1,1,1,1,1,1,1,1,1,1,1,1,1,1,1,0,1,1,1,1,1,1,1,1,1,1,1,1,1,1,1,1,1,1,1,1,1,0,1,1,1,1,1,1,1,1,1,1,1,0,1,1,1,1,1,1,0,0,1,1,1,1,1,1,1,1,1,1,1,1,1,1,1,1,1,1,1,28,-17.031217757767468,240.001,5.2798160915427276e-08,5.2798160915427276e-08,25.74259428927924,25.74259428927924,21.449032214096132,21.449032214096132
1,1,1,1,1,1,1,1,1,1,1,1,1,1,1,1,1,1,0,1,1,1,1,1,1,1,1,1,1,1,1,1,1,1,1,1,1,1,1,1,0,1,1,1,1,1,1,1,1,1,1,1,0,1,1,1,1,1,1,0,0,1,1,1,1,1,1,1,1,1,1,1,1,1,1,1,1,1,1,1,29,-17.031253034301773,240.001,5.281157571386574e-08,5.281157571386574e-08,25.741455710501235,25.741455710501235,21.44407494167536,21.44407494167536
1,1,1,1,1,1,1,1,1,1,1,1,1,1,1,1,1,1,0,1,1,1,1,1,1,1,1,1,1,1,1,1,1,1,1,1,1,1,1,1,0,1,1,1,1,1,1,1,1,1,1,1,0,1,1,1,1,1,1,0,0,1,1,1,1,1,1,1,1,1,1,1,1,1,1,1,1,1,1,1,30,-17.03127898885188,240.001,5.282506561873505e-08,5.282506561873505e-08,25.740320559141363,25.740320559141363,21.440431235047654,21.440431235047654
1,1,1,1,1,1,1,1,1,1,1,1,1,1,1,1,1,1,0,1,1,1,1,1,1,1,1,1,1,1,1,1,1,1,1,1,1,1,1,1,0,1,1,1,1,1,1,1,1,1,1,1,0,1,1,1,1,1,1,0,0,1,1,1,1,1,1,1,1,1,1,1,1,1,1,1,1,1,1,1,31,-17.0312959712701,240.001,5.2838627861313954e-08,5.2838627861313954e-08,25.7391887175028,25.7391887175028,21.438048749506624,21.438048749506624
1,1,1,1,1,1,1,1,1,1,1,1,1,1,1,1,1,1,0,1,1,1,1,1,1,1,1,1,1,1,1,1,1,1,1,1,1,1,1,1,0,1,1,1,1,1,1,1,1,1,1,1,0,1,1,1,1,1,1,0,0,1,1,1,1,1,1,1,1,1,1,1,1,1,1,1,1,1,1,1,32,-17.03130373139554,240.001,5.2852264517705836e-08,5.2852264517705836e-08,25.738060269582576,25.738060269582576,21.436960503235085,21.436960503235085
1,1,1,1,1,1,1,1,1,1,1,1,1,1,1,1,1,1,0,1,1,1,1,1,1,1,1,1,1,1,1,1,1,1,1,1,1,1,1,1,0,1,1,1,1,1,1,1,1,1,1,1,0,1,1,1,1,1,1,0,0,1,1,1,1,1,1,1,1,1,1,1,1,1,1,1,1,1,1,1,33,-17.03130134137999,240.001,5.286598314279238e-08,5.286598314279238e-08,25.736935527179703,25.736935527179703,21.437295639778746,21.437295639778746
1,1,1,1,1,1,1,1,1,1,1,1,1,1,1,1,1,1,0,1,1,1,1,1,1,1,1,1,1,1,1,1,1,1,1,1,1,1,1,1,0,1,1,1,1,1,1,1,1,1,1,1,0,1,1,1,1,1,1,0,0,1,1,1,1,1,1,1,1,1,1,1,1,1,1,1,1,1,1,1,34,-17.031286921698467,240.001,5.28797989923866e-08,5.28797989923866e-08,25.735815121971847,25.735815121971847,21.439318164170793,21.439318164170793
1,1,1,1,1,1,1,1,1,1,1,1,1,1,1,1,1,1,0,1,1,1,1,1,1,1,1,1,1,1,1,1,1,1,1,1,1,1,1,1,0,1,1,1,1,1,1,1,1,1,1,1,0,1,1,1,1,1,1,0,0,1,1,1,1,1,1,1,1,1,1,1,1,1,1,1,1,1,1,1,35,-17.031257007953755,240.001,5.28937401539397e-08,5.28937401539397e-08,25.734700218285322,25.734700218285322,21.44351689192005,21.44351689192005
1,1,1,1,1,1,1,1,1,1,1,1,1,1,1,1,1,1,0,1,1,1,1,1,1,1,1,1,1,1,1,1,1,1,1,1,1,1,1,1,0,1,1,1,1,1,1,1,1,1,1,1,0,1,1,1,1,1,1,0,0,1,1,1,1,1,1,1,1,1,1,1,1,1,1,1,1,1,1,1,36,-17.031205096415096,240.001,5.290785932952094e-08,5.290785932952094e-08,25.733593001774825,25.733593001774825,21.450812835082857,21.450812835082857
1,1,1,1,1,1,1,1,1,1,1,1,1,1,1,1,1,1,0,1,1,1,1,1,1,1,1,1,1,1,1,1,1,1,1,1,1,1,1,1,0,1,1,1,1,1,1,1,1,1,1,1,0,1,1,1,1,1,1,0,0,1,1,1,1,1,1,1,1,1,1,1,1,1,1,1,1,1,1,1,37,-17.03111795229716,240.001,5.2922263743754865e-08,5.2922263743754865e-08,25.732497919609013,25.732497919609013,21.463087994125228,21.463087994125228
1,1,1,1,1,1,1,1,1,1,1,1,1,1,1,1,1,1,0,1,1,1,1,1,1,1,1,1,1,1,1,1,1,1,1,1,1,1,1,1,0,1,1,1,1,1,1,1,1,1,1,1,0,1,1,1,1,1,1,0,0,1,1,1,1,1,1,1,1,1,1,1,1,1,1,1,1,1,1,1,38,-17.030964429151854,240.001,5.293720573124446e-08,5.293720573124446e-08,25.73142543571108,25.73142543571108,21.484797493101876,21.484797493101876
1,1,1,1,1,1,1,1,1,1,1,1,1,1,1,1,1,1,0,1,1,1,1,1,1,1,1,1,1,1,1,1,1,1,1,1,1,1,1,1,0,1,1,1,1,1,1,1,1,1,1,1,0,1,1,1,1,1,1,0,0,1,1,1,1,1,1,1,1,1,1,1,1,1,1,1,1,1,1,1,39,-17.03065007055175,240.001,5.2953450632366174e-08,5.2953450632366174e-08,25.730407274292165,25.730407274292165,21.529589601037664,21.529589601037664
1,1,1,1,1,1,1,1,1,1,1,1,1,1,1,1,1,1,0,1,1,1,1,1,1,1,1,1,1,1,1,1,1,1,1,1,1,1,1,1,0,1,1,1,1,1,1,1,1,1,1,1,0,1,1,1,1,1,1,0,0,1,1,1,1,1,1,1,1,1,1,1,1,1,1,1,1,1,1,1,40,-17.02968374084215,240.001,5.2974979458123725e-08,5.2974979458123725e-08,25.729608289373935,25.729608289373935,21.670224054967747,21.670224054967747
1,1,1,1,1,1,1,1,1,1,1,1,1,1,1,1,1,1,0,1,1,1,1,1,1,1,1,1,1,1,1,1,1,1,1,1,1,1,1,1,0,1,1,1,1,1,1,1,1,1,1,1,0,1,1,1,1,1,1,0,0,1,1,1,1,1,1,1,1,1,1,1,1,1,1,1,1,1,1,1,42,-17.029649870511687,240.001,5.300265923239821e-08,5.300265923239821e-08,25.72737353518141,25.72737353518141,21.6752363555921,21.6752363555921
1,1,1,1,1,1,1,1,1,1,1,1,1,1,1,1,1,1,0,1,1,1,1,1,1,1,1,1,1,1,1,1,1,1,1,1,1,1,1,1,0,1,1,1,1,1,1,1,1,1,1,1,0,1,1,1,1,1,1,0,0,1,1,1,1,1,1,1,1,1,1,1,1,1,1,1,1,1,1,1,43,-17.030581016509743,240.001,5.300881274195786e-08,5.300881274195786e-08,25.725938210682795,25.725938210682795,21.53949068125311,21.53949068125311
1,1,1,1,1,1,1,1,1,1,1,1,1,1,1,1,1,1,0,1,1,1,1,1,1,1,1,1,1,1,1,1,1,1,1,1,1,1,1,1,0,1,1,1,1,1,1,1,1,1,1,1,0,1,1,1,1,1,1,0,0,1,1,1,1,1,1,1,1,1,1,1,1,1,1,1,1,1,1,1,44,-17.030857356174582,240.001,5.302027340053681e-08,5.302027340053681e-08,25.72472301527935,25.72472301527935,21.500002574509725,21.500002574509725
1,1,1,1,1,1,1,1,1,1,1,1,1,1,1,1,1,1,0,1,1,1,1,1,1,1,1,1,1,1,1,1,1,1,1,1,1,1,1,1,0,1,1,1,1,1,1,1,1,1,1,1,0,1,1,1,1,1,1,0,0,1,1,1,1,1,1,1,1,1,1,1,1,1,1,1,1,1,1,1,45,-17.030968109853006,240.001,5.303307570171395e-08,5.303307570171395e-08,25.723563738601705,25.723563738601705,21.484275747441394,21.484275747441394
1,1,1,1,1,1,1,1,1,1,1,1,1,1,1,1,1,1,0,1,1,1,1,1,1,1,1,1,1,1,1,1,1,1,1,1,1,1,1,1,0,1,1,1,1,1,1,1,1,1,1,1,0,1,1,1,1,1,1,0,0,1,1,1,1,1,1,1,1,1,1,1,1,1,1,1,1,1,1,1,46,-17.03100503199902,240.001,5.304647628681875e-08,5.304647628681875e-08,25.722429564424147,25.722429564424147,21.479045411018646,21.479045411018646
1,1,1,1,1,1,1,1,1,1,1,1,1,1,1,1,1,1,0,1,1,1,1,1,1,1,1,1,1,1,1,1,1,1,1,1,1,1,1,1,0,1,1,1,1,1,1,1,1,1,1,1,0,1,1,1,1,1,1,0,0,1,1,1,1,1,1,1,1,1,1,1,1,1,1,1,1,1,1,1,47,-17.030995070549952,240.001,5.306025697524418e-08,5.306025697524418e-08,25.721311439692506,25.721311439692506,21.480455919131558,21.480455919131558
1,1,1,1,1,1,1,1,1,1,1,1,1,1,1,1,1,1,0,1,1,1,1,1,1,1,1,1,1,1,1,1,1,1,1,1,1,1,1,1,0,1,1,1,1,1,1,1,1,1,1,1,0,1,1,1,1,1,1,0,0,1,1,1,1,1,1,1,1,1,1,1,1,1,1,1,1,1,1,1,48,-17.030944243405628,240.001,5.307436922996247e-08,5.307436922996247e-08,25.72020734226478,25.72020734226478,21.487659964182598,21.487659964182598
1,1,1,1,1,1,1,1,1,1,1,1,1,1,1,1,1,1,0,1,1,1,1,1,1,1,1,1,1,1,1,1,1,1,1,1,1,1,1,1,0,1,1,1,1,1,1,1,1,1,1,1,0,1,1,1,1,1,1,0,0,1,1,1,1,1,1,1,1,1,1,1,1,1,1,1,1,1,1,1,49,-17.030845055177302,240.001,5.308887416015609e-08,5.308887416015609e-08,25.7191197899638,25.7191197899638,21.50175278873075,21.50175278873075
1,1,1,1,1,1,1,1,1,1,1,1,1,1,1,1,1,1,0,1,1,1,1,1,1,1,1,1,1,1,1,1,1,1,1,1,1,1,1,1,0,1,1,1,1,1,1,1,1,1,1,1,0,1,1,1,1,1,1,0,0,1,1,1,1,1,1,1,1,1,1,1,1,1,1,1,1,1,1,1,50,-17.03066891407513,240.001,5.310400426009874e-08,5.310400426009874e-08,25.71805838688072,25.71805838688072,21.526891674519376,21.526891674519376
1,1,1,1,1,1,1,1,1,1,1,1,1,1,1,1,1,1,0,1,1,1,1,1,1,1,1,1,1,1,1,1,1,1,1,1,1,1,1,1,0,1,1,1,1,1,1,1,1,1,1,1,0,1,1,1,1,1,1,0,0,1,1,1,1,1,1,1,1,1,1,1,1,1,1,1,1,1,1,1,51,-17.030322041465595,240.001,5.312052190296521e-08,5.312052190296521e-08,25.71705462579616,25.71705462579616,21.576823902212567,21.576823902212567
1,1,1,1,1,1,1,1,1,1,1,1,1,1,1,1,1,1,0,1,1,1,1,1,1,1,1,1,1,1,1,1,1,1,1,1,1,1,1,1,0,1,1,1,1,1,1,1,1,1,1,1,0,1,1,1,1,1,1,0,0,1,1,1,1,1,1,1,1,1,1,1,1,1,1,1,1,1,1,1,52,-17.029312446273135,240.001,5.3142427948791536e-08,5.3142427948791536e-08,25.716273629823828,25.716273629823828,21.725486360171907,21.725486360171907
1,1,1,1,1,1,1,1,1,1,1,1,1,1,1,1,1,1,0,1,1,1,1,1,1,1,1,1,1,1,1,1,1,1,1,1,1,1,1,1,0,1,1,1,1,1,1,1,1,1,1,1,0,1,1,1,1,1,1,0,0,1,1,1,1,1,1,1,1,1,1,1,1,1,1,1,1,1,1,1,54,-17.029148369308597,240.001,5.317116849017413e-08,5.317116849017413e-08,25.71408958589856,25.71408958589856,21.750131367825944,21.750131367825944
1,1,1,1,1,1,1,1,1,1,1,1,1,1,1,1,1,1,0,1,1,1,1,1,1,1,1,1,1,1,1,1,1,1,1,1,1,1,1,1,0,1,1,1,1,1,1,1,1,1,1,1,0,1,1,1,1,1,1,0,0,1,1,1,1,1,1,1,1,1,1,1,1,1,1,1,1,1,1,1,55,-17.029978627720812,240.001,5.317811871390261e-08,5.317811871390261e-08,25.71269168027461,25.71269168027461,21.62682629855717,21.62682629855717
1,1,1,1,1,1,1,1,1,1,1,1,1,1,1,1,1,1,0,1,1,1,1,1,1,1,1,1,1,1,1,1,1,1,1,1,1,1,1,1,0,1,1,1,1,1,1,1,1,1,1,1,0,1,1,1,1,1,1,0,0,1,1,1,1,1,1,1,1,1,1,1,1,1,1,1,1,1,1,1,56,-17.030108333859683,240.001,5.319076566307979e-08,5.319076566307979e-08,25.711529247262913,25.711529247262913,21.607873318064563,21.607873318064563
1,1,1,1,1,1,1,1,1,1,1,1,1,1,1,1,1,1,0,1,1,1,1,1,1,1,1,1,1,1,1,1,1,1,1,1,1,1,1,1,0,1,1,1,1,1,1,1,1,1,1,1,0,1,1,1,1,1,1,0,0,1,1,1,1,1,1,1,1,1,1,1,1,1,1,1,1,1,1,1,57,-17.029984131051425,240.001,5.3205477790048126e-08,5.3205477790048126e-08,25.710452393456244,25.710452393456244,21.626020467355268,21.626020467355268
1,1,1,1,1,1,1,1,1,1,1,1,1,1,1,1,1,1,0,1,1,1,1,1,1,1,1,1,1,1,1,1,1,1,1,1,1,1,1,1,0,1,1,1,1,1,1,1,1,1,1,1,0,1,1,1,1,1,1,0,0,1,1,1,1,1,1,1,1,1,1,1,1,1,1,1,1,1,1,1,58,-17.029574820754377,240.001,5.322251088054495e-08,5.322251088054495e-08,25.709471584975688,25.709471584975688,21.68636310689461,21.68636310689461
1,1,1,1,1,1,1,1,1,1,1,1,1,1,1,1,1,1,0,1,1,1,1,1,1,1,1,1,1,1,1,1,1,1,1,1,1,1,1,1,0,1,1,1,1,1,1,1,1,1,1,1,0,1,1,1,1,1,1,0,0,1,1,1,1,1,1,1,1,1,1,1,1,1,1,1,1,1,1,1,59,-17.028325744245247,240.001,5.3246385778287614e-08,5.3246385778287614e-08,25.708772912077276,25.708772912077276,21.875831762402285,21.875831762402285
1,1,1,1,1,1,1,1,1,1,1,1,1,1,1,1,1,1,0,1,1,1,1,1,1,1,1,1,1,1,1,1,1,1,1,1,1,1,1,1,0,1,1,1,1,1,1,1,1,1,1,1,0,1,1,1,1,1,1,0,0,1,1,1,1,1,1,1,1,1,1,1,1,1,1,1,1,1,1,1,62,-17.028270386577645,240.001,5.328795349673656e-08,5.328795349673656e-08,25.705439196928236,25.705439196928236,21.88442186202512,21.88442186202512
1,1,1,1,1,1,1,1,1,1,1,1,1,1,1,1,1,1,0,1,1,1,1,1,1,1,1,1,1,1,1,1,1,1,1,1,1,1,1,1,0,1,1,1,1,1,1,1,1,1,1,1,0,1,1,1,1,1,1,0,0,1,1,1,1,1,1,1,1,1,1,1,1,1,1,1,1,1,1,1,63,-17.029495066474404,240.001,5.3291675371946015e-08,5.3291675371946015e-08,25.70391119642816,25.70391119642816,21.69821845843265,21.69821845843265
1,1,1,1,1,1,1,1,1,1,1,1,1,1,1,1,1,1,0,1,1,1,1,1,1,1,1,1,1,1,1,1,1,1,1,1,1,1,1,1,0,1,1,1,1,1,1,1,1,1,1,1,0,1,1,1,1,1,1,0,0,1,1,1,1,1,1,1,1,1,1,1,1,1,1,1,1,1,1,1,64,-17.02990523610719,240.001,5.3302035244077306e-08,5.3302035244077306e-08,25.702656842783394,25.702656842783394,21.63758696530417,21.63758696530417
1,1,1,1,1,1,1,1,1,1,1,1,1,1,1,1,1,1,0,1,1,1,1,1,1,1,1,1,1,1,1,1,1,1,1,1,1,1,1,1,0,1,1,1,1,1,1,1,1,1,1,1,0,1,1,1,1,1,1,0,0,1,1,1,1,1,1,1,1,1,1,1,1,1,1,1,1,1,1,1,65,-17.03008675722264,240.001,5.3314257825331575e-08,5.3314257825331575e-08,25.7014795639908,25.7014795639908,21.61102045898518,21.61102045898518
1,1,1,1,1,1,1,1,1,1,1,1,1,1,1,1,1,1,0,1,1,1,1,1,1,1,1,1,1,1,1,1,1,1,1,1,1,1,1,1,0,1,1,1,1,1,1,1,1,1,1,1,0,1,1,1,1,1,1,0,0,1,1,1,1,1,1,1,1,1,1,1,1,1,1,1,1,1,1,1,66,-17.0301648965446,240.001,5.332732264717305e-08,5.332732264717305e-08,25.700337303144,25.700337303144,21.599633891767425,21.599633891767425
1,1,1,1,1,1,1,1,1,1,1,1,1,1,1,1,1,1,0,1,1,1,1,1,1,1,1,1,1,1,1,1,1,1,1,1,1,1,1,1,0,1,1,1,1,1,1,1,1,1,1,1,0,1,1,1,1,1,1,0,0,1,1,1,1,1,1,1,1,1,1,1,1,1,1,1,1,1,1,1,67,-17.03018343017704,240.001,5.3340873234268234e-08,5.3340873234268234e-08,25.699215358099185,25.699215358099185,21.596937490489253,21.596937490489253
1,1,1,1,1,1,1,1,1,1,1,1,1,1,1,1,1,1,0,1,1,1,1,1,1,1,1,1,1,1,1,1,1,1,1,1,1,1,1,1,0,1,1,1,1,1,1,1,1,1,1,1,0,1,1,1,1,1,1,0,0,1,1,1,1,1,1,1,1,1,1,1,1,1,1,1,1,1,1,1,68,-17.030161262774858,240.001,5.3354755724269585e-08,5.3354755724269585e-08,25.698107378203765,25.698107378203765,21.60016275277087,21.60016275277087
1,1,1,1,1,1,1,1,1,1,1,1,1,1,1,1,1,1,0,1,1,1,1,1,1,1,1,1,1,1,1,1,1,1,1,1,1,1,1,1,0,1,1,1,1,1,1,1,1,1,1,1,0,1,1,1,1,1,1,0,0,1,1,1,1,1,1,1,1,1,1,1,1,1,1,1,1,1,1,1,69,-17.030107276962035,240.001,5.3368897896741595e-08,5.3368897896741595e-08,25.69701037877681,25.69701037877681,21.60802742307103,21.60802742307103
1,1,1,1,1,1,1,1,1,1,1,1,1,1,1,1,1,1,0,1,1,1,1,1,1,1,1,1,1,1,1,1,1,1,1,1,1,1,1,1,0,1,1,1,1,1,1,1,1,1,1,1,0,1,1,1,1,1,1,0,0,1,1,1,1,1,1,1,1,1,1,1,1,1,1,1,1,1,1,1,70,-17.0300254160494,240.001,5.3383267778857235e-08,5.3383267778857235e-08,25.695923034267402,25.695923034267402,21.61997999733435,21.61997999733435
1,1,1,1,1,1,1,1,1,1,1,1,1,1,1,1,1,1,0,1,1,1,1,1,1,1,1,1,1,1,1,1,1,1,1,1,1,1,1,1,0,1,1,1,1,1,1,1,1,1,1,1,0,1,1,1,1,1,1,0,0,1,1,1,1,1,1,1,1,1,1,1,1,1,1,1,1,1,1,1,71,-17.029916661598183,240.001,5.339785754936071e-08,5.339785754936071e-08,25.69484501402565,25.69484501402565,21.635910020324694,21.635910020324694
1,1,1,1,1,1,1,1,1,1,1,1,1,1,1,1,1,1,0,1,1,1,1,1,1,1,1,1,1,1,1,1,1,1,1,1,1,1,1,1,0,1,1,1,1,1,1,1,1,1,1,1,0,1,1,1,1,1,1,0,0,1,1,1,1,1,1,1,1,1,1,1,1,1,1,1,1,1,1,1,72,-17.02977976105448,240.001,5.341267762872945e-08,5.341267762872945e-08,25.69377673781,25.69377673781,21.656045658054992,21.656045658054992
1,1,1,1,1,1,1,1,1,1,1,1,1,1,1,1,1,1,0,1,1,1,1,1,1,1,1,1,1,1,1,1,1,1,1,1,1,1,1,1,0,1,1,1,1,1,1,1,1,1,1,1,0,1,1,1,1,1,1,0,0,1,1,1,1,1,1,1,1,1,1,1,1,1,1,1,1,1,1,1,73,-17.02961128242352,240.001,5.342775625973801e-08,5.342775625973801e-08,25.692719357270086,25.692719357270086,21.680953824313526,21.680953824313526
1,1,1,1,1,1,1,1,1,1,1,1,1,1,1,1,1,1,0,1,1,1,1,1,1,1,1,1,1,1,1,1,1,1,1,1,1,1,1,1,0,1,1,1,1,1,1,1,1,1,1,1,0,1,1,1,1,1,1,0,0,1,1,1,1,1,1,1,1,1,1,1,1,1,1,1,1,1,1,1,74,-17.029405100565654,240.001,5.3443143734901535e-08,5.3443143734901535e-08,25.69167492823191,25.69167492823191,21.711630449401646,21.711630449401646
1,1,1,1,1,1,1,1,1,1,1,1,1,1,1,1,1,1,0,1,1,1,1,1,1,1,1,1,1,1,1,1,1,1,1,1,1,1,1,1,0,1,1,1,1,1,1,1,1,1,1,1,0,1,1,1,1,1,1,0,0,1,1,1,1,1,1,1,1,1,1,1,1,1,1,1,1,1,1,1,75,-17.02915109342619,240.001,5.3458923094629e-08,5.3458923094629e-08,25.69064684810953,25.69064684810953,21.749721058445772,21.749721058445772
1,1,1,1,1,1,1,1,1,1,1,1,1,1,1,1,1,1,0,1,1,1,1,1,1,1,1,1,1,1,1,1,1,1,1,1,1,1,1,1,0,1,1,1,1,1,1,1,1,1,1,1,0,1,1,1,1,1,1,0,0,1,1,1,1,1,1,1,1,1,1,1,1,1,1,1,1,1,1,1,76,-17.02883229458085,240.001,5.3475233478336624e-08,5.3475233478336624e-08,25.689640811201,25.689640811201,21.798002234181833,21.798002234181833
1,1,1,1,1,1,1,1,1,1,1,1,1,1,1,1,1,1,0,1,1,1,1,1,1,1,1,1,1,1,1,1,1,1,1,1,1,1,1,1,0,1,1,1,1,1,1,1,1,1,1,1,0,1,1,1,1,1,1,0,0,1,1,1,1,1,1,1,1,1,1,1,1,1,1,1,1,1,1,1,77,-17.028418297666086,240.001,5.349232420662752e-08,5.349232420662752e-08,25.688667021161994,25.688667021161994,21.861507428365414,21.861507428365414
1,1,1,1,1,1,1,1,1,1,1,1,1,1,1,1,1,1,0,1,1,1,1,1,1,1,1,1,1,1,1,1,1,1,1,1,1,1,1,1,0,1,1,1,1,1,1,1,1,1,1,1,0,1,1,1,1,1,1,0,0,1,1,1,1,1,1,1,1,1,1,1,1,1,1,1,1,1,1,1,78,-17.02784742896952,240.001,5.351070096997211e-08,5.351070096997211e-08,25.687746169978475,25.687746169978475,21.95061736550913,21.95061736550913
1,1,1,1,1,1,1,1,1,1,1,1,1,1,1,1,1,1,0,1,1,1,1,1,1,1,1,1,1,1,1,1,1,1,1,1,1,1,1,1,0,1,1,1,1,1,1,1,1,1,1,1,0,1,1,1,1,1,1,0,0,1,1,1,1,1,1,1,1,1,1,1,1,1,1,1,1,1,1,1,79,-17.026963404095174,240.001,5.3531645344139516e-08,5.3531645344139516e-08,25.68693067563316,25.68693067563316,22.0922976830845,22.0922976830845
1,1,1,1,1,1,1,1,1,1,1,1,1,1,1,1,1,1,0,1,1,1,1,1,1,1,1,1,1,1,1,1,1,1,1,1,1,1,1,1,0,1,1,1,1,1,1,1,1,1,1,1,0,1,1,1,1,1,1,0,0,1,1,1,1,1,1,1,1,1,1,1,1,1,1,1,1,1,1,1,80,-17.025117814547887,240.001,5.356047633570134e-08,5.356047633570134e-08,25.686437878257266,25.686437878257266,22.403775980731197,22.403775980731197
1,1,1,1,1,1,1,1,1,1,1,1,1,1,1,1,1,1,0,1,1,1,1,1,1,1,1,1,1,1,1,1,1,1,1,1,1,1,1,1,1,1,1,1,1,1,1,1,1,1,1,1,0,1,1,1,1,1,1,0,0,1,1,1,1,1,1,1,1,1,1,1,1,1,1,1,1,1,1,1,1,-17.02501695620278,240.001,5.247801431468326e-08,5.247801431468326e-08,25.775209107196456,25.775209107196456,22.42145498598859,22.42145498598859
1,1,1,1,1,1,1,1,1,1,1,1,1,1,1,1,1,1,0,1,1,1,1,1,1,1,1,1,1,1,1,1,1,1,1,1,1,1,1,1,1,1,1,1,1,1,1,1,1,1,1,1,0,1,1,1,1,1,1,0,0,1,1,1,1,1,1,1,1,1,1,1,1,1,1,1,1,1,1,1,2,-17.026875368507106,240.001,5.24768030554678e-08,5.24768030554678e-08,25.77345093673079,25.77345093673079,22.10666170237029,22.10666170237029
1,1,1,1,1,1,1,1,1,1,1,1,1,1,1,1,1,1,0,1,1,1,1,1,1,1,1,1,1,1,1,1,1,1,1,1,1,1,1,1,1,1,1,1,1,1,1,1,1,1,1,1,0,1,1,1,1,1,1,0,0,1,1,1,1,1,1,1,1,1,1,1,1,1,1,1,1,1,1,1,3,-17.027772837376624,240.001,5.248330675013236e-08,5.248330675013236e-08,25.772015259828972,25.772015259828972,21.96239612180111,21.96239612180111
1,1,1,1,1,1,1,1,1,1,1,1,1,1,1,1,1,1,0,1,1,1,1,1,1,1,1,1,1,1,1,1,1,1,1,1,1,1,1,1,1,1,1,1,1,1,1,1,1,1,1,1,0,1,1,1,1,1,1,0,0,1,1,1,1,1,1,1,1,1,1,1,1,1,1,1,1,1,1,1,4,-17.028357880685,240.001,5.249231685006163e-08,5.249231685006163e-08,25.770684703123088,25.770684703123088,21.87085273926737,21.87085273926737
1,1,1,1,1,1,1,1,1,1,1,1,1,1,1,1,1,1,0,1,1,1,1,1,1,1,1,1,1,1,1,1,1,1,1,1,1,1,1,1,1,1,1,1,1,1,1,1,1,1,1,1,0,1,1,1,1,1,1,0,0,1,1,1,1,1,1,1,1,1,1,1,1,1,1,1,1,1,1,1,5,-17.028786896957687,240.001,5.250257804833547e-08,5.250257804833547e-08,25.769406810949043,25.769406810949043,21.804921152420476,21.804921152420476
1,1,1,1,1,1,1,1,1,1,1,1,1,1,1,1,1,1,0,1,1,1,1,1,1,1,1,1,1,1,1,1,1,1,1,1,1,1,1,1,1,1,1,1,1,1,1,1,1,1,1,1,0,1,1,1,1,1,1,0,0,1,1,1,1,1,1,1,1,1,1,1,1,1,1,1,1,1,1,1,6,-17.029121692704617,240.001,5.2513594469517886e-08,5.2513594469517886e-08,25.768160846792014,25.768160846792014,21.754151461479484,21.754151461479484
1,1,1,1,1,1,1,1,1,1,1,1,1,1,1,1,1,1,0,1,1,1,1,1,1,1,1,1,1,1,1,1,1,1,1,1,1,1,1,1,1,1,1,1,1,1,1,1,1,1,1,1,0,1,1,1,1,1,1,0,0,1,1,1,1,1,1,1,1,1,1,1,1,1,1,1,1,1,1,1,7,-17.029392831891993,240.001,5.2525120984462654e-08,5.2525120984462654e-08,25.76693655393467,25.76693655393467,21.71346263794213,21.71346263794213
1,1,1,1,1,1,1,1,1,1,1,1,1,1,1,1,1,1,0,1,1,1,1,1,1,1,1,1,1,1,1,1,1,1,1,1,1,1,1,1,1,1,1,1,1,1,1,1,1,1,1,1,0,1,1,1,1,1,1,0,0,1,1,1,1,1,1,1,1,1,1,1,1,1,1,1,1,1,1,1,8,-17.029617468677213,240.001,5.253702006223865e-08,5.253702006223865e-08,25.7657281748064,25.7657281748064,21.680036724320605,21.680036724320605
1,1,1,1,1,1,1,1,1,1,1,1,1,1,1,1,1,1,0,1,1,1,1,1,1,1,1,1,1,1,1,1,1,1,1,1,1,1,1,1,1,1,1,1,1,1,1,1,1,1,1,1,0,1,1,1,1,1,1,0,0,1,1,1,1,1,1,1,1,1,1,1,1,1,1,1,1,1,1,1,9,-17.02980594735588,240.001,5.254920880462152e-08,5.254920880462152e-08,25.764532237084047,25.764532237084047,21.65218693985777,21.65218693985777
1,1,1,1,1,1,1,1,1,1,1,1,1,1,1,1,1,1,0,1,1,1,1,1,1,1,1,1,1,1,1,1,1,1,1,1,1,1,1,1,1,1,1,1,1,1,1,1,1,1,1,1,0,1,1,1,1,1,1,0,0,1,1,1,1,1,1,1,1,1,1,1,1,1,1,1,1,1,1,1,10,-17.02996465047767,240.001,5.2561636096451987e-08,5.2561636096451987e-08,25.763346598197977,25.763346598197977,21.62887359944562,21.62887359944562
1,1,1,1,1,1,1,1,1,1,1,1,1,1,1,1,1,1,0,1,1,1,1,1,1,1,1,1,1,1,1,1,1,1,1,1,1,1,1,1,1,1,1,1,1,1,1,1,1,1,1,1,0,1,1,1,1,1,1,0,0,1,1,1,1,1,1,1,1,1,1,1,1,1,1,1,1,1,1,1,11,-17.03009729144113,240.001,5.257427224158794e-08,5.257427224158794e-08,25.762170011694266,25.762170011694266,21.60948366826894,21.60948366826894
1,1,1,1,1,1,1,1,1,1,1,1,1,1,1,1,1,1,0,1,1,1,1,1,1,1,1,1,1,1,1,1,1,1,1,1,1,1,1,1,1,1,1,1,1,1,1,1,1,1,1,1,0,1,1,1,1,1,1,0,0,1,1,1,1,1,1,1,1,1,1,1,1,1,1,1,1,1,1,1,12,-17.030205382420736,240.001,5.258710522063142e-08,5.258710522063142e-08,25.7610019703513,25.7610019703513,21.59374587536564,21.59374587536564
1,1,1,1,1,1,1,1,1,1,1,1,1,1,1,1,1,1,0,1,1,1,1,1,1,1,1,1,1,1,1,1,1,1,1,1,1,1,1,1,1,1,1,1,1,1,1,1,1,1,1,1,0,1,1,1,1,1,1,0,0,1,1,1,1,1,1,1,1,1,1,1,1,1,1,1,1,1,1,1,13,-17.030288032682403,240.001,5.260014233158078e-08,5.260014233158078e-08,25.75984277411927,25.75984277411927,21.581750286465578,21.581750286465578
1,1,1,1,1,1,1,1,1,1,1,1,1,1,1,1,1,1,0,1,1,1,1,1,1,1,1,1,1,1,1,1,1,1,1,1,1,1,1,1,1,1,1,1,1,1,1,1,1,1,1,1,0,1,1,1,1,1,1,0,0,1,1,1,1,1,1,1,1,1,1,1,1,1,1,1,1,1,1,1,14,-17.03034076062622,240.001,5.2613419769413535e-08,5.2613419769413535e-08,25.7586939293061,25.7586939293061,21.574114681213725,21.574114681213725
1,1,1,1,1,1,1,1,1,1,1,1,1,1,1,1,1,1,0,1,1,1,1,1,1,1,1,1,1,1,1,1,1,1,1,1,1,1,1,1,1,1,1,1,1,1,1,1,1,1,1,1,0,1,1,1,1,1,1,0,0,1,1,1,1,1,1,1,1,1,1,1,1,1,1,1,1,1,1,1,15,-17.03035197579022,240.001,5.262703097373612e-08,5.262703097373612e-08,25.75755933032522,25.75755933032522,21.572492316047843,21.572492316047843
1,1,1,1,1,1,1,1,1,1,1,1,1,1,1,1,1,1,0,1,1,1,1,1,1,1,1,1,1,1,1,1,1,1,1,1,1,1,1,1,1,1,1,1,1,1,1,1,1,1,1,1,0,1,1,1,1,1,1,0,0,1,1,1,1,1,1,1,1,1,1,1,1,1,1,1,1,1,1,1,16,-17.030291917256246,240.001,5.264121575632139e-08,5.264121575632139e-08,25.756448974601824,25.756448974601824,21.581187300902936,21.581187300902936
1,1,1,1,1,1,1,1,1,1,1,1,1,1,1,1,1,1,0,1,1,1,1,1,1,1,1,1,1,1,1,1,1,1,1,1,1,1,1,1,1,1,1,1,1,1,1,1,1,1,1,1,0,1,1,1,1,1,1,0,0,1,1,1,1,1,1,1,1,1,1,1,1,1,1,1,1,1,1,1,17,-17.03006733807409,240.001,5.265672548182726e-08,5.265672548182726e-08,25.755394176775745,25.755394176775745,21.613854849242216,21.613854849242216
1,1,1,1,1,1,1,1,1,1,1,1,1,1,1,1,1,1,0,1,1,1,1,1,1,1,1,1,1,1,1,1,1,1,1,1,1,1,1,1,1,1,1,1,1,1,1,1,1,1,1,1,0,1,1,1,1,1,1,0,0,1,1,1,1,1,1,1,1,1,1,1,1,1,1,1,1,1,1,1,18,-17.029188157982688,240.001,5.2677510490158173e-08,5.2677510490158173e-08,25.75455941942633,25.75455941942633,21.744142179954864,21.744142179954864
1,1,1,1,1,1,1,1,1,1,1,1,1,1,1,1,1,1,0,1,1,1,1,1,1,1,1,1,1,1,1,1,1,1,1,1,1,1,1,1,1,1,1,1,1,1,1,1,1,1,1,1,0,1,1,1,1,1,1,0,0,1,1,1,1,1,1,1,1,1,1,1,1,1,1,1,1,1,1,1,20,-17.029325826452812,240.001,5.2703809007300784e-08,5.2703809007300784e-08,25.752254136967533,25.752254136967533,21.72348271733023,21.72348271733023
1,1,1,1,1,1,1,1,1,1,1,1,1,1,1,1,1,1,0,1,1,1,1,1,1,1,1,1,1,1,1,1,1,1,1,1,1,1,1,1,1,1,1,1,1,1,1,1,1,1,1,1,0,1,1,1,1,1,1,0,0,1,1,1,1,1,1,1,1,1,1,1,1,1,1,1,1,1,1,1,21,-17.03034372428024,240.001,5.2709306595497074e-08,5.2709306595497074e-08,25.75078324575196,25.75078324575196,21.573685905917777,21.573685905917777
1,1,1,1,1,1,1,1,1,1,1,1,1,1,1,1,1,1,0,1,1,1,1,1,1,1,1,1,1,1,1,1,1,1,1,1,1,1,1,1,1,1,1,1,1,1,1,1,1,1,1,1,0,1,1,1,1,1,1,0,0,1,1,1,1,1,1,1,1,1,1,1,1,1,1,1,1,1,1,1,22,-17.03070928115779,240.001,5.272006151709155e-08,5.272006151709155e-08,25.749531635357897,25.749531635357897,21.52111770202624,21.52111770202624
1,1,1,1,1,1,1,1,1,1,1,1,1,1,1,1,1,1,0,1,1,1,1,1,1,1,1,1,1,1,1,1,1,1,1,1,1,1,1,1,1,1,1,1,1,1,1,1,1,1,1,1,0,1,1,1,1,1,1,0,0,1,1,1,1,1,1,1,1,1,1,1,1,1,1,1,1,1,1,1,23,-17.030913813297563,240.001,5.273211346850563e-08,5.273211346850563e-08,25.748334407520996,25.748334407520996,21.49197869675963,21.49197869675963
1,1,1,1,1,1,1,1,1,1,1,1,1,1,1,1,1,1,0,1,1,1,1,1,1,1,1,1,1,1,1,1,1,1,1,1,1,1,1,1,1,1,1,1,1,1,1,1,1,1,1,1,0,1,1,1,1,1,1,0,0,1,1,1,1,1,1,1,1,1,1,1,1,1,1,1,1,1,1,1,24,-17.031051944131328,240.001,5.274470007259084e-08,5.274470007259084e-08,25.747159784866408,25.747159784866408,21.472408917165822,21.472408917165822
1,1,1,1,1,1,1,1,1,1,1,1,1,1,1,1,1,1,0,1,1,1,1,1,1,1,1,1,1,1,1,1,1,1,1,1,1,1,1,1,1,1,1,1,1,1,1,1,1,1,1,1,0,1,1,1,1,1,1,0,0,1,1,1,1,1,1,1,1,1,1,1,1,1,1,1,1,1,1,1,25,-17.031155018702496,240.001,5.275756885000556e-08,5.275756885000556e-08,25.745997237526584,25.745997237526584,21.457862593145457,21.457862593145457
1,1,1,1,1,1,1,1,1,1,1,1,1,1,1,1,1,1,0,1,1,1,1,1,1,1,1,1,1,1,1,1,1,1,1,1,1,1,1,1,1,1,1,1,1,1,1,1,1,1,1,1,0,1,1,1,1,1,1,0,0,1,1,1,1,1,1,1,1,1,1,1,1,1,1,1,1,1,1,1,26,-17.03123650992484,240.001,5.277061130519805e-08,5.277061130519805e-08,25.744842238480814,25.744842238480814,21.446396347818535,21.446396347818535
1,1,1,1,1,1,1,1,1,1,1,1,1,1,1,1,1,1,0,1,1,1,1,1,1,1,1,1,1,1,1,1,1,1,1,1,1,1,1,1,1,1,1,1,1,1,1,1,1,1,1,1,0,1,1,1,1,1,1,0,0,1,1,1,1,1,1,1,1,1,1,1,1,1,1,1,1,1,1,1,27,-17.031303207942592,240.001,5.278377277348717e-08,5.278377277348717e-08,25.743692505754225,25.743692505754225,21.437033901485645,21.437033901485645
1,1,1,1,1,1,1,1,1,1,1,1,1,1,1,1,1,1,0,1,1,1,1,1,1,1,1,1,1,1,1,1,1,1,1,1,1,1,1,1,1,1,1,1,1,1,1,1,1,1,1,1,0,1,1,1,1,1,1,0,0,1,1,1,1,1,1,1,1,1,1,1,1,1,1,1,1,1,1,1,28,-17.031358926325037,240.001,5.2797022564309734e-08,5.2797022564309734e-08,25.74254675749421,25.74254675749421,21.42922800759054,21.42922800759054
1,1,1,1,1,1,1,1,1,1,1,1,1,1,1,1,1,1,0,1,1,1,1,1,1,1,1,1,1,1,1,1,1,1,1,1,1,1,1,1,1,1,1,1,1,1,1,1,1,1,1,1,0,1,1,1,1,1,1,0,0,1,1,1,1,1,1,1,1,1,1,1,1,1,1,1,1,1,1,1,29,-17.0314059799676,240.001,5.2810342056714366e-08,5.2810342056714366e-08,25.741404215463216,25.741404215463216,21.422646836292195,21.422646836292195
1,1,1,1,1,1,1,1,1,1,1,1,1,1,1,1,1,1,0,1,1,1,1,1,1,1,1,1,1,1,1,1,1,1,1,1,1,1,1,1,1,1,1,1,1,1,1,1,1,1,1,1,0,1,1,1,1,1,1,0,0,1,1,1,1,1,1,1,1,1,1,1,1,1,1,1,1,1,1,1,30,-17.031445855795532,240.001,5.2823719297394396e-08,5.2823719297394396e-08,25.74026437968543,25.74026437968543,21.417077332758673,21.417077332758673
1,1,1,1,1,1,1,1,1,1,1,1,1,1,1,1,1,1,0,1,1,1,1,1,1,1,1,1,1,1,1,1,1,1,1,1,1,1,1,1,1,1,1,1,1,1,1,1,1,1,1,1,0,1,1,1,1,1,1,0,0,1,1,1,1,1,1,1,1,1,1,1,1,1,1,1,1,1,1,1,31,-17.03147954764401,240.001,5.2837146303804684e-08,5.2837146303804684e-08,25.73912691591711,25.73912691591711,21.41237707355787,21.41237707355787
1,1,1,1,1,1,1,1,1,1,1,1,1,1,1,1,1,1,0,1,1,1,1,1,1,1,1,1,1,1,1,1,1,1,1,1,1,1,1,1,1,1,1,1,1,1,1,1,1,1,1,1,0,1,1,1,1,1,1,0,0,1,1,1,1,1,1,1,1,1,1,1,1,1,1,1,1,1,1,1,32,-17.0315077360134,240.001,5.285061761674909e-08,5.285061761674909e-08,25.73799159523828,25.73799159523828,21.408448466610324,21.408448466610324
1,1,1,1,1,1,1,1,1,1,1,1,1,1,1,1,1,1,0,1,1,1,1,1,1,1,1,1,1,1,1,1,1,1,1,1,1,1,1,1,1,1,1,1,1,1,1,1,1,1,1,1,0,1,1,1,1,1,1,0,0,1,1,1,1,1,1,1,1,1,1,1,1,1,1,1,1,1,1,1,33,-17.031530889916592,240.001,5.286412948046906e-08,5.286412948046906e-08,25.736858259823634,25.736858259823634,21.40522414937135,21.40522414937135
1,1,1,1,1,1,1,1,1,1,1,1,1,1,1,1,1,1,0,1,1,1,1,1,1,1,1,1,1,1,1,1,1,1,1,1,1,1,1,1,1,1,1,1,1,1,1,1,1,1,1,1,0,1,1,1,1,1,1,0,0,1,1,1,1,1,1,1,1,1,1,1,1,1,1,1,1,1,1,1,34,-17.03154932670067,240.001,5.287767936123294e-08,5.287767936123294e-08,25.735726802836318,25.735726802836318,21.40265841730333,21.40265841730333
1,1,1,1,1,1,1,1,1,1,1,1,1,1,1,1,1,1,0,1,1,1,1,1,1,1,1,1,1,1,1,1,1,1,1,1,1,1,1,1,1,1,1,1,1,1,1,1,1,1,1,1,0,1,1,1,1,1,1,0,0,1,1,1,1,1,1,1,1,1,1,1,1,1,1,1,1,1,1,1,35,-17.031563247615644,240.001,5.2891265661301666e-08,5.2891265661301666e-08,25.734597156472724,25.734597156472724,21.40072212716642,21.40072212716642
1,1,1,1,1,1,1,1,1,1,1,1,1,1,1,1,1,1,0,1,1,1,1,1,1,1,1,1,1,1,1,1,1,1,1,1,1,1,1,1,1,1,1,1,1,1,1,1,1,1,1,1,0,1,1,1,1,1,1,0,0,1,1,1,1,1,1,1,1,1,1,1,1,1,1,1,1,1,1,1,36,-17.03157275831116,240.001,5.290488755435794e-08,5.290488755435794e-08,25.733469285073095,25.733469285073095,21.39939975660998,21.39939975660998
1,1,1,1,1,1,1,1,1,1,1,1,1,1,1,1,1,1,0,1,1,1,1,1,1,1,1,1,1,1,1,1,1,1,1,1,1,1,1,1,1,1,1,1,1,1,1,1,1,1,1,1,0,1,1,1,1,1,1,0,0,1,1,1,1,1,1,1,1,1,1,1,1,1,1,1,1,1,1,1,37,-17.03157787902985,240.001,5.29185449040353e-08,5.29185449040353e-08,25.732343181695377,25.732343181695377,21.398687935547294,21.398687935547294
1,1,1,1,1,1,1,1,1,1,1,1,1,1,1,1,1,1,0,1,1,1,1,1,1,1,1,1,1,1,1,1,1,1,1,1,1,1,1,1,1,1,1,1,1,1,1,1,1,1,1,1,0,1,1,1,1,1,1,0,0,1,1,1,1,1,1,1,1,1,1,1,1,1,1,1,1,1,1,1,38,-17.031578546760024,240.001,5.2932238247383315e-08,5.2932238247383315e-08,25.731218867391984,25.731218867391984,21.3985951242219,21.3985951242219
1,1,1,1,1,1,1,1,1,1,1,1,1,1,1,1,1,1,0,1,1,1,1,1,1,1,1,1,1,1,1,1,1,1,1,1,1,1,1,1,1,1,1,1,1,1,1,1,1,1,1,1,0,1,1,1,1,1,1,0,0,1,1,1,1,1,1,1,1,1,1,1,1,1,1,1,1,1,1,1,39,-17.031574609935404,240.001,5.2945968838631326e-08,5.2945968838631326e-08,25.730096392991896,25.730096392991896,21.399142352585663,21.399142352585663
1,1,1,1,1,1,1,1,1,1,1,1,1,1,1,1,1,1,0,1,1,1,1,1,1,1,1,1,1,1,1,1,1,1,1,1,1,1,1,1,1,1,1,1,1,1,1,1,1,1,1,1,0,1,1,1,1,1,1,0,0,1,1,1,1,1,1,1,1,1,1,1,1,1,1,1,1,1,1,1,40,-17.031565814819054,240.001,5.2959738760343236e-08,5.2959738760343236e-08,25.728975843678185,25.728975843678185,21.4003651428818,21.4003651428818
1,1,1,1,1,1,1,1,1,1,1,1,1,1,1,1,1,1,0,1,1,1,1,1,1,1,1,1,1,1,1,1,1,1,1,1,1,1,1,1,1,1,1,1,1,1,1,1,1,1,1,1,0,1,1,1,1,1,1,0,0,1,1,1,1,1,1,1,1,1,1,1,1,1,1,1,1,1,1,1,41,-17.03155178099654,240.001,5.297355112294132e-08,5.297355112294132e-08,25.72785734722641,25.72785734722641,21.40231698174921,21.40231698174921
1,1,1,1,1,1,1,1,1,1,1,1,1,1,1,1,1,1,0,1,1,1,1,1,1,1,1,1,1,1,1,1,1,1,1,1,1,1,1,1,1,1,1,1,1,1,1,1,1,1,1,1,0,1,1,1,1,1,1,0,0,1,1,1,1,1,1,1,1,1,1,1,1,1,1,1,1,1,1,1,42,-17.031531960815776,240.001,5.298741039458206e-08,5.298741039458206e-08,25.726741087638757,25.726741087638757,21.405075077847357,21.405075077847357
1,1,1,1,1,1,1,1,1,1,1,1,1,1,1,1,1,1,0,1,1,1,1,1,1,1,1,1,1,1,1,1,1,1,1,1,1,1,1,1,1,1,1,1,1,1,1,1,1,1,1,1,0,1,1,1,1,1,1,0,0,1,1,1,1,1,1,1,1,1,1,1,1,1,1,1,1,1,1,1,43,-17.031505573055522,240.001,5.30013229403713e-08,5.30013229403713e-08,25.725627327439867,25.725627327439867,21.408749792633763,21.408749792633763
1,1,1,1,1,1,1,1,1,1,1,1,1,1,1,1,1,1,0,1,1,1,1,1,1,1,1,1,1,1,1,1,1,1,1,1,1,1,1,1,1,1,1,1,1,1,1,1,1,1,1,1,0,1,1,1,1,1,1,0,0,1,1,1,1,1,1,1,1,1,1,1,1,1,1,1,1,1,1,1,44,-17.031471492275713,240.001,5.301529792164068e-08,5.301529792164068e-08,25.72451644486661,25.72451644486661,21.41350039701007,21.41350039701007
1,1,1,1,1,1,1,1,1,1,1,1,1,1,1,1,1,1,0,1,1,1,1,1,1,1,1,1,1,1,1,1,1,1,1,1,1,1,1,1,1,1,1,1,1,1,1,1,1,1,1,1,0,1,1,1,1,1,1,0,0,1,1,1,1,1,1,1,1,1,1,1,1,1,1,1,1,1,1,1,45,-17.031428056805527,240.001,5.3029348856312375e-08,5.3029348856312375e-08,25.72340899839893,25.72340899839893,21.419562462338114,21.419562462338114
1,1,1,1,1,1,1,1,1,1,1,1,1,1,1,1,1,1,0,1,1,1,1,1,1,1,1,1,1,1,1,1,1,1,1,1,1,1,1,1,1,1,1,1,1,1,1,1,1,1,1,1,0,1,1,1,1,1,1,0,0,1,1,1,1,1,1,1,1,1,1,1,1,1,1,1,1,1,1,1,46,-17.031372716349644,240.001,5.3043496482489045e-08,5.3043496482489045e-08,25.72230584518052,25.72230584518052,21.42729823589695,21.42729823589695
1,1,1,1,1,1,1,1,1,1,1,1,1,1,1,1,1,1,0,1,1,1,1,1,1,1,1,1,1,1,1,1,1,1,1,1,1,1,1,1,1,1,1,1,1,1,1,1,1,1,1,1,0,1,1,1,1,1,1,0,0,1,1,1,1,1,1,1,1,1,1,1,1,1,1,1,1,1,1,1,47,-17.03130133562869,240.001,5.305777441718847e-08,5.305777441718847e-08,25.721208375003116,25.721208375003116,21.437296446277642,21.437296446277642
1,1,1,1,1,1,1,1,1,1,1,1,1,1,1,1,1,1,0,1,1,1,1,1,1,1,1,1,1,1,1,1,1,1,1,1,1,1,1,1,1,1,1,1,1,1,1,1,1,1,1,1,0,1,1,1,1,1,1,0,0,1,1,1,1,1,1,1,1,1,1,1,1,1,1,1,1,1,1,1,48,-17.031206677916067,240.001,5.3072241479870576e-08,5.3072241479870576e-08,25.720119019790086,25.720119019790086,21.450590382110825,21.450590382110825
1,1,1,1,1,1,1,1,1,1,1,1,1,1,1,1,1,1,0,1,1,1,1,1,1,1,1,1,1,1,1,1,1,1,1,1,1,1,1,1,1,1,1,1,1,1,1,1,1,1,1,1,0,1,1,1,1,1,1,0,0,1,1,1,1,1,1,1,1,1,1,1,1,1,1,1,1,1,1,1,49,-17.0310746392431,240.001,5.308701229734364e-08,5.308701229734364e-08,25.719042518588306,25.719042518588306,21.469201930253238,21.469201930253238
1,1,1,1,1,1,1,1,1,1,1,1,1,1,1,1,1,1,0,1,1,1,1,1,1,1,1,1,1,1,1,1,1,1,1,1,1,1,1,1,1,1,1,1,1,1,1,1,1,1,1,1,0,1,1,1,1,1,1,0,0,1,1,1,1,1,1,1,1,1,1,1,1,1,1,1,1,1,1,1,50,-17.03087296403305,240.001,5.31023490231259e-08,5.31023490231259e-08,25.717989707408915,25.717989707408915,21.497782860101083,21.497782860101083
1,1,1,1,1,1,1,1,1,1,1,1,1,1,1,1,1,1,0,1,1,1,1,1,1,1,1,1,1,1,1,1,1,1,1,1,1,1,1,1,1,1,1,1,1,1,1,1,1,1,1,1,0,1,1,1,1,1,1,0,0,1,1,1,1,1,1,1,1,1,1,1,1,1,1,1,1,1,1,1,51,-17.03050568238093,240.001,5.31190317411632e-08,5.31190317411632e-08,25.71699281691524,25.71699281691524,21.55031783786474,21.55031783786474
1,1,1,1,1,1,1,1,1,1,1,1,1,1,1,1,1,1,0,1,1,1,1,1,1,1,1,1,1,1,1,1,1,1,1,1,1,1,1,1,1,1,1,1,1,1,1,1,1,1,1,1,0,1,1,1,1,1,1,0,0,1,1,1,1,1,1,1,1,1,1,1,1,1,1,1,1,1,1,1,52,-17.02947943537768,240.001,5.314107221302788e-08,5.314107221302788e-08,25.716217436573807,25.716217436573807,21.700545769216312,21.700545769216312
1,1,1,1,1,1,1,1,1,1,1,1,1,1,1,1,1,1,0,1,1,1,1,1,1,1,1,1,1,1,1,1,1,1,1,1,1,1,1,1,1,1,1,1,1,1,1,1,1,1,1,1,0,1,1,1,1,1,1,0,0,1,1,1,1,1,1,1,1,1,1,1,1,1,1,1,1,1,1,1,54,-17.029289653497248,240.001,5.3170020841024816e-08,5.3170020841024816e-08,25.71404204105886,25.71404204105886,21.728901627578363,21.728901627578363
1,1,1,1,1,1,1,1,1,1,1,1,1,1,1,1,1,1,0,1,1,1,1,1,1,1,1,1,1,1,1,1,1,1,1,1,1,1,1,1,1,1,1,1,1,1,1,1,1,1,1,1,0,1,1,1,1,1,1,0,0,1,1,1,1,1,1,1,1,1,1,1,1,1,1,1,1,1,1,1,55,-17.03010976667033,240.001,5.317705347426538e-08,5.317705347426538e-08,25.712647538071348,25.712647538071348,21.60766441029591,21.60766441029591
1,1,1,1,1,1,1,1,1,1,1,1,1,1,1,1,1,1,0,1,1,1,1,1,1,1,1,1,1,1,1,1,1,1,1,1,1,1,1,1,1,1,1,1,1,1,1,1,1,1,1,1,0,1,1,1,1,1,1,0,0,1,1,1,1,1,1,1,1,1,1,1,1,1,1,1,1,1,1,1,56,-17.03023071435689,240.001,5.31897713695975e-08,5.31897713695975e-08,25.71148805006949,25.71148805006949,21.590065782657398,21.590065782657398
1,1,1,1,1,1,1,1,1,1,1,1,1,1,1,1,1,1,0,1,1,1,1,1,1,1,1,1,1,1,1,1,1,1,1,1,1,1,1,1,1,1,1,1,1,1,1,1,1,1,1,1,0,1,1,1,1,1,1,0,0,1,1,1,1,1,1,1,1,1,1,1,1,1,1,1,1,1,1,1,57,-17.030098859935745,240.001,5.320454540849666e-08,5.320454540849666e-08,25.710413771718727,25.710413771718727,21.609254893688604,21.609254893688604
1,1,1,1,1,1,1,1,1,1,1,1,1,1,1,1,1,1,0,1,1,1,1,1,1,1,1,1,1,1,1,1,1,1,1,1,1,1,1,1,1,1,1,1,1,1,1,1,1,1,1,1,0,1,1,1,1,1,1,0,0,1,1,1,1,1,1,1,1,1,1,1,1,1,1,1,1,1,1,1,58,-17.029682810700983,240.001,5.322163295384337e-08,5.322163295384337e-08,25.70943523423971,25.70943523423971,21.670361625201707,21.670361625201707
1,1,1,1,1,1,1,1,1,1,1,1,1,1,1,1,1,1,0,1,1,1,1,1,1,1,1,1,1,1,1,1,1,1,1,1,1,1,1,1,1,1,1,1,1,1,1,1,1,1,1,1,0,1,1,1,1,1,1,0,0,1,1,1,1,1,1,1,1,1,1,1,1,1,1,1,1,1,1,1,59,-17.028427777461008,240.001,5.324555578601432e-08,5.324555578601432e-08,25.70873857620256,25.70873857620256,21.860042903463356,21.860042903463356
1,1,1,1,1,1,1,1,1,1,1,1,1,1,1,1,1,1,0,1,1,1,1,1,1,1,1,1,1,1,1,1,1,1,1,1,1,1,1,1,1,1,1,1,1,1,1,1,1,1,1,1,0,1,1,1,1,1,1,0,0,1,1,1,1,1,1,1,1,1,1,1,1,1,1,1,1,1,1,1,62,-17.028357836793006,240.001,5.328724158847935e-08,5.328724158847935e-08,25.70540976731091,25.70540976731091,21.870859535757766,21.870859535757766
1,1,1,1,1,1,1,1,1,1,1,1,1,1,1,1,1,1,0,1,1,1,1,1,1,1,1,1,1,1,1,1,1,1,1,1,1,1,1,1,1,1,1,1,1,1,1,1,1,1,1,1,0,1,1,1,1,1,1,0,0,1,1,1,1,1,1,1,1,1,1,1,1,1,1,1,1,1,1,1,63,-17.02957849851648,240.001,5.329099624436497e-08,5.329099624436497e-08,25.703883109472955,25.703883109472955,21.68581718776379,21.68581718776379
1,1,1,1,1,1,1,1,1,1,1,1,1,1,1,1,1,1,0,1,1,1,1,1,1,1,1,1,1,1,1,1,1,1,1,1,1,1,1,1,1,1,1,1,1,1,1,1,1,1,1,1,0,1,1,1,1,1,1,0,0,1,1,1,1,1,1,1,1,1,1,1,1,1,1,1,1,1,1,1,64,-17.029985024613712,240.001,5.3301385691267025e-08,5.3301385691267025e-08,25.70262997888262,25.70262997888262,21.62588964053258,21.62588964053258
1,1,1,1,1,1,1,1,1,1,1,1,1,1,1,1,1,1,0,1,1,1,1,1,1,1,1,1,1,1,1,1,1,1,1,1,1,1,1,1,1,1,1,1,1,1,1,1,1,1,1,1,0,1,1,1,1,1,1,0,0,1,1,1,1,1,1,1,1,1,1,1,1,1,1,1,1,1,1,1,65,-17.03016321272846,240.001,5.331363528594017e-08,5.331363528594017e-08,25.701453820435592,25.701453820435592,21.59987894741522,21.59987894741522
1,1,1,1,1,1,1,1,1,1,1,1,1,1,1,1,1,1,0,1,1,1,1,1,1,1,1,1,1,1,1,1,1,1,1,1,1,1,1,1,1,1,1,1,1,1,1,1,1,1,1,1,0,1,1,1,1,1,1,0,0,1,1,1,1,1,1,1,1,1,1,1,1,1,1,1,1,1,1,1,66,-17.03023828876542,240.001,5.3326724917320274e-08,5.3326724917320274e-08,25.70031258995275,25.70031258995275,21.588966012922135,21.588966012922135
1,1,1,1,1,1,1,1,1,1,1,1,1,1,1,1,1,1,0,1,1,1,1,1,1,1,1,1,1,1,1,1,1,1,1,1,1,1,1,1,1,1,1,1,1,1,1,1,1,1,1,1,0,1,1,1,1,1,1,0,0,1,1,1,1,1,1,1,1,1,1,1,1,1,1,1,1,1,1,1,67,-17.03025399650498,240.001,5.334029838127788e-08,5.334029838127788e-08,25.699191595809452,25.699191595809452,21.586686201568916,21.586686201568916
1,1,1,1,1,1,1,1,1,1,1,1,1,1,1,1,1,1,0,1,1,1,1,1,1,1,1,1,1,1,1,1,1,1,1,1,1,1,1,1,1,1,1,1,1,1,1,1,1,1,1,1,0,1,1,1,1,1,1,0,0,1,1,1,1,1,1,1,1,1,1,1,1,1,1,1,1,1,1,1,68,-17.03022921371919,240.001,5.3354202037294524e-08,5.3354202037294524e-08,25.69808449624015,25.69808449624015,21.59028370126933,21.59028370126933
1,1,1,1,1,1,1,1,1,1,1,1,1,1,1,1,1,1,0,1,1,1,1,1,1,1,1,1,1,1,1,1,1,1,1,1,1,1,1,1,1,1,1,1,1,1,1,1,1,1,1,1,0,1,1,1,1,1,1,0,0,1,1,1,1,1,1,1,1,1,1,1,1,1,1,1,1,1,1,1,69,-17.030172800243605,240.001,5.3368363851493845e-08,5.3368363851493845e-08,25.696988314152577,25.696988314152577,21.59848380353184,21.59848380353184
1,1,1,1,1,1,1,1,1,1,1,1,1,1,1,1,1,1,0,1,1,1,1,1,1,1,1,1,1,1,1,1,1,1,1,1,1,1,1,1,1,1,1,1,1,1,1,1,1,1,1,1,0,1,1,1,1,1,1,0,0,1,1,1,1,1,1,1,1,1,1,1,1,1,1,1,1,1,1,1,70,-17.030088679865212,240.001,5.338275201016723e-08,5.338275201016723e-08,25.69590173052399,25.69590173052399,21.61073993283885,21.61073993283885
1,1,1,1,1,1,1,1,1,1,1,1,1,1,1,1,1,1,0,1,1,1,1,1,1,1,1,1,1,1,1,1,1,1,1,1,1,1,1,1,1,1,1,1,1,1,1,1,1,1,1,1,0,1,1,1,1,1,1,0,0,1,1,1,1,1,1,1,1,1,1,1,1,1,1,1,1,1,1,1,71,-17.029977817295176,240.001,5.3397358828968024e-08,5.3397358828968024e-08,25.69482442035417,25.69482442035417,21.626944978562918,21.626944978562918
1,1,1,1,1,1,1,1,1,1,1,1,1,1,1,1,1,1,0,1,1,1,1,1,1,1,1,1,1,1,1,1,1,1,1,1,1,1,1,1,1,1,1,1,1,1,1,1,1,1,1,1,0,1,1,1,1,1,1,0,0,1,1,1,1,1,1,1,1,1,1,1,1,1,1,1,1,1,1,1,72,-17.029838945355362,240.001,5.341219484688976e-08,5.341219484688976e-08,25.693756808316376,25.693756808316376,21.64732931864566,21.64732931864566
1,1,1,1,1,1,1,1,1,1,1,1,1,1,1,1,1,1,0,1,1,1,1,1,1,1,1,1,1,1,1,1,1,1,1,1,1,1,1,1,1,1,1,1,1,1,1,1,1,1,1,1,0,1,1,1,1,1,1,0,0,1,1,1,1,1,1,1,1,1,1,1,1,1,1,1,1,1,1,1,73,-17.02966861930348,240.001,5.3427288409721396e-08,5.3427288409721396e-08,25.69270005035515,25.69270005035515,21.672461105815483,21.672461105815483
1,1,1,1,1,1,1,1,1,1,1,1,1,1,1,1,1,1,0,1,1,1,1,1,1,1,1,1,1,1,1,1,1,1,1,1,1,1,1,1,1,1,1,1,1,1,1,1,1,1,1,1,0,1,1,1,1,1,1,0,0,1,1,1,1,1,1,1,1,1,1,1,1,1,1,1,1,1,1,1,74,-17.029460702855634,240.001,5.344268989968355e-08,5.344268989968355e-08,25.691656206064238,25.691656206064238,21.703336483430334,21.703336483430334
1,1,1,1,1,1,1,1,1,1,1,1,1,1,1,1,1,1,0,1,1,1,1,1,1,1,1,1,1,1,1,1,1,1,1,1,1,1,1,1,1,1,1,1,1,1,1,1,1,1,1,1,0,1,1,1,1,1,1,0,0,1,1,1,1,1,1,1,1,1,1,1,1,1,1,1,1,1,1,1,75,-17.029205064207382,240.001,5.3458482435154775e-08,5.3458482435154775e-08,25.690628676172707,25.690628676172707,21.74159985305166,21.74159985305166
1,1,1,1,1,1,1,1,1,1,1,1,1,1,1,1,1,1,0,1,1,1,1,1,1,1,1,1,1,1,1,1,1,1,1,1,1,1,1,1,1,1,1,1,1,1,1,1,1,1,1,1,0,1,1,1,1,1,1,0,0,1,1,1,1,1,1,1,1,1,1,1,1,1,1,1,1,1,1,1,76,-17.028884728437298,240.001,5.347480522264633e-08,5.347480522264633e-08,25.689623157899174,25.689623157899174,21.79002454834051,21.79002454834051
1,1,1,1,1,1,1,1,1,1,1,1,1,1,1,1,1,1,0,1,1,1,1,1,1,1,1,1,1,1,1,1,1,1,1,1,1,1,1,1,1,1,1,1,1,1,1,1,1,1,1,1,0,1,1,1,1,1,1,0,0,1,1,1,1,1,1,1,1,1,1,1,1,1,1,1,1,1,1,1,77,-17.02846928189263,240.001,5.349190763865472e-08,5.349190763865472e-08,25.688649857465595,25.688649857465595,21.853636692089008,21.853636692089008
1,1,1,1,1,1,1,1,1,1,1,1,1,1,1,1,1,1,0,1,1,1,1,1,1,1,1,1,1,1,1,1,1,1,1,1,1,1,1,1,1,1,1,1,1,1,1,1,1,1,1,1,0,1,1,1,1,1,1,0,0,1,1,1,1,1,1,1,1,1,1,1,1,1,1,1,1,1,1,1,78,-17.02789704495664,240.001,5.351029541502252e-08,5.351029541502252e-08,25.687729469079542,25.687729469079542,21.94280004943395,21.94280004943395
1,1,1,1,1,1,1,1,1,1,1,1,1,1,1,1,1,1,0,1,1,1,1,1,1,1,1,1,1,1,1,1,1,1,1,1,1,1,1,1,1,1,1,1,1,1,1,1,1,1,1,1,0,1,1,1,1,1,1,0,0,1,1,1,1,1,1,1,1,1,1,1,1,1,1,1,1,1,1,1,79,-17.027011729708875,240.001,5.353125013954994e-08,5.353125013954994e-08,25.686914412513513,25.686914412513513,22.084432830242783,22.084432830242783
1,1,1,1,1,1,1,1,1,1,1,1,1,1,1,1,1,1,0,1,1,1,1,1,1,1,1,1,1,1,1,1,1,1,1,1,1,1,1,1,1,1,1,1,1,1,1,1,1,1,1,1,0,1,1,1,1,1,1,0,0,1,1,1,1,1,1,1,1,1,1,1,1,1,1,1,1,1,1,1,80,-17.02516493340734,240.001,5.356009070287475e-08,5.356009070287475e-08,25.686422028502015,25.686422028502015,22.395541187474848,22.395541187474848
1,1,1,1,1,1,1,1,1,1,1,1,1,1,1,1,1,1,0,1,1,1,1,1,1,1,1,1,1,1,1,1,1,1,1,1,1,1,1,1,1,1,1,1,1,1,1,1,1,1,1,1,0,1,1,1,1,1,1,0,1,1,1,1,1,1,1,1,1,1,1,1,1,1,1,1,1,1,1,1,1,-17.025047596933312,240.001,5.24777685737108e-08,5.24777685737108e-08,25.775198803401228,25.775198803401228,22.41607653900983,22.41607653900983
1,1,1,1,1,1,1,1,1,1,1,1,1,1,1,1,1,1,0,1,1,1,1,1,1,1,1,1,1,1,1,1,1,1,1,1,1,1,1,1,1,1,1,1,1,1,1,1,1,1,1,1,0,1,1,1,1,1,1,0,1,1,1,1,1,1,1,1,1,1,1,1,1,1,1,1,1,1,1,1,2,-17.026906506727897,240.001,5.247655338940148e-08,5.247655338940148e-08,25.773440460754365,25.773440460754365,22.101575744772923,22.101575744772923
1,1,1,1,1,1,1,1,1,1,1,1,1,1,1,1,1,1,0,1,1,1,1,1,1,1,1,1,1,1,1,1,1,1,1,1,1,1,1,1,1,1,1,1,1,1,1,1,1,1,1,1,0,1,1,1,1,1,1,0,1,1,1,1,1,1,1,1,1,1,1,1,1,1,1,1,1,1,1,1,3,-17.02780450195583,240.001,5.248305286069041e-08,5.248305286069041e-08,25.77200460441576,25.77200460441576,21.957392090995796,21.957392090995796
1,1,1,1,1,1,1,1,1,1,1,1,1,1,1,1,1,1,0,1,1,1,1,1,1,1,1,1,1,1,1,1,1,1,1,1,1,1,1,1,1,1,1,1,1,1,1,1,1,1,1,1,0,1,1,1,1,1,1,0,1,1,1,1,1,1,1,1,1,1,1,1,1,1,1,1,1,1,1,1,4,-17.02839009396909,240.001,5.249205853516417e-08,5.249205853516417e-08,25.7706738615401,25.7706738615401,21.86586749561329,21.86586749561329
1,1,1,1,1,1,1,1,1,1,1,1,1,1,1,1,1,1,0,1,1,1,1,1,1,1,1,1,1,1,1,1,1,1,1,1,1,1,1,1,1,1,1,1,1,1,1,1,1,1,1,1,0,1,1,1,1,1,1,0,1,1,1,1,1,1,1,1,1,1,1,1,1,1,1,1,1,1,1,1,5,-17.028819680518033,240.001,5.2502315122510717e-08,5.2502315122510717e-08,25.769395776324657,25.769395776324657,21.79992360803711,21.79992360803711
1,1,1,1,1,1,1,1,1,1,1,1,1,1,1,1,1,1,0,1,1,1,1,1,1,1,1,1,1,1,1,1,1,1,1,1,1,1,1,1,1,1,1,1,1,1,1,1,1,1,1,1,0,1,1,1,1,1,1,0,1,1,1,1,1,1,1,1,1,1,1,1,1,1,1,1,1,1,1,1,6,-17.02915506849614,240.001,5.251332674820605e-08,5.251332674820605e-08,25.768149611969125,25.768149611969125,21.749122398425435,21.749122398425435
1,1,1,1,1,1,1,1,1,1,1,1,1,1,1,1,1,1,0,1,1,1,1,1,1,1,1,1,1,1,1,1,1,1,1,1,1,1,1,1,1,1,1,1,1,1,1,1,1,1,1,1,0,1,1,1,1,1,1,0,1,1,1,1,1,1,1,1,1,1,1,1,1,1,1,1,1,1,1,1,7,-17.029426822690205,240.001,5.2524848278400155e-08,5.2524848278400155e-08,25.766925111403527,25.766925111403527,21.7083883761217,21.7083883761217
1,1,1,1,1,1,1,1,1,1,1,1,1,1,1,1,1,1,0,1,1,1,1,1,1,1,1,1,1,1,1,1,1,1,1,1,1,1,1,1,1,1,1,1,1,1,1,1,1,1,1,1,0,1,1,1,1,1,1,0,1,1,1,1,1,1,1,1,1,1,1,1,1,1,1,1,1,1,1,1,8,-17.029652098318802,240.001,5.253674217461856e-08,5.253674217461856e-08,25.76571651665787,25.76571651665787,21.674906496979137,21.674906496979137
1,1,1,1,1,1,1,1,1,1,1,1,1,1,1,1,1,1,0,1,1,1,1,1,1,1,1,1,1,1,1,1,1,1,1,1,1,1,1,1,1,1,1,1,1,1,1,1,1,1,1,1,0,1,1,1,1,1,1,0,1,1,1,1,1,1,1,1,1,1,1,1,1,1,1,1,1,1,1,1,9,-17.02984124091281,240.001,5.254892552922773e-08,5.254892552922773e-08,25.76452035496846,25.76452035496846,21.646991591304502,21.646991591304502
1,1,1,1,1,1,1,1,1,1,1,1,1,1,1,1,1,1,0,1,1,1,1,1,1,1,1,1,1,1,1,1,1,1,1,1,1,1,1,1,1,1,1,1,1,1,1,1,1,1,1,1,0,1,1,1,1,1,1,0,1,1,1,1,1,1,1,1,1,1,1,1,1,1,1,1,1,1,1,1,10,-17.03000063440892,240.001,5.2561347216158644e-08,5.2561347216158644e-08,25.763334483284403,25.763334483284403,21.623604835182007,21.623604835182007
1,1,1,1,1,1,1,1,1,1,1,1,1,1,1,1,1,1,0,1,1,1,1,1,1,1,1,1,1,1,1,1,1,1,1,1,1,1,1,1,1,1,1,1,1,1,1,1,1,1,1,1,0,1,1,1,1,1,1,0,1,1,1,1,1,1,1,1,1,1,1,1,1,1,1,1,1,1,1,1,11,-17.030133993741334,240.001,5.2573977526962444e-08,5.2573977526962444e-08,25.76215765462774,25.76215765462774,21.60413354632705,21.60413354632705
1,1,1,1,1,1,1,1,1,1,1,1,1,1,1,1,1,1,0,1,1,1,1,1,1,1,1,1,1,1,1,1,1,1,1,1,1,1,1,1,1,1,1,1,1,1,1,1,1,1,1,1,0,1,1,1,1,1,1,0,1,1,1,1,1,1,1,1,1,1,1,1,1,1,1,1,1,1,1,1,12,-17.03024283277729,240.001,5.2586804428488216e-08,5.2586804428488216e-08,25.76098936120649,25.76098936120649,21.58830637573327,21.58830637573327
1,1,1,1,1,1,1,1,1,1,1,1,1,1,1,1,1,1,0,1,1,1,1,1,1,1,1,1,1,1,1,1,1,1,1,1,1,1,1,1,1,1,1,1,1,1,1,1,1,1,1,1,0,1,1,1,1,1,1,0,1,1,1,1,1,1,1,1,1,1,1,1,1,1,1,1,1,1,1,1,13,-17.030326262651844,240.001,5.259983520334307e-08,5.259983520334307e-08,25.75982990234895,25.75982990234895,21.576212824047563,21.576212824047563
1,1,1,1,1,1,1,1,1,1,1,1,1,1,1,1,1,1,0,1,1,1,1,1,1,1,1,1,1,1,1,1,1,1,1,1,1,1,1,1,1,1,1,1,1,1,1,1,1,1,1,1,0,1,1,1,1,1,1,0,1,1,1,1,1,1,1,1,1,1,1,1,1,1,1,1,1,1,1,1,14,-17.030379803847254,240.001,5.2613106029051156e-08,5.2613106029051156e-08,25.758680783682102,25.758680783682102,21.568469357646734,21.568469357646734
1,1,1,1,1,1,1,1,1,1,1,1,1,1,1,1,1,1,0,1,1,1,1,1,1,1,1,1,1,1,1,1,1,1,1,1,1,1,1,1,1,1,1,1,1,1,1,1,1,1,1,1,0,1,1,1,1,1,1,0,1,1,1,1,1,1,1,1,1,1,1,1,1,1,1,1,1,1,1,1,15,-17.030391868273792,240.001,5.262671032472623e-08,5.262671032472623e-08,25.757545898866958,25.757545898866958,21.566726415175644,21.566726415175644
1,1,1,1,1,1,1,1,1,1,1,1,1,1,1,1,1,1,0,1,1,1,1,1,1,1,1,1,1,1,1,1,1,1,1,1,1,1,1,1,1,1,1,1,1,1,1,1,1,1,1,1,0,1,1,1,1,1,1,0,1,1,1,1,1,1,1,1,1,1,1,1,1,1,1,1,1,1,1,1,16,-17.030332697881313,240.001,5.264088787584933e-08,5.264088787584933e-08,25.756435244477238,25.756435244477238,21.575281395175914,21.575281395175914
1,1,1,1,1,1,1,1,1,1,1,1,1,1,1,1,1,1,0,1,1,1,1,1,1,1,1,1,1,1,1,1,1,1,1,1,1,1,1,1,1,1,1,1,1,1,1,1,1,1,1,1,0,1,1,1,1,1,1,0,1,1,1,1,1,1,1,1,1,1,1,1,1,1,1,1,1,1,1,1,17,-17.030109049866667,240.001,5.265639000417721e-08,5.265639000417721e-08,25.755380134108997,25.755380134108997,21.607768921011182,21.607768921011182
1,1,1,1,1,1,1,1,1,1,1,1,1,1,1,1,1,1,0,1,1,1,1,1,1,1,1,1,1,1,1,1,1,1,1,1,1,1,1,1,1,1,1,1,1,1,1,1,1,1,1,1,0,1,1,1,1,1,1,0,1,1,1,1,1,1,1,1,1,1,1,1,1,1,1,1,1,1,1,1,18,-17.02923085502007,240.001,5.2677166911682375e-08,5.2677166911682375e-08,25.75454504846612,25.75454504846612,21.737724323812703,21.737724323812703
1,1,1,1,1,1,1,1,1,1,1,1,1,1,1,1,1,1,0,1,1,1,1,1,1,1,1,1,1,1,1,1,1,1,1,1,1,1,1,1,1,1,1,1,1,1,1,1,1,1,1,1,0,1,1,1,1,1,1,0,1,1,1,1,1,1,1,1,1,1,1,1,1,1,1,1,1,1,1,1,20,-17.02937060497559,240.001,5.270344850316663e-08,5.270344850316663e-08,25.752239065119582,25.752239065119582,21.716783934886628,21.716783934886628
1,1,1,1,1,1,1,1,1,1,1,1,1,1,1,1,1,1,0,1,1,1,1,1,1,1,1,1,1,1,1,1,1,1,1,1,1,1,1,1,1,1,1,1,1,1,1,1,1,1,1,1,0,1,1,1,1,1,1,0,1,1,1,1,1,1,1,1,1,1,1,1,1,1,1,1,1,1,1,1,21,-17.03038960522376,240.001,5.2708937223829186e-08,5.2708937223829186e-08,25.750767799023873,25.750767799023873,21.567053304106768,21.567053304106768
1,1,1,1,1,1,1,1,1,1,1,1,1,1,1,1,1,1,0,1,1,1,1,1,1,1,1,1,1,1,1,1,1,1,1,1,1,1,1,1,1,1,1,1,1,1,1,1,1,1,1,1,0,1,1,1,1,1,1,0,1,1,1,1,1,1,1,1,1,1,1,1,1,1,1,1,1,1,1,1,22,-17.030756332883325,240.001,5.2719682658045546e-08,5.2719682658045546e-08,25.74951579319084,25.74951579319084,21.514397187303654,21.514397187303654
1,1,1,1,1,1,1,1,1,1,1,1,1,1,1,1,1,1,0,1,1,1,1,1,1,1,1,1,1,1,1,1,1,1,1,1,1,1,1,1,1,1,1,1,1,1,1,1,1,1,1,1,0,1,1,1,1,1,1,0,1,1,1,1,1,1,1,1,1,1,1,1,1,1,1,1,1,1,1,1,23,-17.0309621004427,240.001,5.273172458071366e-08,5.273172458071366e-08,25.74831814876118,25.74831814876118,21.485127623741782,21.485127623741782
1,1,1,1,1,1,1,1,1,1,1,1,1,1,1,1,1,1,0,1,1,1,1,1,1,1,1,1,1,1,1,1,1,1,1,1,1,1,1,1,1,1,1,1,1,1,1,1,1,1,1,1,0,1,1,1,1,1,1,0,1,1,1,1,1,1,1,1,1,1,1,1,1,1,1,1,1,1,1,1,24,-17.031101534773146,240.001,5.2744300595954364e-08,5.2744300595954364e-08,25.747143086848045,25.747143086848045,21.46540443516603,21.46540443516603
1,1,1,1,1,1,1,1,1,1,1,1,1,1,1,1,1,1,0,1,1,1,1,1,1,1,1,1,1,1,1,1,1,1,1,1,1,1,1,1,1,1,1,1,1,1,1,1,1,1,1,1,0,1,1,1,1,1,1,0,1,1,1,1,1,1,1,1,1,1,1,1,1,1,1,1,1,1,1,1,25,-17.03120598597955,240.001,5.2757158186298793e-08,5.2757158186298793e-08,25.74598007576403,25.74598007576403,21.45068770809129,21.45068770809129
1,1,1,1,1,1,1,1,1,1,1,1,1,1,1,1,1,1,0,1,1,1,1,1,1,1,1,1,1,1,1,1,1,1,1,1,1,1,1,1,1,1,1,1,1,1,1,1,1,1,1,1,0,1,1,1,1,1,1,0,1,1,1,1,1,1,1,1,1,1,1,1,1,1,1,1,1,1,1,1,26,-17.0312889329759,240.001,5.277018880868069e-08,5.277018880868069e-08,25.744824586419917,25.744824586419917,21.43903600349831,21.43903600349831
1,1,1,1,1,1,1,1,1,1,1,1,1,1,1,1,1,1,0,1,1,1,1,1,1,1,1,1,1,1,1,1,1,1,1,1,1,1,1,1,1,1,1,1,1,1,1,1,1,1,1,1,0,1,1,1,1,1,1,0,1,1,1,1,1,1,1,1,1,1,1,1,1,1,1,1,1,1,1,1,27,-17.031357172751306,240.001,5.278333774337731e-08,5.278333774337731e-08,25.743674334513273,25.743674334513273,21.42947346317088,21.42947346317088
1,1,1,1,1,1,1,1,1,1,1,1,1,1,1,1,1,1,0,1,1,1,1,1,1,1,1,1,1,1,1,1,1,1,1,1,1,1,1,1,1,1,1,1,1,1,1,1,1,1,1,1,0,1,1,1,1,1,1,0,1,1,1,1,1,1,1,1,1,1,1,1,1,1,1,1,1,1,1,1,28,-17.031414526613517,240.001,5.279657423722132e-08,5.279657423722132e-08,25.742528035574587,25.742528035574587,21.42145251904592,21.42145251904592
1,1,1,1,1,1,1,1,1,1,1,1,1,1,1,1,1,1,0,1,1,1,1,1,1,1,1,1,1,1,1,1,1,1,1,1,1,1,1,1,1,1,1,1,1,1,1,1,1,1,1,1,0,1,1,1,1,1,1,0,1,1,1,1,1,1,1,1,1,1,1,1,1,1,1,1,1,1,1,1,29,-17.031463318197098,240.001,5.280987959836718e-08,5.280987959836718e-08,25.741384908418496,25.741384908418496,21.414640569604227,21.414640569604227
1,1,1,1,1,1,1,1,1,1,1,1,1,1,1,1,1,1,0,1,1,1,1,1,1,1,1,1,1,1,1,1,1,1,1,1,1,1,1,1,1,1,1,1,1,1,1,1,1,1,1,1,0,1,1,1,1,1,1,0,1,1,1,1,1,1,1,1,1,1,1,1,1,1,1,1,1,1,1,1,30,-17.031505044313317,240.001,5.282324179319957e-08,5.282324179319957e-08,25.740244449738793,25.740244449738793,21.408823455934055,21.408823455934055
1,1,1,1,1,1,1,1,1,1,1,1,1,1,1,1,1,1,0,1,1,1,1,1,1,1,1,1,1,1,1,1,1,1,1,1,1,1,1,1,1,1,1,1,1,1,1,1,1,1,1,1,0,1,1,1,1,1,1,0,1,1,1,1,1,1,1,1,1,1,1,1,1,1,1,1,1,1,1,1,31,-17.03154071001357,240.001,5.283665274799006e-08,5.283665274799006e-08,25.73910632151591,25.73910632151591,21.403857360511672,21.403857360511672
1,1,1,1,1,1,1,1,1,1,1,1,1,1,1,1,1,1,0,1,1,1,1,1,1,1,1,1,1,1,1,1,1,1,1,1,1,1,1,1,1,1,1,1,1,1,1,1,1,1,1,1,0,1,1,1,1,1,1,0,1,1,1,1,1,1,1,1,1,1,1,1,1,1,1,1,1,1,1,1,32,-17.031571008569728,240.001,5.285010689967007e-08,5.285010689967007e-08,25.737970290532274,25.737970290532274,21.39964301128863,21.39964301128863
1,1,1,1,1,1,1,1,1,1,1,1,1,1,1,1,1,1,0,1,1,1,1,1,1,1,1,1,1,1,1,1,1,1,1,1,1,1,1,1,1,1,1,1,1,1,1,1,1,1,1,1,0,1,1,1,1,1,1,0,1,1,1,1,1,1,1,1,1,1,1,1,1,1,1,1,1,1,1,1,33,-17.03159642359676,240.001,5.2863600373687895e-08,5.2863600373687895e-08,25.736836194050273,25.736836194050273,21.396111060537667,21.396111060537667
1,1,1,1,1,1,1,1,1,1,1,1,1,1,1,1,1,1,0,1,1,1,1,1,1,1,1,1,1,1,1,1,1,1,1,1,1,1,1,1,1,1,1,1,1,1,1,1,1,1,1,1,0,1,1,1,1,1,1,0,1,1,1,1,1,1,1,1,1,1,1,1,1,1,1,1,1,1,1,1,34,-17.031617289211937,240.001,5.287713049985584e-08,5.287713049985584e-08,25.735703919592403,25.735703919592403,21.39321347611716,21.39321347611716
1,1,1,1,1,1,1,1,1,1,1,1,1,1,1,1,1,1,0,1,1,1,1,1,1,1,1,1,1,1,1,1,1,1,1,1,1,1,1,1,1,1,1,1,1,1,1,1,1,1,1,1,0,1,1,1,1,1,1,0,1,1,1,1,1,1,1,1,1,1,1,1,1,1,1,1,1,1,1,1,35,-17.03163382601974,240.001,5.289069552293077e-08,5.289069552293077e-08,25.73457339284605,25.73457339284605,21.390918390861987,21.390918390861987
1,1,1,1,1,1,1,1,1,1,1,1,1,1,1,1,1,1,0,1,1,1,1,1,1,1,1,1,1,1,1,1,1,1,1,1,1,1,1,1,1,1,1,1,1,1,1,1,1,1,1,1,0,1,1,1,1,1,1,0,1,1,1,1,1,1,1,1,1,1,1,1,1,1,1,1,1,1,1,1,36,-17.03164616212503,240.001,5.290429443383998e-08,5.290429443383998e-08,25.7334445706004,25.7334445706004,21.38920709012193,21.38920709012193
1,1,1,1,1,1,1,1,1,1,1,1,1,1,1,1,1,1,0,1,1,1,1,1,1,1,1,1,1,1,1,1,1,1,1,1,1,1,1,1,1,1,1,1,1,1,1,1,1,1,1,1,0,1,1,1,1,1,1,0,1,1,1,1,1,1,1,1,1,1,1,1,1,1,1,1,1,1,1,1,37,-17.03165434397242,240.001,5.2917926882950275e-08,5.2917926882950275e-08,25.73231743710325,25.73231743710325,21.388072449374814,21.388072449374814
1,1,1,1,1,1,1,1,1,1,1,1,1,1,1,1,1,1,0,1,1,1,1,1,1,1,1,1,1,1,1,1,1,1,1,1,1,1,1,1,1,1,1,1,1,1,1,1,1,1,1,1,0,1,1,1,1,1,1,0,1,1,1,1,1,1,1,1,1,1,1,1,1,1,1,1,1,1,1,1,38,-17.031658339313744,240.001,5.293159315689887e-08,5.293159315689887e-08,25.7311920030639,25.7311920030639,21.387518491082133,21.387518491082133
1,1,1,1,1,1,1,1,1,1,1,1,1,1,1,1,1,1,0,1,1,1,1,1,1,1,1,1,1,1,1,1,1,1,1,1,1,1,1,1,1,1,1,1,1,1,1,1,1,1,1,1,0,1,1,1,1,1,1,0,1,1,1,1,1,1,1,1,1,1,1,1,1,1,1,1,1,1,1,1,39,-17.031658032945202,240.001,5.294529421390665e-08,5.294529421390665e-08,25.73006830708675,25.73006830708675,21.387560966920702,21.387560966920702
1,1,1,1,1,1,1,1,1,1,1,1,1,1,1,1,1,1,0,1,1,1,1,1,1,1,1,1,1,1,1,1,1,1,1,1,1,1,1,1,1,1,1,1,1,1,1,1,1,1,1,1,0,1,1,1,1,1,1,0,1,1,1,1,1,1,1,1,1,1,1,1,1,1,1,1,1,1,1,1,40,-17.031653214425482,240.001,5.2959031784065e-08,5.2959031784065e-08,25.728946419800685,25.728946419800685,21.38822907497063,21.38822907497063
1,1,1,1,1,1,1,1,1,1,1,1,1,1,1,1,1,1,0,1,1,1,1,1,1,1,1,1,1,1,1,1,1,1,1,1,1,1,1,1,1,1,1,1,1,1,1,1,1,1,1,1,0,1,1,1,1,1,1,0,1,1,1,1,1,1,1,1,1,1,1,1,1,1,1,1,1,1,1,1,41,-17.031643555304004,240.001,5.2972808554722306e-08,5.2972808554722306e-08,25.72782645151467,25.72782645151467,21.38956866020422,21.38956866020422
1,1,1,1,1,1,1,1,1,1,1,1,1,1,1,1,1,1,0,1,1,1,1,1,1,1,1,1,1,1,1,1,1,1,1,1,1,1,1,1,1,1,1,1,1,1,1,1,1,1,1,1,0,1,1,1,1,1,1,0,1,1,1,1,1,1,1,1,1,1,1,1,1,1,1,1,1,1,1,1,42,-17.03162857084464,240.001,5.298662848174797e-08,5.298662848174797e-08,25.72670856508505,25.72670856508505,21.39164760756888,21.39164760756888
1,1,1,1,1,1,1,1,1,1,1,1,1,1,1,1,1,1,0,1,1,1,1,1,1,1,1,1,1,1,1,1,1,1,1,1,1,1,1,1,1,1,1,1,1,1,1,1,1,1,1,1,0,1,1,1,1,1,1,0,1,1,1,1,1,1,1,1,1,1,1,1,1,1,1,1,1,1,1,1,43,-17.031607556740937,240.001,5.300049730391253e-08,5.300049730391253e-08,25.72559299718857,25.72559299718857,21.394564774544804,21.394564774544804
1,1,1,1,1,1,1,1,1,1,1,1,1,1,1,1,1,1,0,1,1,1,1,1,1,1,1,1,1,1,1,1,1,1,1,1,1,1,1,1,1,1,1,1,1,1,1,1,1,1,1,1,0,1,1,1,1,1,1,0,1,1,1,1,1,1,1,1,1,1,1,1,1,1,1,1,1,1,1,1,44,-17.03157948259094,240.001,5.3014423408532295e-08,5.3014423408532295e-08,25.724480094128023,25.724480094128023,21.398465051479427,21.398465051479427
1,1,1,1,1,1,1,1,1,1,1,1,1,1,1,1,1,1,0,1,1,1,1,1,1,1,1,1,1,1,1,1,1,1,1,1,1,1,1,1,1,1,1,1,1,1,1,1,1,1,1,1,0,1,1,1,1,1,1,0,1,1,1,1,1,1,1,1,1,1,1,1,1,1,1,1,1,1,1,1,45,-17.0315428055612,240.001,5.302841934552947e-08,5.302841934552947e-08,25.723370374459144,25.723370374459144,21.40356575154872,21.40356575154872
1,1,1,1,1,1,1,1,1,1,1,1,1,1,1,1,1,1,0,1,1,1,1,1,1,1,1,1,1,1,1,1,1,1,1,1,1,1,1,1,1,1,1,1,1,1,1,1,1,1,1,1,0,1,1,1,1,1,1,0,1,1,1,1,1,1,1,1,1,1,1,1,1,1,1,1,1,1,1,1,46,-17.031495125948727,240.001,5.304250462607358e-08,5.304250462607358e-08,25.722264644744488,25.722264644744488,21.41020549246438,21.41020549246438
1,1,1,1,1,1,1,1,1,1,1,1,1,1,1,1,1,1,0,1,1,1,1,1,1,1,1,1,1,1,1,1,1,1,1,1,1,1,1,1,1,1,1,1,1,1,1,1,1,1,1,1,0,1,1,1,1,1,1,0,1,1,1,1,1,1,1,1,1,1,1,1,1,1,1,1,1,1,1,1,47,-17.031432502206926,240.001,5.3056711288263127e-08,5.3056711288263127e-08,25.72116422972509,25.72116422972509,21.418941654465886,21.418941654465886
1,1,1,1,1,1,1,1,1,1,1,1,1,1,1,1,1,1,0,1,1,1,1,1,1,1,1,1,1,1,1,1,1,1,1,1,1,1,1,1,1,1,1,1,1,1,1,1,1,1,1,1,0,1,1,1,1,1,1,0,1,1,1,1,1,1,1,1,1,1,1,1,1,1,1,1,1,1,1,1,48,-17.03134795117254,240.001,5.3071096083979105e-08,5.3071096083979105e-08,25.720071476225314,25.720071476225314,21.4307644756243,21.4307644756243
1,1,1,1,1,1,1,1,1,1,1,1,1,1,1,1,1,1,0,1,1,1,1,1,1,1,1,1,1,1,1,1,1,1,1,1,1,1,1,1,1,1,1,1,1,1,1,1,1,1,1,1,0,1,1,1,1,1,1,0,1,1,1,1,1,1,1,1,1,1,1,1,1,1,1,1,1,1,1,1,49,-17.0312277074475,240.001,5.308577087683768e-08,5.308577087683768e-08,25.718991009758987,25.718991009758987,21.447633455819005,21.447633455819005
1,1,1,1,1,1,1,1,1,1,1,1,1,1,1,1,1,1,0,1,1,1,1,1,1,1,1,1,1,1,1,1,1,1,1,1,1,1,1,1,1,1,1,1,1,1,1,1,1,1,1,1,0,1,1,1,1,1,1,0,1,1,1,1,1,1,1,1,1,1,1,1,1,1,1,1,1,1,1,1,50,-17.03103997844288,240.001,5.3100994034758915e-08,5.3100994034758915e-08,25.717933511350736,25.717933511350736,21.474100704485693,21.474100704485693
1,1,1,1,1,1,1,1,1,1,1,1,1,1,1,1,1,1,0,1,1,1,1,1,1,1,1,1,1,1,1,1,1,1,1,1,1,1,1,1,1,1,1,1,1,1,1,1,1,1,1,1,0,1,1,1,1,1,1,0,1,1,1,1,1,1,1,1,1,1,1,1,1,1,1,1,1,1,1,1,51,-17.030689447174687,240.001,5.311754027635205e-08,5.311754027635205e-08,25.716930994109106,25.716930994109106,21.523953736068798,21.523953736068798
1,1,1,1,1,1,1,1,1,1,1,1,1,1,1,1,1,1,0,1,1,1,1,1,1,1,1,1,1,1,1,1,1,1,1,1,1,1,1,1,1,1,1,1,1,1,1,1,1,1,1,1,0,1,1,1,1,1,1,0,1,1,1,1,1,1,1,1,1,1,1,1,1,1,1,1,1,1,1,1,52,-17.02968372954766,240.001,5.313941316892269e-08,5.313941316892269e-08,25.716148729609248,25.716148729609248,21.67022572542484,21.67022572542484
1,1,1,1,1,1,1,1,1,1,1,1,1,1,1,1,1,1,0,1,1,1,1,1,1,1,1,1,1,1,1,1,1,1,1,1,1,1,1,1,1,1,1,1,1,1,1,1,1,1,1,1,0,1,1,1,1,1,1,0,1,1,1,1,1,1,1,1,1,1,1,1,1,1,1,1,1,1,1,1,54,-17.029552426316496,240.001,5.316788558103848e-08,5.316788558103848e-08,25.7139536804809,25.7139536804809,21.689688761258967,21.689688761258967
1,1,1,1,1,1,1,1,1,1,1,1,1,1,1,1,1,1,0,1,1,1,1,1,1,1,1,1,1,1,1,1,1,1,1,1,1,1,1,1,1,1,1,1,1,1,1,1,1,1,1,1,0,1,1,1,1,1,1,0,1,1,1,1,1,1,1,1,1,1,1,1,1,1,1,1,1,1,1,1,55,-17.030416333823737,240.001,5.317456216949729e-08,5.317456216949729e-08,25.712544439366845,25.712544439366845,21.563194019029233,21.563194019029233
1,1,1,1,1,1,1,1,1,1,1,1,1,1,1,1,1,1,0,1,1,1,1,1,1,1,1,1,1,1,1,1,1,1,1,1,1,1,1,1,1,1,1,1,1,1,1,1,1,1,1,1,0,1,1,1,1,1,1,0,1,1,1,1,1,1,1,1,1,1,1,1,1,1,1,1,1,1,1,1,56,-17.030598742794343,240.001,5.318677977641319e-08,5.318677977641319e-08,25.7113642920842,25.7113642920842,21.536946918643046,21.536946918643046
1,1,1,1,1,1,1,1,1,1,1,1,1,1,1,1,1,1,0,1,1,1,1,1,1,1,1,1,1,1,1,1,1,1,1,1,1,1,1,1,1,1,1,1,1,1,1,1,1,1,1,1,0,1,1,1,1,1,1,0,1,1,1,1,1,1,1,1,1,1,1,1,1,1,1,1,1,1,1,1,57,-17.030559250305256,240.001,5.320080169297662e-08,5.320080169297662e-08,25.710258981591522,25.710258981591522,21.542616206802414,21.542616206802414
1,1,1,1,1,1,1,1,1,1,1,1,1,1,1,1,1,1,0,1,1,1,1,1,1,1,1,1,1,1,1,1,1,1,1,1,1,1,1,1,1,1,1,1,1,1,1,1,1,1,1,1,0,1,1,1,1,1,1,0,1,1,1,1,1,1,1,1,1,1,1,1,1,1,1,1,1,1,1,1,58,-17.030297605928904,240.001,5.3216631411837654e-08,5.3216631411837654e-08,25.709228589616018,25.709228589616018,21.58036298072005,21.58036298072005
1,1,1,1,1,1,1,1,1,1,1,1,1,1,1,1,1,1,0,1,1,1,1,1,1,1,1,1,1,1,1,1,1,1,1,1,1,1,1,1,1,1,1,1,1,1,1,1,1,1,1,1,0,1,1,1,1,1,1,0,1,1,1,1,1,1,1,1,1,1,1,1,1,1,1,1,1,1,1,1,59,-17.029353670210874,240.001,5.3238017998162934e-08,5.3238017998162934e-08,25.7084275425448,25.7084275425448,21.71931613706675,21.71931613706675
1,1,1,1,1,1,1,1,1,1,1,1,1,1,1,1,1,1,0,1,1,1,1,1,1,1,1,1,1,1,1,1,1,1,1,1,1,1,1,1,1,1,1,1,1,1,1,1,1,1,1,1,0,1,1,1,1,1,1,0,1,1,1,1,1,1,1,1,1,1,1,1,1,1,1,1,1,1,1,1,61,-17.029320839725294,240.001,5.326569213415492e-08,5.326569213415492e-08,25.706203414130396,25.706203414130396,21.724229357884475,21.724229357884475
1,1,1,1,1,1,1,1,1,1,1,1,1,1,1,1,1,1,0,1,1,1,1,1,1,1,1,1,1,1,1,1,1,1,1,1,1,1,1,1,1,1,1,1,1,1,1,1,1,1,1,1,0,1,1,1,1,1,1,0,1,1,1,1,1,1,1,1,1,1,1,1,1,1,1,1,1,1,1,1,62,-17.030241419845968,240.001,5.3271894627496336e-08,5.3271894627496336e-08,25.704777151702256,25.704777151702256,21.588511475023328,21.588511475023328
1,1,1,1,1,1,1,1,1,1,1,1,1,1,1,1,1,1,0,1,1,1,1,1,1,1,1,1,1,1,1,1,1,1,1,1,1,1,1,1,1,1,1,1,1,1,1,1,1,1,1,1,0,1,1,1,1,1,1,0,1,1,1,1,1,1,1,1,1,1,1,1,1,1,1,1,1,1,1,1,63,-17.030503777436575,240.001,5.328345870742415e-08,5.328345870742415e-08,25.703572144875643,25.703572144875643,21.55059196766933,21.55059196766933
1,1,1,1,1,1,1,1,1,1,1,1,1,1,1,1,1,1,0,1,1,1,1,1,1,1,1,1,1,1,1,1,1,1,1,1,1,1,1,1,1,1,1,1,1,1,1,1,1,1,1,1,0,1,1,1,1,1,1,0,1,1,1,1,1,1,1,1,1,1,1,1,1,1,1,1,1,1,1,1,64,-17.030599639779965,240.001,5.329637861558772e-08,5.329637861558772e-08,25.70242335451312,25.70242335451312,21.536818238463198,21.536818238463198
1,1,1,1,1,1,1,1,1,1,1,1,1,1,1,1,1,1,0,1,1,1,1,1,1,1,1,1,1,1,1,1,1,1,1,1,1,1,1,1,1,1,1,1,1,1,1,1,1,1,1,1,0,1,1,1,1,1,1,0,1,1,1,1,1,1,1,1,1,1,1,1,1,1,1,1,1,1,1,1,65,-17.03062351971878,240.001,5.330988480280085e-08,5.330988480280085e-08,25.701299039680233,25.701299039680233,21.533393850507853,21.533393850507853
1,1,1,1,1,1,1,1,1,1,1,1,1,1,1,1,1,1,0,1,1,1,1,1,1,1,1,1,1,1,1,1,1,1,1,1,1,1,1,1,1,1,1,1,1,1,1,1,1,1,1,1,0,1,1,1,1,1,1,0,1,1,1,1,1,1,1,1,1,1,1,1,1,1,1,1,1,1,1,1,66,-17.030606262340374,240.001,5.332372621928383e-08,5.332372621928383e-08,25.700188838131496,25.700188838131496,21.53586829327129,21.53586829327129
1,1,1,1,1,1,1,1,1,1,1,1,1,1,1,1,1,1,0,1,1,1,1,1,1,1,1,1,1,1,1,1,1,1,1,1,1,1,1,1,1,1,1,1,1,1,1,1,1,1,1,1,0,1,1,1,1,1,1,0,1,1,1,1,1,1,1,1,1,1,1,1,1,1,1,1,1,1,1,1,67,-17.03056050334686,240.001,5.3337800086020735e-08,5.3337800086020735e-08,25.699088503887815,25.699088503887815,21.542436215259798,21.542436215259798
1,1,1,1,1,1,1,1,1,1,1,1,1,1,1,1,1,1,0,1,1,1,1,1,1,1,1,1,1,1,1,1,1,1,1,1,1,1,1,1,1,1,1,1,1,1,1,1,1,1,1,1,0,1,1,1,1,1,1,0,1,1,1,1,1,1,1,1,1,1,1,1,1,1,1,1,1,1,1,1,68,-17.030491855119735,240.001,5.335206081340217e-08,5.335206081340217e-08,25.697996150461293,25.697996150461293,21.552308031500885,21.552308031500885
1,1,1,1,1,1,1,1,1,1,1,1,1,1,1,1,1,1,0,1,1,1,1,1,1,1,1,1,1,1,1,1,1,1,1,1,1,1,1,1,1,1,1,1,1,1,1,1,1,1,1,1,0,1,1,1,1,1,1,0,1,1,1,1,1,1,1,1,1,1,1,1,1,1,1,1,1,1,1,1,69,-17.03040256302129,240.001,5.336649023811341e-08,5.336649023811341e-08,25.69691102264763,25.69691102264763,21.565181930257154,21.565181930257154
1,1,1,1,1,1,1,1,1,1,1,1,1,1,1,1,1,1,0,1,1,1,1,1,1,1,1,1,1,1,1,1,1,1,1,1,1,1,1,1,1,1,1,1,1,1,1,1,1,1,1,1,0,1,1,1,1,1,1,0,1,1,1,1,1,1,1,1,1,1,1,1,1,1,1,1,1,1,1,1,70,-17.030292882419396,240.001,5.338108642031694e-08,5.338108642031694e-08,25.695833033866148,25.695833033866148,21.5810474324699,21.5810474324699
1,1,1,1,1,1,1,1,1,1,1,1,1,1,1,1,1,1,0,1,1,1,1,1,1,1,1,1,1,1,1,1,1,1,1,1,1,1,1,1,1,1,1,1,1,1,1,1,1,1,1,1,0,1,1,1,1,1,1,0,1,1,1,1,1,1,1,1,1,1,1,1,1,1,1,1,1,1,1,1,71,-17.03016157954167,240.001,5.339585957741364e-08,5.339585957741364e-08,25.694762597812613,25.694762597812613,21.600116647795737,21.600116647795737
1,1,1,1,1,1,1,1,1,1,1,1,1,1,1,1,1,1,0,1,1,1,1,1,1,1,1,1,1,1,1,1,1,1,1,1,1,1,1,1,1,1,1,1,1,1,1,1,1,1,1,1,0,1,1,1,1,1,1,0,1,1,1,1,1,1,1,1,1,1,1,1,1,1,1,1,1,1,1,1,72,-17.03000598938129,240.001,5.341083162948008e-08,5.341083162948008e-08,25.693700608893565,25.693700608893565,21.622821302939958,21.622821302939958
1,1,1,1,1,1,1,1,1,1,1,1,1,1,1,1,1,1,0,1,1,1,1,1,1,1,1,1,1,1,1,1,1,1,1,1,1,1,1,1,1,1,1,1,1,1,1,1,1,1,1,1,0,1,1,1,1,1,1,0,1,1,1,1,1,1,1,1,1,1,1,1,1,1,1,1,1,1,1,1,73,-17.029821735964113,240.001,5.3426038503432845e-08,5.3426038503432845e-08,25.692648536034795,25.692648536034795,21.649862032369857,21.649862032369857
1,1,1,1,1,1,1,1,1,1,1,1,1,1,1,1,1,1,0,1,1,1,1,1,1,1,1,1,1,1,1,1,1,1,1,1,1,1,1,1,1,1,1,1,1,1,1,1,1,1,1,1,0,1,1,1,1,1,1,0,1,1,1,1,1,1,1,1,1,1,1,1,1,1,1,1,1,1,1,1,74,-17.029602038733714,240.001,5.344153582550063e-08,5.344153582550063e-08,25.69160865540956,25.69160865540956,21.682324541777362,21.682324541777362
1,1,1,1,1,1,1,1,1,1,1,1,1,1,1,1,1,1,0,1,1,1,1,1,1,1,1,1,1,1,1,1,1,1,1,1,1,1,1,1,1,1,1,1,1,1,1,1,1,1,1,1,0,1,1,1,1,1,1,0,1,1,1,1,1,1,1,1,1,1,1,1,1,1,1,1,1,1,1,1,75,-17.029336306051327,240.001,5.345741045555307e-08,5.345741045555307e-08,25.690584522377726,25.690584522377726,21.721914069011813,21.721914069011813
1,1,1,1,1,1,1,1,1,1,1,1,1,1,1,1,1,1,0,1,1,1,1,1,1,1,1,1,1,1,1,1,1,1,1,1,1,1,1,1,1,1,1,1,1,1,1,1,1,1,1,1,0,1,1,1,1,1,1,0,1,1,1,1,1,1,1,1,1,1,1,1,1,1,1,1,1,1,1,1,76,-17.02900722620061,240.001,5.3473804338461114e-08,5.3473804338461114e-08,25.68958194749069,25.68958194749069,21.771443345675973,21.771443345675973
1,1,1,1,1,1,1,1,1,1,1,1,1,1,1,1,1,1,0,1,1,1,1,1,1,1,1,1,1,1,1,1,1,1,1,1,1,1,1,1,1,1,1,1,1,1,1,1,1,1,1,1,0,1,1,1,1,1,1,0,1,1,1,1,1,1,1,1,1,1,1,1,1,1,1,1,1,1,1,1,77,-17.028584133584772,240.001,5.349096889554506e-08,5.349096889554506e-08,25.688611221886852,25.688611221886852,21.835958106760913,21.835958106760913
1,1,1,1,1,1,1,1,1,1,1,1,1,1,1,1,1,1,0,1,1,1,1,1,1,1,1,1,1,1,1,1,1,1,1,1,1,1,1,1,1,1,1,1,1,1,1,1,1,1,1,1,0,1,1,1,1,1,1,0,1,1,1,1,1,1,1,1,1,1,1,1,1,1,1,1,1,1,1,1,78,-17.0280051572612,240.001,5.350941140353667e-08,5.350941140353667e-08,25.687693104553343,25.687693104553343,21.925814535669204,21.925814535669204
1,1,1,1,1,1,1,1,1,1,1,1,1,1,1,1,1,1,0,1,1,1,1,1,1,1,1,1,1,1,1,1,1,1,1,1,1,1,1,1,1,1,1,1,1,1,1,1,1,1,1,1,0,1,1,1,1,1,1,0,1,1,1,1,1,1,1,1,1,1,1,1,1,1,1,1,1,1,1,1,79,-17.02711386423918,240.001,5.353041459881014e-08,5.353041459881014e-08,25.686880065222194,25.686880065222194,22.067857159491272,22.067857159491272
1,1,1,1,1,1,1,1,1,1,1,1,1,1,1,1,1,1,0,1,1,1,1,1,1,1,1,1,1,1,1,1,1,1,1,1,1,1,1,1,1,1,1,1,1,1,1,1,1,1,1,1,0,1,1,1,1,1,1,0,1,1,1,1,1,1,1,1,1,1,1,1,1,1,1,1,1,1,1,1,80,-17.025261755571645,240.001,5.3559298018336323e-08,5.3559298018336323e-08,25.686389482007137,25.686389482007137,22.378668497296538,22.378668497296538
1,1,1,1,1,1,1,1,1,1,1,1,1,1,1,1,1,1,1,1,1,1,1,1,1,1,1,1,1,1,1,1,1,1,1,1,1,1,1,1,1,1,1,1,1,1,1,1,1,1,1,1,0,1,1,1,1,1,1,0,1,1,1,1,1,1,1,1,1,1,1,1,1,1,1,1,1,1,1,1,1,-17.025149744122416,240.001,5.247694934064315e-08,5.247694934064315e-08,25.775164454669934,25.775164454669934,22.398194068776974,22.398194068776974
1,1,1,1,1,1,1,1,1,1,1,1,1,1,1,1,1,1,1,1,1,1,1,1,1,1,1,1,1,1,1,1,1,1,1,1,1,1,1,1,1,1,1,1,1,1,1,1,1,1,1,1,0,1,1,1,1,1,1,0,1,1,1,1,1,1,1,1,1,1,1,1,1,1,1,1,1,1,1,1,2,-17.027014592417803,240.001,5.2475686741319145e-08,5.2475686741319145e-08,25.773404099208594,25.773404099208594,22.08396737650841,22.08396737650841
1,1,1,1,1,1,1,1,1,1,1,1,1,1,1,1,1,1,1,1,1,1,1,1,1,1,1,1,1,1,1,1,1,1,1,1,1,1,1,1,1,1,1,1,1,1,1,1,1,1,1,1,0,1,1,1,1,1,1,0,1,1,1,1,1,1,1,1,1,1,1,1,1,1,1,1,1,1,1,1,3,-17.027919311476772,240.001,5.248213227465156e-08,5.248213227465156e-08,25.77196597356993,25.77196597356993,21.93929635699442,21.93929635699442
1,1,1,1,1,1,1,1,1,1,1,1,1,1,1,1,1,1,1,1,1,1,1,1,1,1,1,1,1,1,1,1,1,1,1,1,1,1,1,1,1,1,1,1,1,1,1,1,1,1,1,1,0,1,1,1,1,1,1,0,1,1,1,1,1,1,1,1,1,1,1,1,1,1,1,1,1,1,1,1,4,-17.028512539289938,240.001,5.24910766076351e-08,5.24910766076351e-08,25.770632657021775,25.770632657021775,21.84696988692961,21.84696988692961
1,1,1,1,1,1,1,1,1,1,1,1,1,1,1,1,1,1,1,1,1,1,1,1,1,1,1,1,1,1,1,1,1,1,1,1,1,1,1,1,1,1,1,1,1,1,1,1,1,1,1,1,0,1,1,1,1,1,1,0,1,1,1,1,1,1,1,1,1,1,1,1,1,1,1,1,1,1,1,1,5,-17.028950861297123,240.001,5.2501262971771213e-08,5.2501262971771213e-08,25.769351629391192,25.769351629391192,21.77998330760792,21.77998330760792
1,1,1,1,1,1,1,1,1,1,1,1,1,1,1,1,1,1,1,1,1,1,1,1,1,1,1,1,1,1,1,1,1,1,1,1,1,1,1,1,1,1,1,1,1,1,1,1,1,1,1,1,0,1,1,1,1,1,1,0,1,1,1,1,1,1,1,1,1,1,1,1,1,1,1,1,1,1,1,1,6,-17.02929633502237,240.001,5.251219348756852e-08,5.251219348756852e-08,25.768102069109364,25.768102069109364,21.727900192050086,21.727900192050086
1,1,1,1,1,1,1,1,1,1,1,1,1,1,1,1,1,1,1,1,1,1,1,1,1,1,1,1,1,1,1,1,1,1,1,1,1,1,1,1,1,1,1,1,1,1,1,1,1,1,1,1,0,1,1,1,1,1,1,0,1,1,1,1,1,1,1,1,1,1,1,1,1,1,1,1,1,1,1,1,7,-17.029579861346576,240.001,5.252362032160228e-08,5.252362032160228e-08,25.76687360585249,25.76687360585249,21.685614909490063,21.685614909490063
1,1,1,1,1,1,1,1,1,1,1,1,1,1,1,1,1,1,1,1,1,1,1,1,1,1,1,1,1,1,1,1,1,1,1,1,1,1,1,1,1,1,1,1,1,1,1,1,1,1,1,1,0,1,1,1,1,1,1,0,1,1,1,1,1,1,1,1,1,1,1,1,1,1,1,1,1,1,1,1,8,-17.02981905479313,240.001,5.253540224102927e-08,5.253540224102927e-08,25.765660327079413,25.765660327079413,21.650256753602704,21.650256753602704
1,1,1,1,1,1,1,1,1,1,1,1,1,1,1,1,1,1,1,1,1,1,1,1,1,1,1,1,1,1,1,1,1,1,1,1,1,1,1,1,1,1,1,1,1,1,1,1,1,1,1,1,0,1,1,1,1,1,1,0,1,1,1,1,1,1,1,1,1,1,1,1,1,1,1,1,1,1,1,1,9,-17.030024904630363,240.001,5.254745115744096e-08,5.254745115744096e-08,25.764458543507192,25.764458543507192,21.620054772803798,21.620054772803798
1,1,1,1,1,1,1,1,1,1,1,1,1,1,1,1,1,1,1,1,1,1,1,1,1,1,1,1,1,1,1,1,1,1,1,1,1,1,1,1,1,1,1,1,1,1,1,1,1,1,1,1,0,1,1,1,1,1,1,0,1,1,1,1,1,1,1,1,1,1,1,1,1,1,1,1,1,1,1,1,10,-17.030204725366097,240.001,5.255970845355639e-08,5.255970845355639e-08,25.763265799178082,25.763265799178082,21.593841370084625,21.593841370084625
1,1,1,1,1,1,1,1,1,1,1,1,1,1,1,1,1,1,1,1,1,1,1,1,1,1,1,1,1,1,1,1,1,1,1,1,1,1,1,1,1,1,1,1,1,1,1,1,1,1,1,1,0,1,1,1,1,1,1,0,1,1,1,1,1,1,1,1,1,1,1,1,1,1,1,1,1,1,1,1,11,-17.030363628837225,240.001,5.257213317400759e-08,5.257213317400759e-08,25.762080377485127,25.762080377485127,21.570807244857207,21.570807244857207
1,1,1,1,1,1,1,1,1,1,1,1,1,1,1,1,1,1,1,1,1,1,1,1,1,1,1,1,1,1,1,1,1,1,1,1,1,1,1,1,1,1,1,1,1,1,1,1,1,1,1,1,0,1,1,1,1,1,1,0,1,1,1,1,1,1,1,1,1,1,1,1,1,1,1,1,1,1,1,1,12,-17.030505325975984,240.001,5.258469559455226e-08,5.258469559455226e-08,25.760901032100072,25.760901032100072,21.550369124785274,21.550369124785274
1,1,1,1,1,1,1,1,1,1,1,1,1,1,1,1,1,1,1,1,1,1,1,1,1,1,1,1,1,1,1,1,1,1,1,1,1,1,1,1,1,1,1,1,1,1,1,1,1,1,1,1,0,1,1,1,1,1,1,0,1,1,1,1,1,1,1,1,1,1,1,1,1,1,1,1,1,1,1,1,13,-17.03063259398502,240.001,5.2597373475533496e-08,5.2597373475533496e-08,25.759726830173935,25.759726830173935,21.532093301628596,21.532093301628596
1,1,1,1,1,1,1,1,1,1,1,1,1,1,1,1,1,1,1,1,1,1,1,1,1,1,1,1,1,1,1,1,1,1,1,1,1,1,1,1,1,1,1,1,1,1,1,1,1,1,1,1,0,1,1,1,1,1,1,0,1,1,1,1,1,1,1,1,1,1,1,1,1,1,1,1,1,1,1,1,14,-17.030747563566166,240.001,5.261014975875892e-08,5.261014975875892e-08,25.758557055924697,25.758557055924697,21.51564894790372,21.51564894790372
1,1,1,1,1,1,1,1,1,1,1,1,1,1,1,1,1,1,1,1,1,1,1,1,1,1,1,1,1,1,1,1,1,1,1,1,1,1,1,1,1,1,1,1,1,1,1,1,1,1,1,1,0,1,1,1,1,1,1,0,1,1,1,1,1,1,1,1,1,1,1,1,1,1,1,1,1,1,1,1,15,-17.030851903412973,240.001,5.262301108836475e-08,5.262301108836475e-08,25.757391148704905,25.757391148704905,21.500778319569488,21.500778319569488
1,1,1,1,1,1,1,1,1,1,1,1,1,1,1,1,1,1,1,1,1,1,1,1,1,1,1,1,1,1,1,1,1,1,1,1,1,1,1,1,1,1,1,1,1,1,1,1,1,1,1,1,0,1,1,1,1,1,1,0,1,1,1,1,1,1,1,1,1,1,1,1,1,1,1,1,1,1,1,1,16,-17.03094694309997,240.001,5.263594682570512e-08,5.263594682570512e-08,25.756228661745794,25.756228661745794,21.487277021297547,21.487277021297547
1,1,1,1,1,1,1,1,1,1,1,1,1,1,1,1,1,1,1,1,1,1,1,1,1,1,1,1,1,1,1,1,1,1,1,1,1,1,1,1,1,1,1,1,1,1,1,1,1,1,1,1,0,1,1,1,1,1,1,0,1,1,1,1,1,1,1,1,1,1,1,1,1,1,1,1,1,1,1,1,17,-17.03103375748496,240.001,5.2648948372851437e-08,5.2648948372851437e-08,25.755069233820194,25.755069233820194,21.47498052282588,21.47498052282588
1,1,1,1,1,1,1,1,1,1,1,1,1,1,1,1,1,1,1,1,1,1,1,1,1,1,1,1,1,1,1,1,1,1,1,1,1,1,1,1,1,1,1,1,1,1,1,1,1,1,1,1,0,1,1,1,1,1,1,0,1,1,1,1,1,1,1,1,1,1,1,1,1,1,1,1,1,1,1,1,18,-17.031113226211644,240.001,5.266200869573109e-08,5.266200869573109e-08,25.753912569264045,25.753912569264045,21.463754698444134,21.463754698444134
1,1,1,1,1,1,1,1,1,1,1,1,1,1,1,1,1,1,1,1,1,1,1,1,1,1,1,1,1,1,1,1,1,1,1,1,1,1,1,1,1,1,1,1,1,1,1,1,1,1,1,1,0,1,1,1,1,1,1,0,1,1,1,1,1,1,1,1,1,1,1,1,1,1,1,1,1,1,1,1,19,-17.03118607660973,240.001,5.26751219803685e-08,5.26751219803685e-08,25.752758423571404,25.752758423571404,21.453489035991005,21.453489035991005
1,1,1,1,1,1,1,1,1,1,1,1,1,1,1,1,1,1,1,1,1,1,1,1,1,1,1,1,1,1,1,1,1,1,1,1,1,1,1,1,1,1,1,1,1,1,1,1,1,1,1,1,0,1,1,1,1,1,1,0,1,1,1,1,1,1,1,1,1,1,1,1,1,1,1,1,1,1,1,1,20,-17.03125291522842,240.001,5.268828338024414e-08,5.268828338024414e-08,25.751606592805718,25.751606592805718,21.444091665137254,21.444091665137254
1,1,1,1,1,1,1,1,1,1,1,1,1,1,1,1,1,1,1,1,1,1,1,1,1,1,1,1,1,1,1,1,1,1,1,1,1,1,1,1,1,1,1,1,1,1,1,1,1,1,1,1,0,1,1,1,1,1,1,0,1,1,1,1,1,1,1,1,1,1,1,1,1,1,1,1,1,1,1,1,21,-17.03131425140298,240.001,5.270148882751378e-08,5.270148882751378e-08,25.75045690568588,25.75045690568588,21.43548565527432,21.43548565527432
1,1,1,1,1,1,1,1,1,1,1,1,1,1,1,1,1,1,1,1,1,1,1,1,1,1,1,1,1,1,1,1,1,1,1,1,1,1,1,1,1,1,1,1,1,1,1,1,1,1,1,1,0,1,1,1,1,1,1,0,1,1,1,1,1,1,1,1,1,1,1,1,1,1,1,1,1,1,1,1,22,-17.031370515117153,240.001,5.271473488994813e-08,5.271473488994813e-08,25.749309217587566,25.749309217587566,21.427606218580223,21.427606218580223
1,1,1,1,1,1,1,1,1,1,1,1,1,1,1,1,1,1,1,1,1,1,1,1,1,1,1,1,1,1,1,1,1,1,1,1,1,1,1,1,1,1,1,1,1,1,1,1,1,1,1,1,0,1,1,1,1,1,1,0,1,1,1,1,1,1,1,1,1,1,1,1,1,1,1,1,1,1,1,1,23,-17.03142207070059,240.001,5.2728018661254706e-08,5.2728018661254706e-08,25.748163405943178,25.748163405943178,21.420398571309313,21.420398571309313
1,1,1,1,1,1,1,1,1,1,1,1,1,1,1,1,1,1,1,1,1,1,1,1,1,1,1,1,1,1,1,1,1,1,1,1,1,1,1,1,1,1,1,1,1,1,1,1,1,1,1,1,0,1,1,1,1,1,1,0,1,1,1,1,1,1,1,1,1,1,1,1,1,1,1,1,1,1,1,1,24,-17.031469227426964,240.001,5.274133767624068e-08,5.274133767624068e-08,25.7470193666825,25.7470193666825,21.413816282788467,21.413816282788467
1,1,1,1,1,1,1,1,1,1,1,1,1,1,1,1,1,1,1,1,1,1,1,1,1,1,1,1,1,1,1,1,1,1,1,1,1,1,1,1,1,1,1,1,1,1,1,1,1,1,1,1,0,1,1,1,1,1,1,0,1,1,1,1,1,1,1,1,1,1,1,1,1,1,1,1,1,1,1,1,25,-17.031512247762517,240.001,5.275468984480954e-08,5.275468984480954e-08,25.745877011462383,25.745877011462383,21.407819992541096,21.407819992541096
1,1,1,1,1,1,1,1,1,1,1,1,1,1,1,1,1,1,1,1,1,1,1,1,1,1,1,1,1,1,1,1,1,1,1,1,1,1,1,1,1,1,1,1,1,1,1,1,1,1,1,1,0,1,1,1,1,1,1,0,1,1,1,1,1,1,1,1,1,1,1,1,1,1,1,1,1,1,1,1,26,-17.031551353797493,240.001,5.2768073400524644e-08,5.2768073400524644e-08,25.74473626550674,25.74473626550674,21.402376410705642,21.402376410705642
1,1,1,1,1,1,1,1,1,1,1,1,1,1,1,1,1,1,1,1,1,1,1,1,1,1,1,1,1,1,1,1,1,1,1,1,1,1,1,1,1,1,1,1,1,1,1,1,1,1,1,1,0,1,1,1,1,1,1,0,1,1,1,1,1,1,1,1,1,1,1,1,1,1,1,1,1,1,1,1,27,-17.031586732241077,240.001,5.27814868606929e-08,5.27814868606929e-08,25.74359706592904,25.74359706592904,21.39745754119521,21.39745754119521
1,1,1,1,1,1,1,1,1,1,1,1,1,1,1,1,1,1,1,1,1,1,1,1,1,1,1,1,1,1,1,1,1,1,1,1,1,1,1,1,1,1,1,1,1,1,1,1,1,1,1,1,0,1,1,1,1,1,1,0,1,1,1,1,1,1,1,1,1,1,1,1,1,1,1,1,1,1,1,1,28,-17.03161853824996,240.001,5.279492899580663e-08,5.279492899580663e-08,25.742459360446478,25.742459360446478,21.393040084487755,21.393040084487755
1,1,1,1,1,1,1,1,1,1,1,1,1,1,1,1,1,1,1,1,1,1,1,1,1,1,1,1,1,1,1,1,1,1,1,1,1,1,1,1,1,1,1,1,1,1,1,1,1,1,1,1,0,1,1,1,1,1,1,0,1,1,1,1,1,1,1,1,1,1,1,1,1,1,1,1,1,1,1,1,29,-17.031646898278492,240.001,5.280839880684054e-08,5.280839880684054e-08,25.741323106422982,25.741323106422982,21.389104989916174,21.389104989916174
1,1,1,1,1,1,1,1,1,1,1,1,1,1,1,1,1,1,1,1,1,1,1,1,1,1,1,1,1,1,1,1,1,1,1,1,1,1,1,1,1,1,1,1,1,1,1,1,1,1,1,1,0,1,1,1,1,1,1,0,1,1,1,1,1,1,1,1,1,1,1,1,1,1,1,1,1,1,1,1,30,-17.031671912072845,240.001,5.282189550942985e-08,5.282189550942985e-08,25.7401882701997,25.7401882701997,21.385637137469583,21.385637137469583
1,1,1,1,1,1,1,1,1,1,1,1,1,1,1,1,1,1,1,1,1,1,1,1,1,1,1,1,1,1,1,1,1,1,1,1,1,1,1,1,1,1,1,1,1,1,1,1,1,1,1,1,0,1,1,1,1,1,1,0,1,1,1,1,1,1,1,1,1,1,1,1,1,1,1,1,1,1,1,1,31,-17.031693653876232,240.001,5.283541852439799e-08,5.283541852439799e-08,25.739054826690637,25.739054826690637,21.382625137608922,21.382625137608922
1,1,1,1,1,1,1,1,1,1,1,1,1,1,1,1,1,1,1,1,1,1,1,1,1,1,1,1,1,1,1,1,1,1,1,1,1,1,1,1,1,1,1,1,1,1,1,1,1,1,1,1,0,1,1,1,1,1,1,0,1,1,1,1,1,1,1,1,1,1,1,1,1,1,1,1,1,1,1,1,32,-17.031712172860246,240.001,5.284896747452328e-08,5.284896747452328e-08,25.737922759238394,25.737922759238394,21.38006124541046,21.38006124541046
1,1,1,1,1,1,1,1,1,1,1,1,1,1,1,1,1,1,1,1,1,1,1,1,1,1,1,1,1,1,1,1,1,1,1,1,1,1,1,1,1,1,1,1,1,1,1,1,1,1,1,1,0,1,1,1,1,1,1,0,1,1,1,1,1,1,1,1,1,1,1,1,1,1,1,1,1,1,1,1,33,-17.031727492742682,240.001,5.286254218787657e-08,5.286254218787657e-08,25.73679205974328,25.73679205974328,21.37794139339936,21.37794139339936
1,1,1,1,1,1,1,1,1,1,1,1,1,1,1,1,1,1,1,1,1,1,1,1,1,1,1,1,1,1,1,1,1,1,1,1,1,1,1,1,1,1,1,1,1,1,1,1,1,1,1,1,0,1,1,1,1,1,1,0,1,1,1,1,1,1,1,1,1,1,1,1,1,1,1,1,1,1,1,1,34,-17.03173961048791,240.001,5.287614270857871e-08,5.287614270857871e-08,25.735662729100937,25.735662729100937,21.37626535676388,21.37626535676388
1,1,1,1,1,1,1,1,1,1,1,1,1,1,1,1,1,1,1,1,1,1,1,1,1,1,1,1,1,1,1,1,1,1,1,1,1,1,1,1,1,1,1,1,1,1,1,1,1,1,1,1,0,1,1,1,1,1,1,0,1,1,1,1,1,1,1,1,1,1,1,1,1,1,1,1,1,1,1,1,35,-17.031748493901894,240.001,5.28897693165134e-08,5.28897693165134e-08,25.73453477801145,25.73453477801145,21.375037076631923,21.375037076631923
1,1,1,1,1,1,1,1,1,1,1,1,1,1,1,1,1,1,1,1,1,1,1,1,1,1,1,1,1,1,1,1,1,1,1,1,1,1,1,1,1,1,1,1,1,1,1,1,1,1,1,1,0,1,1,1,1,1,1,0,1,1,1,1,1,1,1,1,1,1,1,1,1,1,1,1,1,1,1,1,36,-17.031754077816437,240.001,5.290342255847786e-08,5.290342255847786e-08,25.733408228262892,25.733408228262892,21.37426518380635,21.37426518380635
1,1,1,1,1,1,1,1,1,1,1,1,1,1,1,1,1,1,1,1,1,1,1,1,1,1,1,1,1,1,1,1,1,1,1,1,1,1,1,1,1,1,1,1,1,1,1,1,1,1,1,1,0,1,1,1,1,1,1,0,1,1,1,1,1,1,1,1,1,1,1,1,1,1,1,1,1,1,1,1,37,-17.03175625838234,240.001,5.2917103294679334e-08,5.2917103294679334e-08,25.732283114650514,25.732283114650514,21.373963790097775,21.373963790097775
1,1,1,1,1,1,1,1,1,1,1,1,1,1,1,1,1,1,1,1,1,1,1,1,1,1,1,1,1,1,1,1,1,1,1,1,1,1,1,1,1,1,1,1,1,1,1,1,1,1,1,1,0,1,1,1,1,1,1,0,1,1,1,1,1,1,1,1,1,1,1,1,1,1,1,1,1,1,1,1,38,-17.031754884719557,240.001,5.2930812766687576e-08,5.2930812766687576e-08,25.73115948778465,25.73115948778465,21.374153652758455,21.374153652758455
1,1,1,1,1,1,1,1,1,1,1,1,1,1,1,1,1,1,1,1,1,1,1,1,1,1,1,1,1,1,1,1,1,1,1,1,1,1,1,1,1,1,1,1,1,1,1,1,1,1,1,1,0,1,1,1,1,1,1,0,1,1,1,1,1,1,1,1,1,1,1,1,1,1,1,1,1,1,1,1,39,-17.031749746734533,240.001,5.294455269651232e-08,5.294455269651232e-08,25.73003741818706,25.73003741818706,21.37486387937152,21.37486387937152
1,1,1,1,1,1,1,1,1,1,1,1,1,1,1,1,1,1,1,1,1,1,1,1,1,1,1,1,1,1,1,1,1,1,1,1,1,1,1,1,1,1,1,1,1,1,1,1,1,1,1,1,0,1,1,1,1,1,1,0,1,1,1,1,1,1,1,1,1,1,1,1,1,1,1,1,1,1,1,1,40,-17.031740557182882,240.001,5.295832543242069e-08,5.295832543242069e-08,25.72891700232191,25.72891700232191,21.376134443976685,21.376134443976685
1,1,1,1,1,1,1,1,1,1,1,1,1,1,1,1,1,1,1,1,1,1,1,1,1,1,1,1,1,1,1,1,1,1,1,1,1,1,1,1,1,1,1,1,1,1,1,1,1,1,1,1,0,1,1,1,1,1,1,0,1,1,1,1,1,1,1,1,1,1,1,1,1,1,1,1,1,1,1,1,41,-17.031726924785705,240.001,5.2972134167425944e-08,5.2972134167425944e-08,25.727798371634144,25.727798371634144,21.378019964751196,21.378019964751196
1,1,1,1,1,1,1,1,1,1,1,1,1,1,1,1,1,1,1,1,1,1,1,1,1,1,1,1,1,1,1,1,1,1,1,1,1,1,1,1,1,1,1,1,1,1,1,1,1,1,1,1,0,1,1,1,1,1,1,0,1,1,1,1,1,1,1,1,1,1,1,1,1,1,1,1,1,1,1,1,42,-17.03170831291508,240.001,5.2985983275006094e-08,5.2985983275006094e-08,25.726681706438555,25.726681706438555,21.380595518127926,21.380595518127926
1,1,1,1,1,1,1,1,1,1,1,1,1,1,1,1,1,1,1,1,1,1,1,1,1,1,1,1,1,1,1,1,1,1,1,1,1,1,1,1,1,1,1,1,1,1,1,1,1,1,1,1,0,1,1,1,1,1,1,0,1,1,1,1,1,1,1,1,1,1,1,1,1,1,1,1,1,1,1,1,43,-17.031683974031658,240.001,5.299987884181255e-08,5.299987884181255e-08,25.725567257959014,25.725567257959014,21.38396587837526,21.38396587837526
1,1,1,1,1,1,1,1,1,1,1,1,1,1,1,1,1,1,1,1,1,1,1,1,1,1,1,1,1,1,1,1,1,1,1,1,1,1,1,1,1,1,1,1,1,1,1,1,1,1,1,1,0,1,1,1,1,1,1,0,1,1,1,1,1,1,1,1,1,1,1,1,1,1,1,1,1,1,1,1,44,-17.031652841430013,240.001,5.3013829547224076e-08,5.3013829547224076e-08,25.724455384716244,25.724455384716244,21.388280796618616,21.388280796618616
1,1,1,1,1,1,1,1,1,1,1,1,1,1,1,1,1,1,1,1,1,1,1,1,1,1,1,1,1,1,1,1,1,1,1,1,1,1,1,1,1,1,1,1,1,1,1,1,1,1,1,1,0,1,1,1,1,1,1,0,1,1,1,1,1,1,1,1,1,1,1,1,1,1,1,1,1,1,1,1,45,-17.031613341574566,240.001,5.302784818807569e-08,5.302784818807569e-08,25.723346615602143,25.723346615602143,21.393761532870347,21.393761532870347
1,1,1,1,1,1,1,1,1,1,1,1,1,1,1,1,1,1,1,1,1,1,1,1,1,1,1,1,1,1,1,1,1,1,1,1,1,1,1,1,1,1,1,1,1,1,1,1,1,1,1,1,0,1,1,1,1,1,1,0,1,1,1,1,1,1,1,1,1,1,1,1,1,1,1,1,1,1,1,1,46,-17.031563048632798,240.001,5.3041954485537905e-08,5.3041954485537905e-08,25.722241765981252,25.722241765981252,21.40074979808336,21.40074979808336
1,1,1,1,1,1,1,1,1,1,1,1,1,1,1,1,1,1,1,1,1,1,1,1,1,1,1,1,1,1,1,1,1,1,1,1,1,1,1,1,1,1,1,1,1,1,1,1,1,1,1,1,0,1,1,1,1,1,1,0,1,1,1,1,1,1,1,1,1,1,1,1,1,1,1,1,1,1,1,1,47,-17.03149799870164,240.001,5.305618065714985e-08,5.305618065714985e-08,25.721142168134506,25.721142168134506,21.409805154790256,21.409805154790256
1,1,1,1,1,1,1,1,1,1,1,1,1,1,1,1,1,1,1,1,1,1,1,1,1,1,1,1,1,1,1,1,1,1,1,1,1,1,1,1,1,1,1,1,1,1,1,1,1,1,1,1,0,1,1,1,1,1,1,0,1,1,1,1,1,1,1,1,1,1,1,1,1,1,1,1,1,1,1,1,48,-17.03141118942004,240.001,5.307058360843097e-08,5.307058360843097e-08,25.72005017537758,25.72005017537758,21.421918823150833,21.421918823150833
1,1,1,1,1,1,1,1,1,1,1,1,1,1,1,1,1,1,1,1,1,1,1,1,1,1,1,1,1,1,1,1,1,1,1,1,1,1,1,1,1,1,1,1,1,1,1,1,1,1,1,1,0,1,1,1,1,1,1,0,1,1,1,1,1,1,1,1,1,1,1,1,1,1,1,1,1,1,1,1,49,-17.03128883891209,240.001,5.308527533389791e-08,5.308527533389791e-08,25.71897041883195,25.71897041883195,21.439049199236745,21.439049199236745
1,1,1,1,1,1,1,1,1,1,1,1,1,1,1,1,1,1,1,1,1,1,1,1,1,1,1,1,1,1,1,1,1,1,1,1,1,1,1,1,1,1,1,1,1,1,1,1,1,1,1,1,0,1,1,1,1,1,1,0,1,1,1,1,1,1,1,1,1,1,1,1,1,1,1,1,1,1,1,1,50,-17.031099140647754,240.001,5.3100514309701124e-08,5.3100514309701124e-08,25.717913584359874,25.717913584359874,21.46574233833476,21.46574233833476
1,1,1,1,1,1,1,1,1,1,1,1,1,1,1,1,1,1,1,1,1,1,1,1,1,1,1,1,1,1,1,1,1,1,1,1,1,1,1,1,1,1,1,1,1,1,1,1,1,1,1,1,0,1,1,1,1,1,1,0,1,1,1,1,1,1,1,1,1,1,1,1,1,1,1,1,1,1,1,1,51,-17.03074676684451,240.001,5.3117075329432394e-08,5.3117075329432394e-08,25.716911689144833,25.716911689144833,21.515762692276517,21.515762692276517
1,1,1,1,1,1,1,1,1,1,1,1,1,1,1,1,1,1,1,1,1,1,1,1,1,1,1,1,1,1,1,1,1,1,1,1,1,1,1,1,1,1,1,1,1,1,1,1,1,1,1,1,0,1,1,1,1,1,1,0,1,1,1,1,1,1,1,1,1,1,1,1,1,1,1,1,1,1,1,1,52,-17.029739332403924,240.001,5.313896190671214e-08,5.313896190671214e-08,25.71613000738609,25.71613000738609,21.662009772075777,21.662009772075777
1,1,1,1,1,1,1,1,1,1,1,1,1,1,1,1,1,1,1,1,1,1,1,1,1,1,1,1,1,1,1,1,1,1,1,1,1,1,1,1,1,1,1,1,1,1,1,1,1,1,1,1,0,1,1,1,1,1,1,0,1,1,1,1,1,1,1,1,1,1,1,1,1,1,1,1,1,1,1,1,54,-17.029604853029,240.001,5.3167459864219325e-08,5.3167459864219325e-08,25.713936027994144,25.713936027994144,21.681907173349497,21.681907173349497
1,1,1,1,1,1,1,1,1,1,1,1,1,1,1,1,1,1,1,1,1,1,1,1,1,1,1,1,1,1,1,1,1,1,1,1,1,1,1,1,1,1,1,1,1,1,1,1,1,1,1,1,0,1,1,1,1,1,1,0,1,1,1,1,1,1,1,1,1,1,1,1,1,1,1,1,1,1,1,1,55,-17.03046728621462,240.001,5.317414842176995e-08,5.317414842176995e-08,25.712527279271878,25.712527279271878,21.555846533753513,21.555846533753513
1,1,1,1,1,1,1,1,1,1,1,1,1,1,1,1,1,1,1,1,1,1,1,1,1,1,1,1,1,1,1,1,1,1,1,1,1,1,1,1,1,1,1,1,1,1,1,1,1,1,1,1,0,1,1,1,1,1,1,0,1,1,1,1,1,1,1,1,1,1,1,1,1,1,1,1,1,1,1,1,56,-17.030648313591186,240.001,5.3186377167311065e-08,5.3186377167311065e-08,25.71134759629388,25.71134759629388,21.529841239182375,21.529841239182375
1,1,1,1,1,1,1,1,1,1,1,1,1,1,1,1,1,1,1,1,1,1,1,1,1,1,1,1,1,1,1,1,1,1,1,1,1,1,1,1,1,1,1,1,1,1,1,1,1,1,1,1,0,1,1,1,1,1,1,0,1,1,1,1,1,1,1,1,1,1,1,1,1,1,1,1,1,1,1,1,57,-17.03060751637363,240.001,5.3200409577895456e-08,5.3200409577895456e-08,25.710242725199347,25.710242725199347,21.535688437001554,21.535688437001554
1,1,1,1,1,1,1,1,1,1,1,1,1,1,1,1,1,1,1,1,1,1,1,1,1,1,1,1,1,1,1,1,1,1,1,1,1,1,1,1,1,1,1,1,1,1,1,1,1,1,1,1,0,1,1,1,1,1,1,0,1,1,1,1,1,1,1,1,1,1,1,1,1,1,1,1,1,1,1,1,58,-17.030344638223042,240.001,5.321624919568233e-08,5.321624919568233e-08,25.70921274963129,25.70921274963129,21.57355368705582,21.57355368705582
1,1,1,1,1,1,1,1,1,1,1,1,1,1,1,1,1,1,1,1,1,1,1,1,1,1,1,1,1,1,1,1,1,1,1,1,1,1,1,1,1,1,1,1,1,1,1,1,1,1,1,1,0,1,1,1,1,1,1,0,1,1,1,1,1,1,1,1,1,1,1,1,1,1,1,1,1,1,1,1,59,-17.029399542474547,240.001,5.3237645015949147e-08,5.3237645015949147e-08,25.708412096786624,25.708412096786624,21.712460392723784,21.712460392723784
1,1,1,1,1,1,1,1,1,1,1,1,1,1,1,1,1,1,1,1,1,1,1,1,1,1,1,1,1,1,1,1,1,1,1,1,1,1,1,1,1,1,1,1,1,1,1,1,1,1,1,1,0,1,1,1,1,1,1,0,1,1,1,1,1,1,1,1,1,1,1,1,1,1,1,1,1,1,1,1,61,-17.029364527205253,240.001,5.326533673238097e-08,5.326533673238097e-08,25.706188703941073,25.706188703941073,21.717692556087115,21.717692556087115
1,1,1,1,1,1,1,1,1,1,1,1,1,1,1,1,1,1,1,1,1,1,1,1,1,1,1,1,1,1,1,1,1,1,1,1,1,1,1,1,1,1,1,1,1,1,1,1,1,1,1,1,0,1,1,1,1,1,1,0,1,1,1,1,1,1,1,1,1,1,1,1,1,1,1,1,1,1,1,1,62,-17.03028407550786,240.001,5.327154762263007e-08,5.327154762263007e-08,25.70476278540204,25.70476278540204,21.5823238684726,21.5823238684726
1,1,1,1,1,1,1,1,1,1,1,1,1,1,1,1,1,1,1,1,1,1,1,1,1,1,1,1,1,1,1,1,1,1,1,1,1,1,1,1,1,1,1,1,1,1,1,1,1,1,1,1,0,1,1,1,1,1,1,0,1,1,1,1,1,1,1,1,1,1,1,1,1,1,1,1,1,1,1,1,63,-17.03054545875804,240.001,5.328311956859081e-08,5.328311956859081e-08,25.70355810563978,25.70355810563978,21.544597765405666,21.544597765405666
1,1,1,1,1,1,1,1,1,1,1,1,1,1,1,1,1,1,1,1,1,1,1,1,1,1,1,1,1,1,1,1,1,1,1,1,1,1,1,1,1,1,1,1,1,1,1,1,1,1,1,1,0,1,1,1,1,1,1,0,1,1,1,1,1,1,1,1,1,1,1,1,1,1,1,1,1,1,1,1,64,-17.030640392692487,240.001,5.3296046956173795e-08,5.3296046956173795e-08,25.70240962750841,25.70240962750841,21.530975878292438,21.530975878292438
1,1,1,1,1,1,1,1,1,1,1,1,1,1,1,1,1,1,1,1,1,1,1,1,1,1,1,1,1,1,1,1,1,1,1,1,1,1,1,1,1,1,1,1,1,1,1,1,1,1,1,1,0,1,1,1,1,1,1,0,1,1,1,1,1,1,1,1,1,1,1,1,1,1,1,1,1,1,1,1,65,-17.03066338570831,240.001,5.330956028186242e-08,5.330956028186242e-08,25.701285611204558,25.701285611204558,21.527683027425315,21.527683027425315
1,1,1,1,1,1,1,1,1,1,1,1,1,1,1,1,1,1,1,1,1,1,1,1,1,1,1,1,1,1,1,1,1,1,1,1,1,1,1,1,1,1,1,1,1,1,1,1,1,1,1,1,0,1,1,1,1,1,1,0,1,1,1,1,1,1,1,1,1,1,1,1,1,1,1,1,1,1,1,1,66,-17.030645279781314,240.001,5.33234085241743e-08,5.33234085241743e-08,25.700175695409705,25.700175695409705,21.530275786317045,21.530275786317045
1,1,1,1,1,1,1,1,1,1,1,1,1,1,1,1,1,1,1,1,1,1,1,1,1,1,1,1,1,1,1,1,1,1,1,1,1,1,1,1,1,1,1,1,1,1,1,1,1,1,1,1,0,1,1,1,1,1,1,0,1,1,1,1,1,1,1,1,1,1,1,1,1,1,1,1,1,1,1,1,67,-17.030598708028922,240.001,5.333748892625766e-08,5.333748892625766e-08,25.69907563496427,25.69907563496427,21.536951906113405,21.536951906113405
1,1,1,1,1,1,1,1,1,1,1,1,1,1,1,1,1,1,1,1,1,1,1,1,1,1,1,1,1,1,1,1,1,1,1,1,1,1,1,1,1,1,1,1,1,1,1,1,1,1,1,1,0,1,1,1,1,1,1,0,1,1,1,1,1,1,1,1,1,1,1,1,1,1,1,1,1,1,1,1,68,-17.030529280559996,240.001,5.3351755917431574e-08,5.3351755917431574e-08,25.697983544121538,25.697983544121538,21.546923381029902,21.546923381029902
1,1,1,1,1,1,1,1,1,1,1,1,1,1,1,1,1,1,1,1,1,1,1,1,1,1,1,1,1,1,1,1,1,1,1,1,1,1,1,1,1,1,1,1,1,1,1,1,1,1,1,1,0,1,1,1,1,1,1,0,1,1,1,1,1,1,1,1,1,1,1,1,1,1,1,1,1,1,1,1,69,-17.030439240693532,240.001,5.336619135112467e-08,5.336619135112467e-08,25.696898668353757,25.696898668353757,21.559889253294166,21.559889253294166
1,1,1,1,1,1,1,1,1,1,1,1,1,1,1,1,1,1,1,1,1,1,1,1,1,1,1,1,1,1,1,1,1,1,1,1,1,1,1,1,1,1,1,1,1,1,1,1,1,1,1,1,0,1,1,1,1,1,1,0,1,1,1,1,1,1,1,1,1,1,1,1,1,1,1,1,1,1,1,1,70,-17.0303288419419,240.001,5.338079330254075e-08,5.338079330254075e-08,25.6958209217006,25.6958209217006,21.575839476285093,21.575839476285093
1,1,1,1,1,1,1,1,1,1,1,1,1,1,1,1,1,1,1,1,1,1,1,1,1,1,1,1,1,1,1,1,1,1,1,1,1,1,1,1,1,1,1,1,1,1,1,1,1,1,1,1,0,1,1,1,1,1,1,0,1,1,1,1,1,1,1,1,1,1,1,1,1,1,1,1,1,1,1,1,71,-17.030196848840152,240.001,5.339557200267901e-08,5.339557200267901e-08,25.6947507184282,25.6947507184282,21.594986287517383,21.594986287517383
1,1,1,1,1,1,1,1,1,1,1,1,1,1,1,1,1,1,1,1,1,1,1,1,1,1,1,1,1,1,1,1,1,1,1,1,1,1,1,1,1,1,1,1,1,1,1,1,1,1,1,1,0,1,1,1,1,1,1,0,1,1,1,1,1,1,1,1,1,1,1,1,1,1,1,1,1,1,1,1,72,-17.030040594835743,240.001,5.341054938391777e-08,5.341054938391777e-08,25.693688953468232,25.693688953468232,21.61776126247598,21.61776126247598
1,1,1,1,1,1,1,1,1,1,1,1,1,1,1,1,1,1,1,1,1,1,1,1,1,1,1,1,1,1,1,1,1,1,1,1,1,1,1,1,1,1,1,1,1,1,1,1,1,1,1,1,0,1,1,1,1,1,1,0,1,1,1,1,1,1,1,1,1,1,1,1,1,1,1,1,1,1,1,1,73,-17.029855702545646,240.001,5.342576138424693e-08,5.342576138424693e-08,25.692637096230236,25.692637096230236,21.644864564408422,21.644864564408422
1,1,1,1,1,1,1,1,1,1,1,1,1,1,1,1,1,1,1,1,1,1,1,1,1,1,1,1,1,1,1,1,1,1,1,1,1,1,1,1,1,1,1,1,1,1,1,1,1,1,1,1,0,1,1,1,1,1,1,0,1,1,1,1,1,1,1,1,1,1,1,1,1,1,1,1,1,1,1,1,74,-17.029635390137898,240.001,5.344126363972503e-08,5.344126363972503e-08,25.691597423332524,25.691597423332524,21.677380988168544,21.677380988168544
1,1,1,1,1,1,1,1,1,1,1,1,1,1,1,1,1,1,1,1,1,1,1,1,1,1,1,1,1,1,1,1,1,1,1,1,1,1,1,1,1,1,1,1,1,1,1,1,1,1,1,1,0,1,1,1,1,1,1,0,1,1,1,1,1,1,1,1,1,1,1,1,1,1,1,1,1,1,1,1,75,-17.029369064837326,240.001,5.3457143018667166e-08,5.3457143018667166e-08,25.690573490542832,25.690573490542832,21.717014166310165,21.717014166310165
1,1,1,1,1,1,1,1,1,1,1,1,1,1,1,1,1,1,1,1,1,1,1,1,1,1,1,1,1,1,1,1,1,1,1,1,1,1,1,1,1,1,1,1,1,1,1,1,1,1,1,1,0,1,1,1,1,1,1,0,1,1,1,1,1,1,1,1,1,1,1,1,1,1,1,1,1,1,1,1,76,-17.029039413954134,240.001,5.347354147261557e-08,5.347354147261557e-08,25.689571108782406,25.689571108782406,21.766573986134503,21.766573986134503
1,1,1,1,1,1,1,1,1,1,1,1,1,1,1,1,1,1,1,1,1,1,1,1,1,1,1,1,1,1,1,1,1,1,1,1,1,1,1,1,1,1,1,1,1,1,1,1,1,1,1,1,0,1,1,1,1,1,1,0,1,1,1,1,1,1,1,1,1,1,1,1,1,1,1,1,1,1,1,1,77,-17.028615771147713,240.001,5.34907104267928e-08,5.34907104267928e-08,25.688600569515682,25.688600569515682,21.831100817794198,21.831100817794198
1,1,1,1,1,1,1,1,1,1,1,1,1,1,1,1,1,1,1,1,1,1,1,1,1,1,1,1,1,1,1,1,1,1,1,1,1,1,1,1,1,1,1,1,1,1,1,1,1,1,1,1,0,1,1,1,1,1,1,0,1,1,1,1,1,1,1,1,1,1,1,1,1,1,1,1,1,1,1,1,78,-17.028036265155414,240.001,5.350915715626424e-08,5.350915715626424e-08,25.68768263199166,25.68768263199166,21.92093938146181,21.92093938146181
1,1,1,1,1,1,1,1,1,1,1,1,1,1,1,1,1,1,1,1,1,1,1,1,1,1,1,1,1,1,1,1,1,1,1,1,1,1,1,1,1,1,1,1,1,1,1,1,1,1,1,1,0,1,1,1,1,1,1,0,1,1,1,1,1,1,1,1,1,1,1,1,1,1,1,1,1,1,1,1,79,-17.0271444638007,240.001,5.353016438003545e-08,5.353016438003545e-08,25.68686976606147,25.68686976606147,22.062903295044084,22.062903295044084
1,1,1,1,1,1,1,1,1,1,1,1,1,1,1,1,1,1,1,1,1,1,1,1,1,1,1,1,1,1,1,1,1,1,1,1,1,1,1,1,1,1,1,1,1,1,1,1,1,1,1,1,0,1,1,1,1,1,1,0,1,1,1,1,1,1,1,1,1,1,1,1,1,1,1,1,1,1,1,1,80,-17.025291874597094,240.001,5.355905153784003e-08,5.355905153784003e-08,25.686379349308936,25.686379349308936,22.373433075830125,22.373433075830125
1,1,1,1,1,1,1,1,1,1,1,1,1,1,1,1,1,1,1,1,1,1,1,1,1,1,1,1,1,1,1,1,1,1,1,1,1,1,1,1,1,1,1,1,1,1,1,1,1,1,1,1,1,1,1,1,1,1,1,0,1,1,1,1,1,1,1,1,1,1,1,1,1,1,1,1,1,1,1,1,1,-17.025185075040163,240.001,5.247666605435614e-08,5.247666605435614e-08,25.775152568332107,25.775152568332107,22.3920258379348,22.3920258379348
1,1,1,1,1,1,1,1,1,1,1,1,1,1,1,1,1,1,1,1,1,1,1,1,1,1,1,1,1,1,1,1,1,1,1,1,1,1,1,1,1,1,1,1,1,1,1,1,1,1,1,1,1,1,1,1,1,1,1,0,1,1,1,1,1,1,1,1,1,1,1,1,1,1,1,1,1,1,1,1,2,-17.027050590855836,240.001,5.247539817802733e-08,5.247539817802733e-08,25.773391982647613,25.773391982647613,22.07811854406998,22.07811854406998
1,1,1,1,1,1,1,1,1,1,1,1,1,1,1,1,1,1,1,1,1,1,1,1,1,1,1,1,1,1,1,1,1,1,1,1,1,1,1,1,1,1,1,1,1,1,1,1,1,1,1,1,1,1,1,1,1,1,1,0,1,1,1,1,1,1,1,1,1,1,1,1,1,1,1,1,1,1,1,1,3,-17.027956017708675,240.001,5.248183803451717e-08,5.248183803451717e-08,25.771953616048606,25.771953616048606,21.933526664203086,21.933526664203086
1,1,1,1,1,1,1,1,1,1,1,1,1,1,1,1,1,1,1,1,1,1,1,1,1,1,1,1,1,1,1,1,1,1,1,1,1,1,1,1,1,1,1,1,1,1,1,1,1,1,1,1,1,1,1,1,1,1,1,0,1,1,1,1,1,1,1,1,1,1,1,1,1,1,1,1,1,1,1,1,4,-17.02854998670474,240.001,5.2490776396443254e-08,5.2490776396443254e-08,25.7706200481977,25.7706200481977,21.841206712480034,21.841206712480034
1,1,1,1,1,1,1,1,1,1,1,1,1,1,1,1,1,1,1,1,1,1,1,1,1,1,1,1,1,1,1,1,1,1,1,1,1,1,1,1,1,1,1,1,1,1,1,1,1,1,1,1,1,1,1,1,1,1,1,0,1,1,1,1,1,1,1,1,1,1,1,1,1,1,1,1,1,1,1,1,5,-17.02898908306846,240.001,5.250095650893864e-08,5.250095650893864e-08,25.769338758534865,25.769338758534865,21.77419042854604,21.77419042854604
1,1,1,1,1,1,1,1,1,1,1,1,1,1,1,1,1,1,1,1,1,1,1,1,1,1,1,1,1,1,1,1,1,1,1,1,1,1,1,1,1,1,1,1,1,1,1,1,1,1,1,1,1,1,1,1,1,1,1,0,1,1,1,1,1,1,1,1,1,1,1,1,1,1,1,1,1,1,1,1,6,-17.029335365510327,240.001,5.251188048754884e-08,5.251188048754884e-08,25.76808892491133,25.76808892491133,21.722054831767732,21.722054831767732
1,1,1,1,1,1,1,1,1,1,1,1,1,1,1,1,1,1,1,1,1,1,1,1,1,1,1,1,1,1,1,1,1,1,1,1,1,1,1,1,1,1,1,1,1,1,1,1,1,1,1,1,1,1,1,1,1,1,1,0,1,1,1,1,1,1,1,1,1,1,1,1,1,1,1,1,1,1,1,1,7,-17.029619736679003,240.001,5.2523300486805104e-08,5.2523300486805104e-08,25.766860176319035,25.766860176319035,21.679700545680074,21.679700545680074
1,1,1,1,1,1,1,1,1,1,1,1,1,1,1,1,1,1,1,1,1,1,1,1,1,1,1,1,1,1,1,1,1,1,1,1,1,1,1,1,1,1,1,1,1,1,1,1,1,1,1,1,1,1,1,1,1,1,1,0,1,1,1,1,1,1,1,1,1,1,1,1,1,1,1,1,1,1,1,1,8,-17.029859813231166,240.001,5.253507525785245e-08,5.253507525785245e-08,25.765646599448274,25.765646599448274,21.64426015075708,21.64426015075708
1,1,1,1,1,1,1,1,1,1,1,1,1,1,1,1,1,1,1,1,1,1,1,1,1,1,1,1,1,1,1,1,1,1,1,1,1,1,1,1,1,1,1,1,1,1,1,1,1,1,1,1,1,1,1,1,1,1,1,0,1,1,1,1,1,1,1,1,1,1,1,1,1,1,1,1,1,1,1,1,9,-17.030066586868678,240.001,5.254711669333727e-08,5.254711669333727e-08,25.764444504165667,25.764444504165667,21.613964530992114,21.613964530992114
1,1,1,1,1,1,1,1,1,1,1,1,1,1,1,1,1,1,1,1,1,1,1,1,1,1,1,1,1,1,1,1,1,1,1,1,1,1,1,1,1,1,1,1,1,1,1,1,1,1,1,1,1,1,1,1,1,1,1,0,1,1,1,1,1,1,1,1,1,1,1,1,1,1,1,1,1,1,1,1,10,-17.03024737481966,240.001,5.25593661544325e-08,5.25593661544325e-08,25.76325143357714,25.76325143357714,21.587647123869942,21.587647123869942
1,1,1,1,1,1,1,1,1,1,1,1,1,1,1,1,1,1,1,1,1,1,1,1,1,1,1,1,1,1,1,1,1,1,1,1,1,1,1,1,1,1,1,1,1,1,1,1,1,1,1,1,1,1,1,1,1,1,1,0,1,1,1,1,1,1,1,1,1,1,1,1,1,1,1,1,1,1,1,1,11,-17.030407291937404,240.001,5.257178266165723e-08,5.257178266165723e-08,25.762065670046027,25.762065670046027,21.564499176407004,21.564499176407004
1,1,1,1,1,1,1,1,1,1,1,1,1,1,1,1,1,1,1,1,1,1,1,1,1,1,1,1,1,1,1,1,1,1,1,1,1,1,1,1,1,1,1,1,1,1,1,1,1,1,1,1,1,1,1,1,1,1,1,0,1,1,1,1,1,1,1,1,1,1,1,1,1,1,1,1,1,1,1,1,12,-17.030550052489065,240.001,5.258433646396793e-08,5.258433646396793e-08,25.7608859661112,25.7608859661112,21.543937642035655,21.543937642035655
1,1,1,1,1,1,1,1,1,1,1,1,1,1,1,1,1,1,1,1,1,1,1,1,1,1,1,1,1,1,1,1,1,1,1,1,1,1,1,1,1,1,1,1,1,1,1,1,1,1,1,1,1,1,1,1,1,1,1,0,1,1,1,1,1,1,1,1,1,1,1,1,1,1,1,1,1,1,1,1,13,-17.030678437362255,240.001,5.2597005291996294e-08,5.2597005291996294e-08,25.759711387675605,25.759711387675605,21.525528808169938,21.525528808169938
1,1,1,1,1,1,1,1,1,1,1,1,1,1,1,1,1,1,1,1,1,1,1,1,1,1,1,1,1,1,1,1,1,1,1,1,1,1,1,1,1,1,1,1,1,1,1,1,1,1,1,1,1,1,1,1,1,1,1,0,1,1,1,1,1,1,1,1,1,1,1,1,1,1,1,1,1,1,1,1,14,-17.030794581333524,240.001,5.2609772054627914e-08,5.2609772054627914e-08,25.75854121757984,25.75854121757984,21.50894166541847,21.50894166541847
1,1,1,1,1,1,1,1,1,1,1,1,1,1,1,1,1,1,1,1,1,1,1,1,1,1,1,1,1,1,1,1,1,1,1,1,1,1,1,1,1,1,1,1,1,1,1,1,1,1,1,1,1,1,1,1,1,1,1,0,1,1,1,1,1,1,1,1,1,1,1,1,1,1,1,1,1,1,1,1,15,-17.030900157608787,240.001,5.262262335949077e-08,5.262262335949077e-08,25.757374893653058,25.757374893653058,21.493918140325555,21.493918140325555
1,1,1,1,1,1,1,1,1,1,1,1,1,1,1,1,1,1,1,1,1,1,1,1,1,1,1,1,1,1,1,1,1,1,1,1,1,1,1,1,1,1,1,1,1,1,1,1,1,1,1,1,1,1,1,1,1,1,1,0,1,1,1,1,1,1,1,1,1,1,1,1,1,1,1,1,1,1,1,1,16,-17.03099650076939,240.001,5.263554852739256e-08,5.263554852739256e-08,25.756211967437665,25.756211967437665,21.480253376840235,21.480253376840235
1,1,1,1,1,1,1,1,1,1,1,1,1,1,1,1,1,1,1,1,1,1,1,1,1,1,1,1,1,1,1,1,1,1,1,1,1,1,1,1,1,1,1,1,1,1,1,1,1,1,1,1,1,1,1,1,1,1,1,0,1,1,1,1,1,1,1,1,1,1,1,1,1,1,1,1,1,1,1,1,17,-17.031084691241425,240.001,5.2648538915281855e-08,5.2648538915281855e-08,25.755052075829447,25.755052075829447,21.467782259676223,21.467782259676223
1,1,1,1,1,1,1,1,1,1,1,1,1,1,1,1,1,1,1,1,1,1,1,1,1,1,1,1,1,1,1,1,1,1,1,1,1,1,1,1,1,1,1,1,1,1,1,1,1,1,1,1,1,1,1,1,1,1,1,0,1,1,1,1,1,1,1,1,1,1,1,1,1,1,1,1,1,1,1,1,18,-17.031165614877434,240.001,5.266158743874943e-08,5.266158743874943e-08,25.75389492107224,25.75389492107224,21.45636995417369,21.45636995417369
1,1,1,1,1,1,1,1,1,1,1,1,1,1,1,1,1,1,1,1,1,1,1,1,1,1,1,1,1,1,1,1,1,1,1,1,1,1,1,1,1,1,1,1,1,1,1,1,1,1,1,1,1,1,1,1,1,1,1,0,1,1,1,1,1,1,1,1,1,1,1,1,1,1,1,1,1,1,1,1,19,-17.031240005949826,240.001,5.2674688227514797e-08,5.2674688227514797e-08,25.75274025632153,25.75274025632153,21.445905110416476,21.445905110416476
1,1,1,1,1,1,1,1,1,1,1,1,1,1,1,1,1,1,1,1,1,1,1,1,1,1,1,1,1,1,1,1,1,1,1,1,1,1,1,1,1,1,1,1,1,1,1,1,1,1,1,1,1,1,1,1,1,1,1,0,1,1,1,1,1,1,1,1,1,1,1,1,1,1,1,1,1,1,1,1,20,-17.031308478794944,240.001,5.268783637188955e-08,5.268783637188955e-08,25.75158787501834,25.75158787501834,21.436294882027653,21.436294882027653
1,1,1,1,1,1,1,1,1,1,1,1,1,1,1,1,1,1,1,1,1,1,1,1,1,1,1,1,1,1,1,1,1,1,1,1,1,1,1,1,1,1,1,1,1,1,1,1,1,1,1,1,1,1,1,1,1,1,1,0,1,1,1,1,1,1,1,1,1,1,1,1,1,1,1,1,1,1,1,1,21,-17.031371551511047,240.001,5.270102773293159e-08,5.270102773293159e-08,25.750437602931044,25.750437602931044,21.42746121012664,21.42746121012664
1,1,1,1,1,1,1,1,1,1,1,1,1,1,1,1,1,1,1,1,1,1,1,1,1,1,1,1,1,1,1,1,1,1,1,1,1,1,1,1,1,1,1,1,1,1,1,1,1,1,1,1,1,1,1,1,1,1,1,0,1,1,1,1,1,1,1,1,1,1,1,1,1,1,1,1,1,1,1,1,22,-17.031429663977878,240.001,5.2714258798109927e-08,5.2714258798109927e-08,25.749289292103825,25.749289292103825,21.419338007814943,21.419338007814943
1,1,1,1,1,1,1,1,1,1,1,1,1,1,1,1,1,1,1,1,1,1,1,1,1,1,1,1,1,1,1,1,1,1,1,1,1,1,1,1,1,1,1,1,1,1,1,1,1,1,1,1,1,1,1,1,1,1,1,0,1,1,1,1,1,1,1,1,1,1,1,1,1,1,1,1,1,1,1,1,23,-17.03148319174254,240.001,5.272752657009757e-08,5.272752657009757e-08,25.74814281619309,25.74814281619309,21.41186899770968,21.41186899770968
1,1,1,1,1,1,1,1,1,1,1,1,1,1,1,1,1,1,1,1,1,1,1,1,1,1,1,1,1,1,1,1,1,1,1,1,1,1,1,1,1,1,1,1,1,1,1,1,1,1,1,1,1,1,1,1,1,1,1,0,1,1,1,1,1,1,1,1,1,1,1,1,1,1,1,1,1,1,1,1,24,-17.031532456845383,240.001,5.274082848008584e-08,5.274082848008584e-08,25.746998066831573,25.746998066831573,21.40500603115552,21.40500603115552
1,1,1,1,1,1,1,1,1,1,1,1,1,1,1,1,1,1,1,1,1,1,1,1,1,1,1,1,1,1,1,1,1,1,1,1,1,1,1,1,1,1,1,1,1,1,1,1,1,1,1,1,1,1,1,1,1,1,1,0,1,1,1,1,1,1,1,1,1,1,1,1,1,1,1,1,1,1,1,1,25,-17.031577736345017,240.001,5.2754162319536544e-08,5.2754162319536544e-08,25.745854950764922,25.745854950764922,21.3987077683174,21.3987077683174
1,1,1,1,1,1,1,1,1,1,1,1,1,1,1,1,1,1,1,1,1,1,1,1,1,1,1,1,1,1,1,1,1,1,1,1,1,1,1,1,1,1,1,1,1,1,1,1,1,1,1,1,1,1,1,1,1,1,1,0,1,1,1,1,1,1,1,1,1,1,1,1,1,1,1,1,1,1,1,1,26,-17.03161926908788,240.001,5.276752618600084e-08,5.276752618600084e-08,25.744713387577967,25.744713387577967,21.39293863265419,21.39293863265419
1,1,1,1,1,1,1,1,1,1,1,1,1,1,1,1,1,1,1,1,1,1,1,1,1,1,1,1,1,1,1,1,1,1,1,1,1,1,1,1,1,1,1,1,1,1,1,1,1,1,1,1,1,1,1,1,1,1,1,0,1,1,1,1,1,1,1,1,1,1,1,1,1,1,1,1,1,1,1,1,27,-17.031657261119236,240.001,5.2780918439824903e-08,5.2780918439824903e-08,25.74357330787723,25.74357330787723,21.38766797697789,21.38766797697789
1,1,1,1,1,1,1,1,1,1,1,1,1,1,1,1,1,1,1,1,1,1,1,1,1,1,1,1,1,1,1,1,1,1,1,1,1,1,1,1,1,1,1,1,1,1,1,1,1,1,1,1,1,1,1,1,1,1,1,0,1,1,1,1,1,1,1,1,1,1,1,1,1,1,1,1,1,1,1,1,28,-17.03169189002791,240.001,5.279433766940043e-08,5.279433766940043e-08,25.742434651831477,25.742434651831477,21.382869414982384,21.382869414982384
1,1,1,1,1,1,1,1,1,1,1,1,1,1,1,1,1,1,1,1,1,1,1,1,1,1,1,1,1,1,1,1,1,1,1,1,1,1,1,1,1,1,1,1,1,1,1,1,1,1,1,1,1,1,1,1,1,1,1,0,1,1,1,1,1,1,1,1,1,1,1,1,1,1,1,1,1,1,1,1,29,-17.031723308441606,240.001,5.280778266322368e-08,5.280778266322368e-08,25.741297367997692,25.741297367997692,21.378520284068735,21.378520284068735
1,1,1,1,1,1,1,1,1,1,1,1,1,1,1,1,1,1,1,1,1,1,1,1,1,1,1,1,1,1,1,1,1,1,1,1,1,1,1,1,1,1,1,1,1,1,1,1,1,1,1,1,1,1,1,1,1,1,1,0,1,1,1,1,1,1,1,1,1,1,1,1,1,1,1,1,1,1,1,1,30,-17.03175164683469,240.001,5.2821252387466594e-08,5.2821252387466594e-08,25.740161412377894,25.740161412377894,21.374601214002034,21.374601214002034
1,1,1,1,1,1,1,1,1,1,1,1,1,1,1,1,1,1,1,1,1,1,1,1,1,1,1,1,1,1,1,1,1,1,1,1,1,1,1,1,1,1,1,1,1,1,1,1,1,1,1,1,1,1,1,1,1,1,1,0,1,1,1,1,1,1,1,1,1,1,1,1,1,1,1,1,1,1,1,1,31,-17.03177701576906,240.001,5.283474596809486e-08,5.283474596809486e-08,25.739026747666465,25.739026747666465,21.37109578241199,21.37109578241199
1,1,1,1,1,1,1,1,1,1,1,1,1,1,1,1,1,1,1,1,1,1,1,1,1,1,1,1,1,1,1,1,1,1,1,1,1,1,1,1,1,1,1,1,1,1,1,1,1,1,1,1,1,1,1,1,1,1,1,0,1,1,1,1,1,1,1,1,1,1,1,1,1,1,1,1,1,1,1,1,32,-17.031799507657205,240.001,5.28482626768207e-08,5.28482626768207e-08,25.737893342657962,25.737893342657962,21.36799024308502,21.36799024308502
1,1,1,1,1,1,1,1,1,1,1,1,1,1,1,1,1,1,1,1,1,1,1,1,1,1,1,1,1,1,1,1,1,1,1,1,1,1,1,1,1,1,1,1,1,1,1,1,1,1,1,1,1,1,1,1,1,1,1,0,1,1,1,1,1,1,1,1,1,1,1,1,1,1,1,1,1,1,1,1,33,-17.031819198111535,240.001,5.2861801920379006e-08,5.2861801920379006e-08,25.736761171793923,25.736761171793923,21.365273316876618,21.365273316876618
1,1,1,1,1,1,1,1,1,1,1,1,1,1,1,1,1,1,1,1,1,1,1,1,1,1,1,1,1,1,1,1,1,1,1,1,1,1,1,1,1,1,1,1,1,1,1,1,1,1,1,1,1,1,1,1,1,1,1,0,1,1,1,1,1,1,1,1,1,1,1,1,1,1,1,1,1,1,1,1,34,-17.031836146923304,240.001,5.2875363232781874e-08,5.2875363232781874e-08,25.735630214834178,25.735630214834178,21.362936038257025,21.362936038257025
1,1,1,1,1,1,1,1,1,1,1,1,1,1,1,1,1,1,1,1,1,1,1,1,1,1,1,1,1,1,1,1,1,1,1,1,1,1,1,1,1,1,1,1,1,1,1,1,1,1,1,1,1,1,1,1,1,1,1,0,1,1,1,1,1,1,1,1,1,1,1,1,1,1,1,1,1,1,1,1,35,-17.03185039869634,240.001,5.288894627035316e-08,5.288894627035316e-08,25.73450045664412,25.73450045664412,21.36097165327388,21.36097165327388
1,1,1,1,1,1,1,1,1,1,1,1,1,1,1,1,1,1,1,1,1,1,1,1,1,1,1,1,1,1,1,1,1,1,1,1,1,1,1,1,1,1,1,1,1,1,1,1,1,1,1,1,1,1,1,1,1,1,1,0,1,1,1,1,1,1,1,1,1,1,1,1,1,1,1,1,1,1,1,1,36,-17.031861983143138,240.001,5.290255080948652e-08,5.290255080948652e-08,25.733371887095473,25.733371887095473,21.359375567314622,21.359375567314622
1,1,1,1,1,1,1,1,1,1,1,1,1,1,1,1,1,1,1,1,1,1,1,1,1,1,1,1,1,1,1,1,1,1,1,1,1,1,1,1,1,1,1,1,1,1,1,1,1,1,1,1,1,1,1,1,1,1,1,0,1,1,1,1,1,1,1,1,1,1,1,1,1,1,1,1,1,1,1,1,37,-17.031870915033092,240.001,5.2916176747214137e-08,5.2916176747214137e-08,25.732244501083983,25.732244501083983,21.358145343718714,21.358145343718714
1,1,1,1,1,1,1,1,1,1,1,1,1,1,1,1,1,1,1,1,1,1,1,1,1,1,1,1,1,1,1,1,1,1,1,1,1,1,1,1,1,1,1,1,1,1,1,1,1,1,1,1,1,1,1,1,1,1,1,0,1,1,1,1,1,1,1,1,1,1,1,1,1,1,1,1,1,1,1,1,38,-17.031877193761574,240.001,5.292982410484462e-08,5.292982410484462e-08,25.731118298674566,25.731118298674566,21.357280757292912,21.357280757292912
1,1,1,1,1,1,1,1,1,1,1,1,1,1,1,1,1,1,1,1,1,1,1,1,1,1,1,1,1,1,1,1,1,1,1,1,1,1,1,1,1,1,1,1,1,1,1,1,1,1,1,1,1,1,1,1,1,1,1,0,1,1,1,1,1,1,1,1,1,1,1,1,1,1,1,1,1,1,1,1,39,-17.03188080248325,240.001,5.294349303513339e-08,5.294349303513339e-08,25.729993285392933,25.729993285392933,21.356783910465115,21.356783910465115
1,1,1,1,1,1,1,1,1,1,1,1,1,1,1,1,1,1,1,1,1,1,1,1,1,1,1,1,1,1,1,1,1,1,1,1,1,1,1,1,1,1,1,1,1,1,1,1,1,1,1,1,1,1,1,1,1,1,1,0,1,1,1,1,1,1,1,1,1,1,1,1,1,1,1,1,1,1,1,1,40,-17.03188170671876,240.001,5.295718383372704e-08,5.295718383372704e-08,25.728869472694328,25.728869472694328,21.356659424655078,21.356659424655078
1,1,1,1,1,1,1,1,1,1,1,1,1,1,1,1,1,1,1,1,1,1,1,1,1,1,1,1,1,1,1,1,1,1,1,1,1,1,1,1,1,1,1,1,1,1,1,1,1,1,1,1,1,1,1,1,1,1,1,0,1,1,1,1,1,1,1,1,1,1,1,1,1,1,1,1,1,1,1,1,41,-17.031879852296647,240.001,5.2970896956008605e-08,5.2970896956008605e-08,25.727746878655672,25.727746878655672,21.356914726164156,21.356914726164156
1,1,1,1,1,1,1,1,1,1,1,1,1,1,1,1,1,1,1,1,1,1,1,1,1,1,1,1,1,1,1,1,1,1,1,1,1,1,1,1,1,1,1,1,1,1,1,1,1,1,1,1,1,1,1,1,1,1,1,0,1,1,1,1,1,1,1,1,1,1,1,1,1,1,1,1,1,1,1,1,42,-17.031875162423546,240.001,5.298463304102855e-08,5.298463304102855e-08,25.72662552896091,25.72662552896091,21.35756045562532,21.35756045562532
1,1,1,1,1,1,1,1,1,1,1,1,1,1,1,1,1,1,1,1,1,1,1,1,1,1,1,1,1,1,1,1,1,1,1,1,1,1,1,1,1,1,1,1,1,1,1,1,1,1,1,1,1,1,1,1,1,1,1,0,1,1,1,1,1,1,1,1,1,1,1,1,1,1,1,1,1,1,1,1,43,-17.031867533572225,240.001,5.2998392945050497e-08,5.2998392945050497e-08,25.7255054582837,25.7255054582837,21.358611044650686,21.358611044650686
1,1,1,1,1,1,1,1,1,1,1,1,1,1,1,1,1,1,1,1,1,1,1,1,1,1,1,1,1,1,1,1,1,1,1,1,1,1,1,1,1,1,1,1,1,1,1,1,1,1,1,1,1,1,1,1,1,1,1,0,1,1,1,1,1,1,1,1,1,1,1,1,1,1,1,1,1,1,1,1,44,-17.031856829717704,240.001,5.3012177788534376e-08,5.3012177788534376e-08,25.724386712225584,25.724386712225584,21.360085525861425,21.360085525861425
1,1,1,1,1,1,1,1,1,1,1,1,1,1,1,1,1,1,1,1,1,1,1,1,1,1,1,1,1,1,1,1,1,1,1,1,1,1,1,1,1,1,1,1,1,1,1,1,1,1,1,1,1,1,1,1,1,1,1,0,1,1,1,1,1,1,1,1,1,1,1,1,1,1,1,1,1,1,1,1,45,-17.031842874197626,240.001,5.302598902244975e-08,5.302598902244975e-08,25.72326935005279,25.72326935005279,21.362008678333865,21.362008678333865
1,1,1,1,1,1,1,1,1,1,1,1,1,1,1,1,1,1,1,1,1,1,1,1,1,1,1,1,1,1,1,1,1,1,1,1,1,1,1,1,1,1,1,1,1,1,1,1,1,1,1,1,1,1,1,1,1,1,1,0,1,1,1,1,1,1,1,1,1,1,1,1,1,1,1,1,1,1,1,1,46,-17.03182543805809,240.001,5.303982852318753e-08,5.303982852318753e-08,25.722153448614602,25.722153448614602,21.364412669200394,21.364412669200394
1,1,1,1,1,1,1,1,1,1,1,1,1,1,1,1,1,1,1,1,1,1,1,1,1,1,1,1,1,1,1,1,1,1,1,1,1,1,1,1,1,1,1,1,1,1,1,1,1,1,1,1,1,1,1,1,1,1,1,0,1,1,1,1,1,1,1,1,1,1,1,1,1,1,1,1,1,1,1,1,47,-17.03180422304436,240.001,5.305369873104976e-08,5.305369873104976e-08,25.72103910806191,25.72103910806191,21.36733945135257,21.36733945135257
1,1,1,1,1,1,1,1,1,1,1,1,1,1,1,1,1,1,1,1,1,1,1,1,1,1,1,1,1,1,1,1,1,1,1,1,1,1,1,1,1,1,1,1,1,1,1,1,1,1,1,1,1,1,1,1,1,1,1,0,1,1,1,1,1,1,1,1,1,1,1,1,1,1,1,1,1,1,1,1,48,-17.031778836170243,240.001,5.3067602857272564e-08,5.3067602857272564e-08,25.719926460396604,25.719926460396604,21.370844350782903,21.370844350782903
1,1,1,1,1,1,1,1,1,1,1,1,1,1,1,1,1,1,1,1,1,1,1,1,1,1,1,1,1,1,1,1,1,1,1,1,1,1,1,1,1,1,1,1,1,1,1,1,1,1,1,1,1,1,1,1,1,1,1,0,1,1,1,1,1,1,1,1,1,1,1,1,1,1,1,1,1,1,1,1,49,-17.031748750571158,240.001,5.3081545202676756e-08,5.3081545202676756e-08,25.71881568263139,25.71881568263139,21.375001592951044,21.375001592951044
1,1,1,1,1,1,1,1,1,1,1,1,1,1,1,1,1,1,1,1,1,1,1,1,1,1,1,1,1,1,1,1,1,1,1,1,1,1,1,1,1,1,1,1,1,1,1,1,1,1,1,1,1,1,1,1,1,1,1,0,1,1,1,1,1,1,1,1,1,1,1,1,1,1,1,1,1,1,1,1,50,-17.031713243111604,240.001,5.3095531665505085e-08,5.3095531665505085e-08,25.717707017762606,25.717707017762606,21.379913118563664,21.379913118563664
1,1,1,1,1,1,1,1,1,1,1,1,1,1,1,1,1,1,1,1,1,1,1,1,1,1,1,1,1,1,1,1,1,1,1,1,1,1,1,1,1,1,1,1,1,1,1,1,1,1,1,1,1,1,1,1,1,1,1,0,1,1,1,1,1,1,1,1,1,1,1,1,1,1,1,1,1,1,1,1,51,-17.03167129074335,240.001,5.3109570584980044e-08,5.3109570584980044e-08,25.716600809606334,25.716600809606334,21.38572324381353,21.38572324381353
1,1,1,1,1,1,1,1,1,1,1,1,1,1,1,1,1,1,1,1,1,1,1,1,1,1,1,1,1,1,1,1,1,1,1,1,1,1,1,1,1,1,1,1,1,1,1,1,1,1,1,1,1,1,1,1,1,1,1,0,1,1,1,1,1,1,1,1,1,1,1,1,1,1,1,1,1,1,1,1,52,-17.031621389583705,240.001,5.3123674213858364e-08,5.3123674213858364e-08,25.71549756360489,25.71549756360489,21.392644287695852,21.392644287695852
1,1,1,1,1,1,1,1,1,1,1,1,1,1,1,1,1,1,1,1,1,1,1,1,1,1,1,1,1,1,1,1,1,1,1,1,1,1,1,1,1,1,1,1,1,1,1,1,1,1,1,1,1,1,1,1,1,1,1,0,1,1,1,1,1,1,1,1,1,1,1,1,1,1,1,1,1,1,1,1,53,-17.031561219411508,240.001,5.313786144921921e-08,5.313786144921921e-08,25.714398059577228,25.714398059577228,21.40100418112679,21.40100418112679
1,1,1,1,1,1,1,1,1,1,1,1,1,1,1,1,1,1,1,1,1,1,1,1,1,1,1,1,1,1,1,1,1,1,1,1,1,1,1,1,1,1,1,1,1,1,1,1,1,1,1,1,1,1,1,1,1,1,1,0,1,1,1,1,1,1,1,1,1,1,1,1,1,1,1,1,1,1,1,1,54,-17.031486972855,240.001,5.315216329268184e-08,5.315216329268184e-08,25.713303577130347,25.713303577130347,21.411341881166436,21.411341881166436
1,1,1,1,1,1,1,1,1,1,1,1,1,1,1,1,1,1,1,1,1,1,1,1,1,1,1,1,1,1,1,1,1,1,1,1,1,1,1,1,1,1,1,1,1,1,1,1,1,1,1,1,1,1,1,1,1,1,1,0,1,1,1,1,1,1,1,1,1,1,1,1,1,1,1,1,1,1,1,1,55,-17.031391877948707,240.001,5.316663487713955e-08,5.316663487713955e-08,25.712216392059556,25.712216392059556,21.424618180367666,21.424618180367666
1,1,1,1,1,1,1,1,1,1,1,1,1,1,1,1,1,1,1,1,1,1,1,1,1,1,1,1,1,1,1,1,1,1,1,1,1,1,1,1,1,1,1,1,1,1,1,1,1,1,1,1,1,1,1,1,1,1,1,0,1,1,1,1,1,1,1,1,1,1,1,1,1,1,1,1,1,1,1,1,56,-17.031262493182638,240.001,5.3181385628624316e-08,5.3181385628624316e-08,25.711141020971333,25.711141020971333,21.442746677036013,21.442746677036013
1,1,1,1,1,1,1,1,1,1,1,1,1,1,1,1,1,1,1,1,1,1,1,1,1,1,1,1,1,1,1,1,1,1,1,1,1,1,1,1,1,1,1,1,1,1,1,1,1,1,1,1,1,1,1,1,1,1,1,0,1,1,1,1,1,1,1,1,1,1,1,1,1,1,1,1,1,1,1,1,57,-17.031067520969504,240.001,5.319667034693353e-08,5.319667034693353e-08,25.710087978487458,25.710087978487458,21.470207541813192,21.470207541813192
1,1,1,1,1,1,1,1,1,1,1,1,1,1,1,1,1,1,1,1,1,1,1,1,1,1,1,1,1,1,1,1,1,1,1,1,1,1,1,1,1,1,1,1,1,1,1,1,1,1,1,1,1,1,1,1,1,1,1,0,1,1,1,1,1,1,1,1,1,1,1,1,1,1,1,1,1,1,1,1,58,-17.03071240967095,240.001,5.321325890792599e-08,5.321325890792599e-08,25.70908902055384,25.70908902055384,21.520670528090918,21.520670528090918
1,1,1,1,1,1,1,1,1,1,1,1,1,1,1,1,1,1,1,1,1,1,1,1,1,1,1,1,1,1,1,1,1,1,1,1,1,1,1,1,1,1,1,1,1,1,1,1,1,1,1,1,1,1,1,1,1,1,1,0,1,1,1,1,1,1,1,1,1,1,1,1,1,1,1,1,1,1,1,1,59,-17.02970598895638,240.001,5.3235152185621376e-08,5.3235152185621376e-08,25.70830901162981,25.70830901162981,21.66693479178301,21.66693479178301
1,1,1,1,1,1,1,1,1,1,1,1,1,1,1,1,1,1,1,1,1,1,1,1,1,1,1,1,1,1,1,1,1,1,1,1,1,1,1,1,1,1,1,1,1,1,1,1,1,1,1,1,1,1,1,1,1,1,1,0,1,1,1,1,1,1,1,1,1,1,1,1,1,1,1,1,1,1,1,1,61,-17.029594254784723,240.001,5.326346711930512e-08,5.326346711930512e-08,25.706111416380246,25.706111416380246,21.683479132273582,21.683479132273582
1,1,1,1,1,1,1,1,1,1,1,1,1,1,1,1,1,1,1,1,1,1,1,1,1,1,1,1,1,1,1,1,1,1,1,1,1,1,1,1,1,1,1,1,1,1,1,1,1,1,1,1,1,1,1,1,1,1,1,0,1,1,1,1,1,1,1,1,1,1,1,1,1,1,1,1,1,1,1,1,62,-17.030488166358452,240.001,5.326988671835366e-08,5.326988671835366e-08,25.704694101319102,25.704694101319102,21.552839117569697,21.552839117569697
1,1,1,1,1,1,1,1,1,1,1,1,1,1,1,1,1,1,1,1,1,1,1,1,1,1,1,1,1,1,1,1,1,1,1,1,1,1,1,1,1,1,1,1,1,1,1,1,1,1,1,1,1,1,1,1,1,1,1,0,1,1,1,1,1,1,1,1,1,1,1,1,1,1,1,1,1,1,1,1,63,-17.030729093054916,240.001,5.32816249175003e-08,5.32816249175003e-08,25.703496297510483,25.703496297510483,21.518286660801973,21.518286660801973
1,1,1,1,1,1,1,1,1,1,1,1,1,1,1,1,1,1,1,1,1,1,1,1,1,1,1,1,1,1,1,1,1,1,1,1,1,1,1,1,1,1,1,1,1,1,1,1,1,1,1,1,1,1,1,1,1,1,1,0,1,1,1,1,1,1,1,1,1,1,1,1,1,1,1,1,1,1,1,1,64,-17.030807304547494,240.001,5.329468814235077e-08,5.329468814235077e-08,25.702353442977824,25.702353442977824,21.50712841233009,21.50712841233009
1,1,1,1,1,1,1,1,1,1,1,1,1,1,1,1,1,1,1,1,1,1,1,1,1,1,1,1,1,1,1,1,1,1,1,1,1,1,1,1,1,1,1,1,1,1,1,1,1,1,1,1,1,1,1,1,1,1,1,0,1,1,1,1,1,1,1,1,1,1,1,1,1,1,1,1,1,1,1,1,65,-17.030816369188063,240.001,5.3308314580290577e-08,5.3308314580290577e-08,25.701234111893285,25.701234111893285,21.505837020477692,21.505837020477692
1,1,1,1,1,1,1,1,1,1,1,1,1,1,1,1,1,1,1,1,1,1,1,1,1,1,1,1,1,1,1,1,1,1,1,1,1,1,1,1,1,1,1,1,1,1,1,1,1,1,1,1,1,1,1,1,1,1,1,0,1,1,1,1,1,1,1,1,1,1,1,1,1,1,1,1,1,1,1,1,66,-17.030786481905903,240.001,5.332225848293776e-08,5.332225848293776e-08,25.700128159830985,25.700128159830985,21.51009634977386,21.51009634977386
1,1,1,1,1,1,1,1,1,1,1,1,1,1,1,1,1,1,1,1,1,1,1,1,1,1,1,1,1,1,1,1,1,1,1,1,1,1,1,1,1,1,1,1,1,1,1,1,1,1,1,1,1,1,1,1,1,1,1,0,1,1,1,1,1,1,1,1,1,1,1,1,1,1,1,1,1,1,1,1,67,-17.03072981472614,240.001,5.333642084554266e-08,5.333642084554266e-08,25.699031496404203,25.699031496404203,21.51818357144159,21.51818357144159
1,1,1,1,1,1,1,1,1,1,1,1,1,1,1,1,1,1,1,1,1,1,1,1,1,1,1,1,1,1,1,1,1,1,1,1,1,1,1,1,1,1,1,1,1,1,1,1,1,1,1,1,1,1,1,1,1,1,1,0,1,1,1,1,1,1,1,1,1,1,1,1,1,1,1,1,1,1,1,1,68,-17.030651640052525,240.001,5.335075884343609e-08,5.335075884343609e-08,25.697942349301705,25.697942349301705,21.529364823793905,21.529364823793905
1,1,1,1,1,1,1,1,1,1,1,1,1,1,1,1,1,1,1,1,1,1,1,1,1,1,1,1,1,1,1,1,1,1,1,1,1,1,1,1,1,1,1,1,1,1,1,1,1,1,1,1,1,1,1,1,1,1,1,0,1,1,1,1,1,1,1,1,1,1,1,1,1,1,1,1,1,1,1,1,69,-17.030553948135253,240.001,5.336525638691461e-08,5.336525638691461e-08,25.696860049038975,25.696860049038975,21.543377912165308,21.543377912165308
1,1,1,1,1,1,1,1,1,1,1,1,1,1,1,1,1,1,1,1,1,1,1,1,1,1,1,1,1,1,1,1,1,1,1,1,1,1,1,1,1,1,1,1,1,1,1,1,1,1,1,1,1,1,1,1,1,1,1,0,1,1,1,1,1,1,1,1,1,1,1,1,1,1,1,1,1,1,1,1,70,-17.030436799086033,240.001,5.337991312255738e-08,5.337991312255738e-08,25.695784574668963,25.695784574668963,21.560241384232093,21.560241384232093
1,1,1,1,1,1,1,1,1,1,1,1,1,1,1,1,1,1,1,1,1,1,1,1,1,1,1,1,1,1,1,1,1,1,1,1,1,1,1,1,1,1,1,1,1,1,1,1,1,1,1,1,1,1,1,1,1,1,1,0,1,1,1,1,1,1,1,1,1,1,1,1,1,1,1,1,1,1,1,1,71,-17.03029880710226,240.001,5.3394740502477883e-08,5.3394740502477883e-08,25.69471639101024,25.69471639101024,21.580188943913026,21.580188943913026
1,1,1,1,1,1,1,1,1,1,1,1,1,1,1,1,1,1,1,1,1,1,1,1,1,1,1,1,1,1,1,1,1,1,1,1,1,1,1,1,1,1,1,1,1,1,1,1,1,1,1,1,1,1,1,1,1,1,1,0,1,1,1,1,1,1,1,1,1,1,1,1,1,1,1,1,1,1,1,1,72,-17.030137187015264,240.001,5.340976142217205e-08,5.340976142217205e-08,25.69365643289374,25.69365643289374,21.603668369760094,21.603668369760094
1,1,1,1,1,1,1,1,1,1,1,1,1,1,1,1,1,1,1,1,1,1,1,1,1,1,1,1,1,1,1,1,1,1,1,1,1,1,1,1,1,1,1,1,1,1,1,1,1,1,1,1,1,1,1,1,1,1,1,0,1,1,1,1,1,1,1,1,1,1,1,1,1,1,1,1,1,1,1,1,73,-17.02994746662248,240.001,5.342501258914842e-08,5.342501258914842e-08,25.692606201638434,25.692606201638434,21.631391899523198,21.631391899523198
1,1,1,1,1,1,1,1,1,1,1,1,1,1,1,1,1,1,1,1,1,1,1,1,1,1,1,1,1,1,1,1,1,1,1,1,1,1,1,1,1,1,1,1,1,1,1,1,1,1,1,1,1,1,1,1,1,1,1,0,1,1,1,1,1,1,1,1,1,1,1,1,1,1,1,1,1,1,1,1,74,-17.029722787423434,240.001,5.344055026117558e-08,5.344055026117558e-08,25.691567999682768,25.691567999682768,21.664452867844865,21.664452867844865
1,1,1,1,1,1,1,1,1,1,1,1,1,1,1,1,1,1,1,1,1,1,1,1,1,1,1,1,1,1,1,1,1,1,1,1,1,1,1,1,1,1,1,1,1,1,1,1,1,1,1,1,1,1,1,1,1,1,1,0,1,1,1,1,1,1,1,1,1,1,1,1,1,1,1,1,1,1,1,1,75,-17.029452494043262,240.001,5.3456461813440445e-08,5.3456461813440445e-08,25.69054540390466,25.69054540390466,21.704559968883842,21.704559968883842
1,1,1,1,1,1,1,1,1,1,1,1,1,1,1,1,1,1,1,1,1,1,1,1,1,1,1,1,1,1,1,1,1,1,1,1,1,1,1,1,1,1,1,1,1,1,1,1,1,1,1,1,1,1,1,1,1,1,1,0,1,1,1,1,1,1,1,1,1,1,1,1,1,1,1,1,1,1,1,1,76,-17.02911922229071,240.001,5.3472889613227944e-08,5.3472889613227944e-08,25.689544242639816,25.689544242639816,21.754523933400694,21.754523933400694
1,1,1,1,1,1,1,1,1,1,1,1,1,1,1,1,1,1,1,1,1,1,1,1,1,1,1,1,1,1,1,1,1,1,1,1,1,1,1,1,1,1,1,1,1,1,1,1,1,1,1,1,1,1,1,1,1,1,1,0,1,1,1,1,1,1,1,1,1,1,1,1,1,1,1,1,1,1,1,1,77,-17.02869226330391,240.001,5.3490085426596605e-08,5.3490085426596605e-08,25.6885748218196,25.6885748218196,21.819379291164903,21.819379291164903
1,1,1,1,1,1,1,1,1,1,1,1,1,1,1,1,1,1,1,1,1,1,1,1,1,1,1,1,1,1,1,1,1,1,1,1,1,1,1,1,1,1,1,1,1,1,1,1,1,1,1,1,1,1,1,1,1,1,1,0,1,1,1,1,1,1,1,1,1,1,1,1,1,1,1,1,1,1,1,1,78,-17.028109710986502,240.001,5.350855680236522e-08,5.350855680236522e-08,25.687657912745337,25.687657912745337,21.909450656738297,21.909450656738297
1,1,1,1,1,1,1,1,1,1,1,1,1,1,1,1,1,1,1,1,1,1,1,1,1,1,1,1,1,1,1,1,1,1,1,1,1,1,1,1,1,1,1,1,1,1,1,1,1,1,1,1,1,1,1,1,1,1,1,0,1,1,1,1,1,1,1,1,1,1,1,1,1,1,1,1,1,1,1,1,79,-17.027215106257792,240.001,5.352958665465941e-08,5.352958665465941e-08,25.68684599517664,25.68684599517664,22.051488155560843,22.051488155560843
1,1,1,1,1,1,1,1,1,1,1,1,1,1,1,1,1,1,1,1,1,1,1,1,1,1,1,1,1,1,1,1,1,1,1,1,1,1,1,1,1,1,1,1,1,1,1,1,1,1,1,1,1,1,1,1,1,1,1,0,1,1,1,1,1,1,1,1,1,1,1,1,1,1,1,1,1,1,1,1,80,-17.02535994659059,240.001,5.355849440638834e-08,5.355849440638834e-08,25.686356453689303,25.686356453689303,22.3616235690813,22.3616235690813
1,1,1,1,1,1,1,1,1,1,1,1,1,1,1,1,1,1,1,1,1,1,1,1,1,1,1,1,1,1,1,1,1,1,1,1,1,1,1,1,1,1,1,1,1,1,1,1,1,1,1,1,1,1,1,1,1,1,1,1,1,1,1,1,1,1,1,1,1,1,1,1,1,1,1,1,1,1,1,1,1,-17.025216212112152,240.001,5.2476416401310254e-08,5.2476416401310254e-08,25.775142092480863,25.775142092480863,22.38659699910313,22.38659699910313
1,1,1,1,1,1,1,1,1,1,1,1,1,1,1,1,1,1,1,1,1,1,1,1,1,1,1,1,1,1,1,1,1,1,1,1,1,1,1,1,1,1,1,1,1,1,1,1,1,1,1,1,1,1,1,1,1,1,1,1,1,1,1,1,1,1,1,1,1,1,1,1,1,1,1,1,1,1,1,1,2,-17.027082242489755,240.001,5.247514446569275e-08,5.247514446569275e-08,25.773381328688245,25.773381328688245,22.07298241654383,22.07298241654383
1,1,1,1,1,1,1,1,1,1,1,1,1,1,1,1,1,1,1,1,1,1,1,1,1,1,1,1,1,1,1,1,1,1,1,1,1,1,1,1,1,1,1,1,1,1,1,1,1,1,1,1,1,1,1,1,1,1,1,1,1,1,1,1,1,1,1,1,1,1,1,1,1,1,1,1,1,1,1,1,3,-17.02798821386139,240.001,5.2481579954933465e-08,5.2481579954933465e-08,25.771942776391562,25.771942776391562,21.92847215366108,21.92847215366108
1,1,1,1,1,1,1,1,1,1,1,1,1,1,1,1,1,1,1,1,1,1,1,1,1,1,1,1,1,1,1,1,1,1,1,1,1,1,1,1,1,1,1,1,1,1,1,1,1,1,1,1,1,1,1,1,1,1,1,1,1,1,1,1,1,1,1,1,1,1,1,1,1,1,1,1,1,1,1,1,4,-17.028582750756442,240.001,5.2490513738988346e-08,5.2490513738988346e-08,25.77060901576754,25.77060901576754,21.836170534411398,21.836170534411398
1,1,1,1,1,1,1,1,1,1,1,1,1,1,1,1,1,1,1,1,1,1,1,1,1,1,1,1,1,1,1,1,1,1,1,1,1,1,1,1,1,1,1,1,1,1,1,1,1,1,1,1,1,1,1,1,1,1,1,1,1,1,1,1,1,1,1,1,1,1,1,1,1,1,1,1,1,1,1,1,5,-17.029022437665255,240.001,5.250068907944776e-08,5.250068907944776e-08,25.769327526096546,25.769327526096546,21.76914148119377,21.76914148119377
1,1,1,1,1,1,1,1,1,1,1,1,1,1,1,1,1,1,1,1,1,1,1,1,1,1,1,1,1,1,1,1,1,1,1,1,1,1,1,1,1,1,1,1,1,1,1,1,1,1,1,1,1,1,1,1,1,1,1,1,1,1,1,1,1,1,1,1,1,1,1,1,1,1,1,1,1,1,1,1,6,-17.029369333745876,240.001,5.251160809234058e-08,5.251160809234058e-08,25.76807748491921,25.76807748491921,21.716973966969206,21.716973966969206
1,1,1,1,1,1,1,1,1,1,1,1,1,1,1,1,1,1,1,1,1,1,1,1,1,1,1,1,1,1,1,1,1,1,1,1,1,1,1,1,1,1,1,1,1,1,1,1,1,1,1,1,1,1,1,1,1,1,1,1,1,1,1,1,1,1,1,1,1,1,1,1,1,1,1,1,1,1,1,1,7,-17.029654342543243,240.001,5.25230229269477e-08,5.25230229269477e-08,25.766848520846686,25.766848520846686,21.674574232706462,21.674574232706462
1,1,1,1,1,1,1,1,1,1,1,1,1,1,1,1,1,1,1,1,1,1,1,1,1,1,1,1,1,1,1,1,1,1,1,1,1,1,1,1,1,1,1,1,1,1,1,1,1,1,1,1,1,1,1,1,1,1,1,1,1,1,1,1,1,1,1,1,1,1,1,1,1,1,1,1,1,1,1,1,8,-17.029895081859582,240.001,5.2534792326252746e-08,5.2534792326252746e-08,25.765634720138856,25.765634720138856,21.639077866986476,21.639077866986476
1,1,1,1,1,1,1,1,1,1,1,1,1,1,1,1,1,1,1,1,1,1,1,1,1,1,1,1,1,1,1,1,1,1,1,1,1,1,1,1,1,1,1,1,1,1,1,1,1,1,1,1,1,1,1,1,1,1,1,1,1,1,1,1,1,1,1,1,1,1,1,1,1,1,1,1,1,1,1,1,9,-17.030102544723828,240.001,5.254682817282634e-08,5.254682817282634e-08,25.764432392187835,25.764432392187835,21.608717491779128,21.608717491779128
1,1,1,1,1,1,1,1,1,1,1,1,1,1,1,1,1,1,1,1,1,1,1,1,1,1,1,1,1,1,1,1,1,1,1,1,1,1,1,1,1,1,1,1,1,1,1,1,1,1,1,1,1,1,1,1,1,1,1,1,1,1,1,1,1,1,1,1,1,1,1,1,1,1,1,1,1,1,1,1,10,-17.030284049849193,240.001,5.255907181623888e-08,5.255907181623888e-08,25.763239079581247,25.763239079581247,21.58232758787491,21.58232758787491
1,1,1,1,1,1,1,1,1,1,1,1,1,1,1,1,1,1,1,1,1,1,1,1,1,1,1,1,1,1,1,1,1,1,1,1,1,1,1,1,1,1,1,1,1,1,1,1,1,1,1,1,1,1,1,1,1,1,1,1,1,1,1,1,1,1,1,1,1,1,1,1,1,1,1,1,1,1,1,1,11,-17.030444713727068,240.001,5.25714822640186e-08,5.25714822640186e-08,25.762053064118216,25.762053064118216,21.559100030226404,21.559100030226404
1,1,1,1,1,1,1,1,1,1,1,1,1,1,1,1,1,1,1,1,1,1,1,1,1,1,1,1,1,1,1,1,1,1,1,1,1,1,1,1,1,1,1,1,1,1,1,1,1,1,1,1,1,1,1,1,1,1,1,1,1,1,1,1,1,1,1,1,1,1,1,1,1,1,1,1,1,1,1,1,12,-17.030588252419804,240.001,5.2584029750762295e-08,5.2584029750762295e-08,25.760873097724065,25.760873097724065,21.538452132800103,21.538452132800103
1,1,1,1,1,1,1,1,1,1,1,1,1,1,1,1,1,1,1,1,1,1,1,1,1,1,1,1,1,1,1,1,1,1,1,1,1,1,1,1,1,1,1,1,1,1,1,1,1,1,1,1,1,1,1,1,1,1,1,1,1,1,1,1,1,1,1,1,1,1,1,1,1,1,1,1,1,1,1,1,13,-17.030717448777054,240.001,5.259669199132508e-08,5.259669199132508e-08,25.759698245634397,25.759698245634397,21.51995035972654,21.51995035972654
1,1,1,1,1,1,1,1,1,1,1,1,1,1,1,1,1,1,1,1,1,1,1,1,1,1,1,1,1,1,1,1,1,1,1,1,1,1,1,1,1,1,1,1,1,1,1,1,1,1,1,1,1,1,1,1,1,1,1,1,1,1,1,1,1,1,1,1,1,1,1,1,1,1,1,1,1,1,1,1,14,-17.030834439717964,240.001,5.260945187730572e-08,5.260945187730572e-08,25.758527789963285,25.758527789963285,21.503263743939836,21.503263743939836
1,1,1,1,1,1,1,1,1,1,1,1,1,1,1,1,1,1,1,1,1,1,1,1,1,1,1,1,1,1,1,1,1,1,1,1,1,1,1,1,1,1,1,1,1,1,1,1,1,1,1,1,1,1,1,1,1,1,1,1,1,1,1,1,1,1,1,1,1,1,1,1,1,1,1,1,1,1,1,1,15,-17.030940900788814,240.001,5.262229599740784e-08,5.262229599740784e-08,25.75736116774799,25.75736116774799,21.48813414999575,21.48813414999575
1,1,1,1,1,1,1,1,1,1,1,1,1,1,1,1,1,1,1,1,1,1,1,1,1,1,1,1,1,1,1,1,1,1,1,1,1,1,1,1,1,1,1,1,1,1,1,1,1,1,1,1,1,1,1,1,1,1,1,1,1,1,1,1,1,1,1,1,1,1,1,1,1,1,1,1,1,1,1,1,16,-17.03103816912953,240.001,5.2635213651718326e-08,5.2635213651718326e-08,25.756197929666385,25.756197929666385,21.474356574007636,21.474356574007636
1,1,1,1,1,1,1,1,1,1,1,1,1,1,1,1,1,1,1,1,1,1,1,1,1,1,1,1,1,1,1,1,1,1,1,1,1,1,1,1,1,1,1,1,1,1,1,1,1,1,1,1,1,1,1,1,1,1,1,1,1,1,1,1,1,1,1,1,1,1,1,1,1,1,1,1,1,1,1,1,17,-17.03112732796707,240.001,5.264819617447872e-08,5.264819617447872e-08,25.755037711668834,25.755037711668834,21.461765678119242,21.461765678119242
1,1,1,1,1,1,1,1,1,1,1,1,1,1,1,1,1,1,1,1,1,1,1,1,1,1,1,1,1,1,1,1,1,1,1,1,1,1,1,1,1,1,1,1,1,1,1,1,1,1,1,1,1,1,1,1,1,1,1,1,1,1,1,1,1,1,1,1,1,1,1,1,1,1,1,1,1,1,1,1,18,-17.031209266224913,240.001,5.266123645636422e-08,5.266123645636422e-08,25.753880214963317,25.753880214963317,21.4502263365584,21.4502263365584
1,1,1,1,1,1,1,1,1,1,1,1,1,1,1,1,1,1,1,1,1,1,1,1,1,1,1,1,1,1,1,1,1,1,1,1,1,1,1,1,1,1,1,1,1,1,1,1,1,1,1,1,1,1,1,1,1,1,1,1,1,1,1,1,1,1,1,1,1,1,1,1,1,1,1,1,1,1,1,1,19,-17.031284721548726,240.001,5.267432859971052e-08,5.267432859971052e-08,25.752725191568103,25.752725191568103,21.439626842450718,21.439626842450718
1,1,1,1,1,1,1,1,1,1,1,1,1,1,1,1,1,1,1,1,1,1,1,1,1,1,1,1,1,1,1,1,1,1,1,1,1,1,1,1,1,1,1,1,1,1,1,1,1,1,1,1,1,1,1,1,1,1,1,1,1,1,1,1,1,1,1,1,1,1,1,1,1,1,1,1,1,1,1,1,20,-17.03135431198765,240.001,5.268746766467682e-08,5.268746766467682e-08,25.751572433673022,25.751572433673022,21.42987392665689,21.42987392665689
1,1,1,1,1,1,1,1,1,1,1,1,1,1,1,1,1,1,1,1,1,1,1,1,1,1,1,1,1,1,1,1,1,1,1,1,1,1,1,1,1,1,1,1,1,1,1,1,1,1,1,1,1,1,1,1,1,1,1,1,1,1,1,1,1,1,1,1,1,1,1,1,1,1,1,1,1,1,1,1,21,-17.031418559735407,240.001,5.270064947905052e-08,5.270064947905052e-08,25.750421765666704,25.750421765666704,21.420889039599878,21.420889039599878
1,1,1,1,1,1,1,1,1,1,1,1,1,1,1,1,1,1,1,1,1,1,1,1,1,1,1,1,1,1,1,1,1,1,1,1,1,1,1,1,1,1,1,1,1,1,1,1,1,1,1,1,1,1,1,1,1,1,1,1,1,1,1,1,1,1,1,1,1,1,1,1,1,1,1,1,1,1,1,1,22,-17.031477909199882,240.001,5.271387049350654e-08,5.271387049350654e-08,25.749273038068168,25.749273038068168,21.41260553169949,21.41260553169949
1,1,1,1,1,1,1,1,1,1,1,1,1,1,1,1,1,1,1,1,1,1,1,1,1,1,1,1,1,1,1,1,1,1,1,1,1,1,1,1,1,1,1,1,1,1,1,1,1,1,1,1,1,1,1,1,1,1,1,1,1,1,1,1,1,1,1,1,1,1,1,1,1,1,1,1,1,1,1,1,23,-17.03153274094728,240.001,5.272712766992703e-08,5.272712766992703e-08,25.748126122843633,25.748126122843633,21.404966485022218,21.404966485022218
1,1,1,1,1,1,1,1,1,1,1,1,1,1,1,1,1,1,1,1,1,1,1,1,1,1,1,1,1,1,1,1,1,1,1,1,1,1,1,1,1,1,1,1,1,1,1,1,1,1,1,1,1,1,1,1,1,1,1,1,1,1,1,1,1,1,1,1,1,1,1,1,1,1,1,1,1,1,1,1,24,-17.03158338259594,240.001,5.27404183941639e-08,5.27404183941639e-08,25.746980909747634,25.746980909747634,21.397923024741065,21.397923024741065
1,1,1,1,1,1,1,1,1,1,1,1,1,1,1,1,1,1,1,1,1,1,1,1,1,1,1,1,1,1,1,1,1,1,1,1,1,1,1,1,1,1,1,1,1,1,1,1,1,1,1,1,1,1,1,1,1,1,1,1,1,1,1,1,1,1,1,1,1,1,1,1,1,1,1,1,1,1,1,1,25,-17.03163011742107,240.001,5.275374040714315e-08,5.275374040714315e-08,25.74583730343289,25.74583730343289,21.3914329894658,21.3914329894658
1,1,1,1,1,1,1,1,1,1,1,1,1,1,1,1,1,1,1,1,1,1,1,1,1,1,1,1,1,1,1,1,1,1,1,1,1,1,1,1,1,1,1,1,1,1,1,1,1,1,1,1,1,1,1,1,1,1,1,1,1,1,1,1,1,1,1,1,1,1,1,1,1,1,1,1,1,1,1,1,26,-17.031673191218133,240.001,5.276709174992101e-08,5.276709174992101e-08,25.74469522114493,25.74469522114493,21.38545987370025,21.38545987370025
1,1,1,1,1,1,1,1,1,1,1,1,1,1,1,1,1,1,1,1,1,1,1,1,1,1,1,1,1,1,1,1,1,1,1,1,1,1,1,1,1,1,1,1,1,1,1,1,1,1,1,1,1,1,1,1,1,1,1,1,1,1,1,1,1,1,1,1,1,1,1,1,1,1,1,1,1,1,1,1,27,-17.031712817824726,240.001,5.278047071948813e-08,5.278047071948813e-08,25.743554590867248,25.743554590867248,21.379971979280384,21.379971979280384
1,1,1,1,1,1,1,1,1,1,1,1,1,1,1,1,1,1,1,1,1,1,1,1,1,1,1,1,1,1,1,1,1,1,1,1,1,1,1,1,1,1,1,1,1,1,1,1,1,1,1,1,1,1,1,1,1,1,1,1,1,1,1,1,1,1,1,1,1,1,1,1,1,1,1,1,1,1,1,1,28,-17.03174918359703,240.001,5.279387583294886e-08,5.279387583294886e-08,25.74241534981763,25.74241534981763,21.374941729203535,21.374941729203535
1,1,1,1,1,1,1,1,1,1,1,1,1,1,1,1,1,1,1,1,1,1,1,1,1,1,1,1,1,1,1,1,1,1,1,1,1,1,1,1,1,1,1,1,1,1,1,1,1,1,1,1,1,1,1,1,1,1,1,1,1,1,1,1,1,1,1,1,1,1,1,1,1,1,1,1,1,1,1,1,29,-17.031782451062366,240.001,5.280730579830179e-08,5.280730579830179e-08,25.741277443221126,25.741277443221126,21.37034510905429,21.37034510905429
1,1,1,1,1,1,1,1,1,1,1,1,1,1,1,1,1,1,1,1,1,1,1,1,1,1,1,1,1,1,1,1,1,1,1,1,1,1,1,1,1,1,1,1,1,1,1,1,1,1,1,1,1,1,1,1,1,1,1,1,1,1,1,1,1,1,1,1,1,1,1,1,1,1,1,1,1,1,1,1,30,-17.03181276191571,240.001,5.2820759490475625e-08,5.2820759490475625e-08,25.740140823303435,25.740140823303435,21.36616120975562,21.36616120975562
1,1,1,1,1,1,1,1,1,1,1,1,1,1,1,1,1,1,1,1,1,1,1,1,1,1,1,1,1,1,1,1,1,1,1,1,1,1,1,1,1,1,1,1,1,1,1,1,1,1,1,1,1,1,1,1,1,1,1,1,1,1,1,1,1,1,1,1,1,1,1,1,1,1,1,1,1,1,1,1,31,-17.031840239488318,240.001,5.2834235931595086e-08,5.2834235931595086e-08,25.739005448461562,25.739005448461562,21.362371851613734,21.362371851613734
1,1,1,1,1,1,1,1,1,1,1,1,1,1,1,1,1,1,1,1,1,1,1,1,1,1,1,1,1,1,1,1,1,1,1,1,1,1,1,1,1,1,1,1,1,1,1,1,1,1,1,1,1,1,1,1,1,1,1,1,1,1,1,1,1,1,1,1,1,1,1,1,1,1,1,1,1,1,1,1,32,-17.031864990787426,240.001,5.284773427468314e-08,5.284773427468314e-08,25.737871282578602,25.737871282578602,21.35896127425134,21.35896127425134
1,1,1,1,1,1,1,1,1,1,1,1,1,1,1,1,1,1,1,1,1,1,1,1,1,1,1,1,1,1,1,1,1,1,1,1,1,1,1,1,1,1,1,1,1,1,1,1,1,1,1,1,1,1,1,1,1,1,1,1,1,1,1,1,1,1,1,1,1,1,1,1,1,1,1,1,1,1,1,1,33,-17.0318871081837,240.001,5.286125379018719e-08,5.286125379018719e-08,25.736738294456778,25.736738294456778,21.355915880494592,21.355915880494592
1,1,1,1,1,1,1,1,1,1,1,1,1,1,1,1,1,1,1,1,1,1,1,1,1,1,1,1,1,1,1,1,1,1,1,1,1,1,1,1,1,1,1,1,1,1,1,1,1,1,1,1,1,1,1,1,1,1,1,1,1,1,1,1,1,1,1,1,1,1,1,1,1,1,1,1,1,1,1,1,34,-17.031906670806404,240.001,5.2874793854847493e-08,5.2874793854847493e-08,25.735606457348755,25.735606457348755,21.35322402491355,21.35322402491355
1,1,1,1,1,1,1,1,1,1,1,1,1,1,1,1,1,1,1,1,1,1,1,1,1,1,1,1,1,1,1,1,1,1,1,1,1,1,1,1,1,1,1,1,1,1,1,1,1,1,1,1,1,1,1,1,1,1,1,1,1,1,1,1,1,1,1,1,1,1,1,1,1,1,1,1,1,1,1,1,35,-17.03192374569319,240.001,5.2888353942533715e-08,5.2888353942533715e-08,25.7344757485713,25.7344757485713,21.350875839739267,21.350875839739267
1,1,1,1,1,1,1,1,1,1,1,1,1,1,1,1,1,1,1,1,1,1,1,1,1,1,1,1,1,1,1,1,1,1,1,1,1,1,1,1,1,1,1,1,1,1,1,1,1,1,1,1,1,1,1,1,1,1,1,1,1,1,1,1,1,1,1,1,1,1,1,1,1,1,1,1,1,1,1,1,36,-17.031938388731554,240.001,5.290193361675331e-08,5.290193361675331e-08,25.733346149189007,25.733346149189007,21.348863092454057,21.348863092454057
1,1,1,1,1,1,1,1,1,1,1,1,1,1,1,1,1,1,1,1,1,1,1,1,1,1,1,1,1,1,1,1,1,1,1,1,1,1,1,1,1,1,1,1,1,1,1,1,1,1,1,1,1,1,1,1,1,1,1,1,1,1,1,1,1,1,1,1,1,1,1,1,1,1,1,1,1,1,1,1,37,-17.031950645420608,240.001,5.291553252460201e-08,5.291553252460201e-08,25.732217643758332,25.732217643758332,21.347179070591046,21.347179070591046
1,1,1,1,1,1,1,1,1,1,1,1,1,1,1,1,1,1,1,1,1,1,1,1,1,1,1,1,1,1,1,1,1,1,1,1,1,1,1,1,1,1,1,1,1,1,1,1,1,1,1,1,1,1,1,1,1,1,1,1,1,1,1,1,1,1,1,1,1,1,1,1,1,1,1,1,1,1,1,1,38,-17.031960551475926,240.001,5.2929150391975467e-08,5.2929150391975467e-08,25.73109022012438,25.73109022012438,21.345818490270542,21.345818490270542
1,1,1,1,1,1,1,1,1,1,1,1,1,1,1,1,1,1,1,1,1,1,1,1,1,1,1,1,1,1,1,1,1,1,1,1,1,1,1,1,1,1,1,1,1,1,1,1,1,1,1,1,1,1,1,1,1,1,1,1,1,1,1,1,1,1,1,1,1,1,1,1,1,1,1,1,1,1,1,1,39,-17.031968133294583,240.001,5.294278701990583e-08,5.294278701990583e-08,25.72996386926466,25.72996386926466,21.344777425808154,21.344777425808154
1,1,1,1,1,1,1,1,1,1,1,1,1,1,1,1,1,1,1,1,1,1,1,1,1,1,1,1,1,1,1,1,1,1,1,1,1,1,1,1,1,1,1,1,1,1,1,1,1,1,1,1,1,1,1,1,1,1,1,1,1,1,1,1,1,1,1,1,1,1,1,1,1,1,1,1,1,1,1,1,40,-17.031973408293368,240.001,5.295644228191939e-08,5.295644228191939e-08,25.72883858517546,25.72883858517546,21.3440532584009,21.3440532584009
1,1,1,1,1,1,1,1,1,1,1,1,1,1,1,1,1,1,1,1,1,1,1,1,1,1,1,1,1,1,1,1,1,1,1,1,1,1,1,1,1,1,1,1,1,1,1,1,1,1,1,1,1,1,1,1,1,1,1,1,1,1,1,1,1,1,1,1,1,1,1,1,1,1,1,1,1,1,1,1,41,-17.031976385129365,240.001,5.29701161223432e-08,5.29701161223432e-08,25.727714364797723,25.727714364797723,21.343644642470878,21.343644642470878
1,1,1,1,1,1,1,1,1,1,1,1,1,1,1,1,1,1,1,1,1,1,1,1,1,1,1,1,1,1,1,1,1,1,1,1,1,1,1,1,1,1,1,1,1,1,1,1,1,1,1,1,1,1,1,1,1,1,1,1,1,1,1,1,1,1,1,1,1,1,1,1,1,1,1,1,1,1,1,1,42,-17.031977063808853,240.001,5.2983808555514195e-08,5.2983808555514195e-08,25.726591207980466,25.726591207980466,21.343551488751178,21.343551488751178
1,1,1,1,1,1,1,1,1,1,1,1,1,1,1,1,1,1,1,1,1,1,1,1,1,1,1,1,1,1,1,1,1,1,1,1,1,1,1,1,1,1,1,1,1,1,1,1,1,1,1,1,1,1,1,1,1,1,1,1,1,1,1,1,1,1,1,1,1,1,1,1,1,1,1,1,1,1,1,1,43,-17.031975435687308,240.001,5.299751966586908e-08,5.299751966586908e-08,25.725469117480806,25.725469117480806,21.34377496366108,21.34377496366108
1,1,1,1,1,1,1,1,1,1,1,1,1,1,1,1,1,1,1,1,1,1,1,1,1,1,1,1,1,1,1,1,1,1,1,1,1,1,1,1,1,1,1,1,1,1,1,1,1,1,1,1,1,1,1,1,1,1,1,1,1,1,1,1,1,1,1,1,1,1,1,1,1,1,1,1,1,1,1,1,44,-17.03197148336064,240.001,5.301124960891701e-08,5.301124960891701e-08,25.72434809900049,25.72434809900049,21.34431750495878,21.34431750495878
1,1,1,1,1,1,1,1,1,1,1,1,1,1,1,1,1,1,1,1,1,1,1,1,1,1,1,1,1,1,1,1,1,1,1,1,1,1,1,1,1,1,1,1,1,1,1,1,1,1,1,1,1,1,1,1,1,1,1,1,1,1,1,1,1,1,1,1,1,1,1,1,1,1,1,1,1,1,1,1,45,-17.031965180444672,240.001,5.3024998613119187e-08,5.3024998613119187e-08,25.72322816126004,25.72322816126004,21.34518285410096,21.34518285410096
1,1,1,1,1,1,1,1,1,1,1,1,1,1,1,1,1,1,1,1,1,1,1,1,1,1,1,1,1,1,1,1,1,1,1,1,1,1,1,1,1,1,1,1,1,1,1,1,1,1,1,1,1,1,1,1,1,1,1,1,1,1,1,1,1,1,1,1,1,1,1,1,1,1,1,1,1,1,1,1,46,-17.03195649123701,240.001,5.3038766982725926e-08,5.3038766982725926e-08,25.722109316112302,25.722109316112302,21.346376106199397,21.346376106199397
1,1,1,1,1,1,1,1,1,1,1,1,1,1,1,1,1,1,1,1,1,1,1,1,1,1,1,1,1,1,1,1,1,1,1,1,1,1,1,1,1,1,1,1,1,1,1,1,1,1,1,1,1,1,1,1,1,1,1,1,1,1,1,1,1,1,1,1,1,1,1,1,1,1,1,1,1,1,1,1,47,-17.031945370252078,240.001,5.3052555101646785e-08,5.3052555101646785e-08,25.720991578698783,25.720991578698783,21.34790377896788,21.34790377896788
1,1,1,1,1,1,1,1,1,1,1,1,1,1,1,1,1,1,1,1,1,1,1,1,1,1,1,1,1,1,1,1,1,1,1,1,1,1,1,1,1,1,1,1,1,1,1,1,1,1,1,1,1,1,1,1,1,1,1,1,1,1,1,1,1,1,1,1,1,1,1,1,1,1,1,1,1,1,1,1,48,-17.031931761616445,240.001,5.306636343846101e-08,5.306636343846101e-08,25.719874967652757,25.719874967652757,21.349773902622594,21.349773902622594
1,1,1,1,1,1,1,1,1,1,1,1,1,1,1,1,1,1,1,1,1,1,1,1,1,1,1,1,1,1,1,1,1,1,1,1,1,1,1,1,1,1,1,1,1,1,1,1,1,1,1,1,1,1,1,1,1,1,1,1,1,1,1,1,1,1,1,1,1,1,1,1,1,1,1,1,1,1,1,1,49,-17.031915598307037,240.001,5.308019255271043e-08,5.308019255271043e-08,25.71875950535528,25.71875950535528,21.351996133366235,21.351996133366235
1,1,1,1,1,1,1,1,1,1,1,1,1,1,1,1,1,1,1,1,1,1,1,1,1,1,1,1,1,1,1,1,1,1,1,1,1,1,1,1,1,1,1,1,1,1,1,1,1,1,1,1,1,1,1,1,1,1,1,1,1,1,1,1,1,1,1,1,1,1,1,1,1,1,1,1,1,1,1,1,50,-17.031896801209914,240.001,5.3094043102660184e-08,5.3094043102660184e-08,25.71764521825142,25.71764521825142,21.35458189388696,21.35458189388696
1,1,1,1,1,1,1,1,1,1,1,1,1,1,1,1,1,1,1,1,1,1,1,1,1,1,1,1,1,1,1,1,1,1,1,1,1,1,1,1,1,1,1,1,1,1,1,1,1,1,1,1,1,1,1,1,1,1,1,1,1,1,1,1,1,1,1,1,1,1,1,1,1,1,1,1,1,1,1,1,51,-17.031875277970535,240.001,5.31079158547644e-08,5.31079158547644e-08,25.716532137236587,25.716532137236587,21.3575445452873,21.3575445452873
1,1,1,1,1,1,1,1,1,1,1,1,1,1,1,1,1,1,1,1,1,1,1,1,1,1,1,1,1,1,1,1,1,1,1,1,1,1,1,1,1,1,1,1,1,1,1,1,1,1,1,1,1,1,1,1,1,1,1,1,1,1,1,1,1,1,1,1,1,1,1,1,1,1,1,1,1,1,1,1,52,-17.031850921598785,240.001,5.3121811695139386e-08,5.3121811695139386e-08,25.71542029812523,25.71542029812523,21.360899596086867,21.360899596086867
1,1,1,1,1,1,1,1,1,1,1,1,1,1,1,1,1,1,1,1,1,1,1,1,1,1,1,1,1,1,1,1,1,1,1,1,1,1,1,1,1,1,1,1,1,1,1,1,1,1,1,1,1,1,1,1,1,1,1,1,1,1,1,1,1,1,1,1,1,1,1,1,1,1,1,1,1,1,1,1,53,-17.031823608781664,240.001,5.3135731643431006e-08,5.3135731643431006e-08,25.71430974221773,25.71430974221773,21.36466495550243,21.36466495550243
1,1,1,1,1,1,1,1,1,1,1,1,1,1,1,1,1,1,1,1,1,1,1,1,1,1,1,1,1,1,1,1,1,1,1,1,1,1,1,1,1,1,1,1,1,1,1,1,1,1,1,1,1,1,1,1,1,1,1,1,1,1,1,1,1,1,1,1,1,1,1,1,1,1,1,1,1,1,1,1,54,-17.03179319784382,240.001,5.3149676869565683e-08,5.3149676869565683e-08,25.71320051698563,25.71320051698563,21.36886124021438,21.36886124021438
1,1,1,1,1,1,1,1,1,1,1,1,1,1,1,1,1,1,1,1,1,1,1,1,1,1,1,1,1,1,1,1,1,1,1,1,1,1,1,1,1,1,1,1,1,1,1,1,1,1,1,1,1,1,1,1,1,1,1,1,1,1,1,1,1,1,1,1,1,1,1,1,1,1,1,1,1,1,1,1,55,-17.031759526279128,240.001,5.316364871401652e-08,5.316364871401652e-08,25.712092676900934,25.712092676900934,21.373512146439264,21.373512146439264
1,1,1,1,1,1,1,1,1,1,1,1,1,1,1,1,1,1,1,1,1,1,1,1,1,1,1,1,1,1,1,1,1,1,1,1,1,1,1,1,1,1,1,1,1,1,1,1,1,1,1,1,1,1,1,1,1,1,1,1,1,1,1,1,1,1,1,1,1,1,1,1,1,1,1,1,1,1,1,1,56,-17.03172240775445,240.001,5.317764871239399e-08,5.317764871239399e-08,25.710986284442715,25.710986284442715,21.37864490256712,21.37864490256712
1,1,1,1,1,1,1,1,1,1,1,1,1,1,1,1,1,1,1,1,1,1,1,1,1,1,1,1,1,1,1,1,1,1,1,1,1,1,1,1,1,1,1,1,1,1,1,1,1,1,1,1,1,1,1,1,1,1,1,1,1,1,1,1,1,1,1,1,1,1,1,1,1,1,1,1,1,1,1,1,57,-17.031681628457427,240.001,5.3191678625412515e-08,5.3191678625412515e-08,25.709881411324073,25.709881411324073,21.384290822206165,21.384290822206165
1,1,1,1,1,1,1,1,1,1,1,1,1,1,1,1,1,1,1,1,1,1,1,1,1,1,1,1,1,1,1,1,1,1,1,1,1,1,1,1,1,1,1,1,1,1,1,1,1,1,1,1,1,1,1,1,1,1,1,1,1,1,1,1,1,1,1,1,1,1,1,1,1,1,1,1,1,1,1,1,58,-17.03163694262042,240.001,5.320574047560925e-08,5.320574047560925e-08,25.70877813999578,25.70877813999578,21.390485983660092,21.390485983660092
1,1,1,1,1,1,1,1,1,1,1,1,1,1,1,1,1,1,1,1,1,1,1,1,1,1,1,1,1,1,1,1,1,1,1,1,1,1,1,1,1,1,1,1,1,1,1,1,1,1,1,1,1,1,1,1,1,1,1,1,1,1,1,1,1,1,1,1,1,1,1,1,1,1,1,1,1,1,1,1,59,-17.031588066999067,240.001,5.321983659263057e-08,5.321983659263057e-08,25.70767656550108,25.70767656550108,21.397272070307704,21.397272070307704
1,1,1,1,1,1,1,1,1,1,1,1,1,1,1,1,1,1,1,1,1,1,1,1,1,1,1,1,1,1,1,1,1,1,1,1,1,1,1,1,1,1,1,1,1,1,1,1,1,1,1,1,1,1,1,1,1,1,1,1,1,1,1,1,1,1,1,1,1,1,1,1,1,1,1,1,1,1,1,1,60,-17.031534674009535,240.001,5.323396966951348e-08,5.323396966951348e-08,25.70657679778098,25.70657679778098,21.40469741804111,21.40469741804111
1,1,1,1,1,1,1,1,1,1,1,1,1,1,1,1,1,1,1,1,1,1,1,1,1,1,1,1,1,1,1,1,1,1,1,1,1,1,1,1,1,1,1,1,1,1,1,1,1,1,1,1,1,1,1,1,1,1,1,1,1,1,1,1,1,1,1,1,1,1,1,1,1,1,1,1,1,1,1,1,61,-17.0314763831245,240.001,5.3248142833238566e-08,5.3248142833238566e-08,25.705478964564307,25.705478964564307,21.412818332322402,21.412818332322402
1,1,1,1,1,1,1,1,1,1,1,1,1,1,1,1,1,1,1,1,1,1,1,1,1,1,1,1,1,1,1,1,1,1,1,1,1,1,1,1,1,1,1,1,1,1,1,1,1,1,1,1,1,1,1,1,1,1,1,1,1,1,1,1,1,1,1,1,1,1,1,1,1,1,1,1,1,1,1,1,62,-17.03141274998021,240.001,5.326235973404552e-08,5.326235973404552e-08,25.7043832150265,25.7043832150265,21.42170076079807,21.42170076079807
1,1,1,1,1,1,1,1,1,1,1,1,1,1,1,1,1,1,1,1,1,1,1,1,1,1,1,1,1,1,1,1,1,1,1,1,1,1,1,1,1,1,1,1,1,1,1,1,1,1,1,1,1,1,1,1,1,1,1,1,1,1,1,1,1,1,1,1,1,1,1,1,1,1,1,1,1,1,1,1,63,-17.031343252433498,240.001,5.3276624659749086e-08,5.3276624659749086e-08,25.703289724472643,25.703289724472643,21.431422441290188,21.431422441290188
1,1,1,1,1,1,1,1,1,1,1,1,1,1,1,1,1,1,1,1,1,1,1,1,1,1,1,1,1,1,1,1,1,1,1,1,1,1,1,1,1,1,1,1,1,1,1,1,1,1,1,1,1,1,1,1,1,1,1,1,1,1,1,1,1,1,1,1,1,1,1,1,1,1,1,1,1,1,1,1,64,-17.031267272493704,240.001,5.3290942683867315e-08,5.3290942683867315e-08,25.702198700405738,25.702198700405738,21.442075694982453,21.442075694982453
1,1,1,1,1,1,1,1,1,1,1,1,1,1,1,1,1,1,1,1,1,1,1,1,1,1,1,1,1,1,1,1,1,1,1,1,1,1,1,1,1,1,1,1,1,1,1,1,1,1,1,1,1,1,1,1,1,1,1,1,1,1,1,1,1,1,1,1,1,1,1,1,1,1,1,1,1,1,1,1,65,-17.031184072583482,240.001,5.3305319860235285e-08,5.3305319860235285e-08,25.701110390499235,25.701110390499235,21.453771109902373,21.453771109902373
1,1,1,1,1,1,1,1,1,1,1,1,1,1,1,1,1,1,1,1,1,1,1,1,1,1,1,1,1,1,1,1,1,1,1,1,1,1,1,1,1,1,1,1,1,1,1,1,1,1,1,1,1,1,1,1,1,1,1,1,1,1,1,1,1,1,1,1,1,1,1,1,1,1,1,1,1,1,1,1,66,-17.03109276386006,240.001,5.3319763482697293e-08,5.3319763482697293e-08,25.700025093235467,25.700025093235467,21.466642475706944,21.466642475706944
1,1,1,1,1,1,1,1,1,1,1,1,1,1,1,1,1,1,1,1,1,1,1,1,1,1,1,1,1,1,1,1,1,1,1,1,1,1,1,1,1,1,1,1,1,1,1,1,1,1,1,1,1,1,1,1,1,1,1,1,1,1,1,1,1,1,1,1,1,1,1,1,1,1,1,1,1,1,1,1,67,-17.03099226319308,240.001,5.333428243777862e-08,5.333428243777862e-08,25.698943172352593,25.698943172352593,21.480853513717243,21.480853513717243
1,1,1,1,1,1,1,1,1,1,1,1,1,1,1,1,1,1,1,1,1,1,1,1,1,1,1,1,1,1,1,1,1,1,1,1,1,1,1,1,1,1,1,1,1,1,1,1,1,1,1,1,1,1,1,1,1,1,1,1,1,1,1,1,1,1,1,1,1,1,1,1,1,1,1,1,1,1,1,1,68,-17.030881233559814,240.001,5.334888769328111e-08,5.334888769328111e-08,25.697865076858932,25.697865076858932,21.496607243065178,21.496607243065178
1,1,1,1,1,1,1,1,1,1,1,1,1,1,1,1,1,1,1,1,1,1,1,1,1,1,1,1,1,1,1,1,1,1,1,1,1,1,1,1,1,1,1,1,1,1,1,1,1,1,1,1,1,1,1,1,1,1,1,1,1,1,1,1,1,1,1,1,1,1,1,1,1,1,1,1,1,1,1,1,69,-17.030757999558507,240.001,5.336359299083036e-08,5.336359299083036e-08,25.696791369400373,25.696791369400373,21.51415932122726,21.51415932122726
1,1,1,1,1,1,1,1,1,1,1,1,1,1,1,1,1,1,1,1,1,1,1,1,1,1,1,1,1,1,1,1,1,1,1,1,1,1,1,1,1,1,1,1,1,1,1,1,1,1,1,1,1,1,1,1,1,1,1,1,1,1,1,1,1,1,1,1,1,1,1,1,1,1,1,1,1,1,1,1,70,-17.030620424451563,240.001,5.337841585375651e-08,5.337841585375651e-08,25.695722767541767,25.695722767541767,21.533837561221866,21.533837561221866
1,1,1,1,1,1,1,1,1,1,1,1,1,1,1,1,1,1,1,1,1,1,1,1,1,1,1,1,1,1,1,1,1,1,1,1,1,1,1,1,1,1,1,1,1,1,1,1,1,1,1,1,1,1,1,1,1,1,1,1,1,1,1,1,1,1,1,1,1,1,1,1,1,1,1,1,1,1,1,1,71,-17.030465725622392,240.001,5.3393379099793285e-08,5.3393379099793285e-08,25.69466020572069,25.69466020572069,21.556071392604053,21.556071392604053
1,1,1,1,1,1,1,1,1,1,1,1,1,1,1,1,1,1,1,1,1,1,1,1,1,1,1,1,1,1,1,1,1,1,1,1,1,1,1,1,1,1,1,1,1,1,1,1,1,1,1,1,1,1,1,1,1,1,1,1,1,1,1,1,1,1,1,1,1,1,1,1,1,1,1,1,1,1,1,1,72,-17.03029018731559,240.001,5.340851319574969e-08,5.340851319574969e-08,25.693604931676663,25.693604931676663,21.58143800970145,21.58143800970145
1,1,1,1,1,1,1,1,1,1,1,1,1,1,1,1,1,1,1,1,1,1,1,1,1,1,1,1,1,1,1,1,1,1,1,1,1,1,1,1,1,1,1,1,1,1,1,1,1,1,1,1,1,1,1,1,1,1,1,1,1,1,1,1,1,1,1,1,1,1,1,1,1,1,1,1,1,1,1,1,73,-17.03008869345681,240.001,5.342386008702884e-08,5.342386008702884e-08,25.69255866326302,25.69255866326302,21.610737949799045,21.610737949799045
1,1,1,1,1,1,1,1,1,1,1,1,1,1,1,1,1,1,1,1,1,1,1,1,1,1,1,1,1,1,1,1,1,1,1,1,1,1,1,1,1,1,1,1,1,1,1,1,1,1,1,1,1,1,1,1,1,1,1,1,1,1,1,1,1,1,1,1,1,1,1,1,1,1,1,1,1,1,1,1,74,-17.02985392592179,240.001,5.343947976961799e-08,5.343947976961799e-08,25.691523857525315,25.691523857525315,21.64512581572594,21.64512581572594
1,1,1,1,1,1,1,1,1,1,1,1,1,1,1,1,1,1,1,1,1,1,1,1,1,1,1,1,1,1,1,1,1,1,1,1,1,1,1,1,1,1,1,1,1,1,1,1,1,1,1,1,1,1,1,1,1,1,1,1,1,1,1,1,1,1,1,1,1,1,1,1,1,1,1,1,1,1,1,1,75,-17.029574892555175,240.001,5.345546235666528e-08,5.345546235666528e-08,25.69050420467258,25.69050420467258,21.686352448285767,21.686352448285767
1,1,1,1,1,1,1,1,1,1,1,1,1,1,1,1,1,1,1,1,1,1,1,1,1,1,1,1,1,1,1,1,1,1,1,1,1,1,1,1,1,1,1,1,1,1,1,1,1,1,1,1,1,1,1,1,1,1,1,1,1,1,1,1,1,1,1,1,1,1,1,1,1,1,1,1,1,1,1,1,76,-17.029233976937714,240.001,5.347195226417851e-08,5.347195226417851e-08,25.689505617988914,25.689505617988914,21.73725543305676,21.73725543305676
1,1,1,1,1,1,1,1,1,1,1,1,1,1,1,1,1,1,1,1,1,1,1,1,1,1,1,1,1,1,1,1,1,1,1,1,1,1,1,1,1,1,1,1,1,1,1,1,1,1,1,1,1,1,1,1,1,1,1,1,1,1,1,1,1,1,1,1,1,1,1,1,1,1,1,1,1,1,1,1,77,-17.028800277921206,240.001,5.34892028166587e-08,5.34892028166587e-08,25.688538468293345,25.688538468293345,21.802880660722174,21.802880660722174
1,1,1,1,1,1,1,1,1,1,1,1,1,1,1,1,1,1,1,1,1,1,1,1,1,1,1,1,1,1,1,1,1,1,1,1,1,1,1,1,1,1,1,1,1,1,1,1,1,1,1,1,1,1,1,1,1,1,1,1,1,1,1,1,1,1,1,1,1,1,1,1,1,1,1,1,1,1,1,1,78,-17.028211741103448,240.001,5.350772275742041e-08,5.350772275742041e-08,25.687623577210694,25.687623577210694,21.893540598222657,21.893540598222657
1,1,1,1,1,1,1,1,1,1,1,1,1,1,1,1,1,1,1,1,1,1,1,1,1,1,1,1,1,1,1,1,1,1,1,1,1,1,1,1,1,1,1,1,1,1,1,1,1,1,1,1,1,1,1,1,1,1,1,1,1,1,1,1,1,1,1,1,1,1,1,1,1,1,1,1,1,1,1,1,79,-17.027311793852476,240.001,5.35287958935082e-08,5.35287958935082e-08,25.686813463829473,25.686813463829473,22.03591255131142,22.03591255131142
1,1,1,1,1,1,1,1,1,1,1,1,1,1,1,1,1,1,1,1,1,1,1,1,1,1,1,1,1,1,1,1,1,1,1,1,1,1,1,1,1,1,1,1,1,1,1,1,1,1,1,1,1,1,1,1,1,1,1,1,1,1,1,1,1,1,1,1,1,1,1,1,1,1,1,1,1,1,1,1,80,-17.025451860193034,240.001,5.355774211498874e-08,5.355774211498874e-08,25.68632554223075,25.68632554223075,22.3457283787204,22.3457283787204
